# NaN NaN NaN ;Mean Elev.(m), Avg Gradient(m/km), RMS Gradient(m/km) - SRTM1     
#  -18.224  -0.588   3.506 ;Mean Elev.(m), Avg Gradient(m/km), RMS Gradient(m/km) - ASTER GDEM
#  -14.544  -0.818   2.738 ;Mean Elev.(m), Avg Gradient(m/km), RMS Gradient(m/km) - GMTED2010 
  9   -15.470 52513.76415425 30.96  45.214661  48.455145 12.827
  9   -15.177 52513.76415490 34.67  45.213311  48.458385 12.827
 11   -13.469 52583.76419170 44.08  45.206429  48.453949 18.590
 11   -12.967 52583.76419235 28.90  45.205079  48.457189 18.590
 12   -12.037 52618.76416788 42.74  45.204637  48.454446 15.196
 12   -11.912 52618.76416852 51.38  45.203287  48.457686 15.196
 13   -10.249 52653.76414687 24.89  45.207806  48.454286  4.186
 13   -10.335 52653.76414751 25.80  45.206456  48.457526  4.186
 13   -10.216 52653.76414816 26.23  45.205106  48.460766  4.186
 14   -11.211 52688.76414470 25.71  45.209772  48.452855  4.694
 14   -11.067 52688.76414534 25.16  45.208422  48.456095  4.694
 14   -10.955 52688.76414599 25.64  45.207072  48.459335  4.694
 18   -12.708 52828.76423229 39.16  45.201465  48.454169 25.941
 18   -12.896 52828.76423294 28.43  45.200115  48.457419 25.941
 19   -12.727 52863.76427705 23.65  45.205393  48.454709 20.191
 19   -12.373 52863.76427770 17.98  45.204043  48.457959 20.191
 21   -12.834 52933.76425062 28.23  45.206807  48.452685 20.761
 21   -12.502 52933.76425127 18.30  45.205457  48.455925 20.761
 21   -12.679 52933.76425191 19.85  45.204107  48.459175 20.761
 24   -10.924 53038.76423263 40.88  45.204487  48.454979 13.005
 24   -10.874 53038.76423328 43.65  45.203137  48.458229 13.005
 25   -12.873 53073.76426114 48.00  45.201620  48.453314 21.210
 25   -12.599 53073.76426178 50.94  45.200270  48.456564 21.210
 26   -11.637 53108.76423274 49.23  45.206181  48.455002 15.656
 26   -11.367 53108.76423338 51.99  45.204831  48.458252 15.656
 28   -12.426 53178.76428982 49.03  45.204278  48.454782 25.187
 28   -12.792 53178.76429046 27.43  45.202928  48.458032 25.187
 30   -10.843 53248.76428029 17.91  45.207122  48.455095 23.178
 30   -12.806 53248.76428093 22.27  45.205772  48.458345 23.178
 35    -8.840 53423.76423340 27.97  45.209654  48.455096 20.098
 35    -9.173 53423.76423405 26.62  45.208304  48.458336 20.098
 36   -11.624 53458.76423852 41.44  45.201563  48.453670 18.560
 36   -11.501 53458.76423916 46.48  45.200213  48.456910 18.560
 38    -7.758 53528.76430064 41.95  45.209075  48.452789 27.509
 38    -7.817 53528.76430128 48.88  45.207725  48.456029 27.509
 38    -7.705 53528.76430193 47.51  45.206375  48.459279 27.509
 43   -12.961 53703.76423038 18.38  45.211260  48.453509 15.832
 43   -13.106 53703.76423103 19.53  45.209910  48.456749 15.832
 44   -13.012 53738.76413946 41.83  45.218653  48.453507 17.930
 44   -12.880 53738.76414011 43.99  45.217303  48.456747 17.930
 45   -10.829 53773.76415605 15.82  45.206631  48.452802  5.362
 45   -11.002 53773.76415669 17.76  45.205291  48.456042  5.362
 45   -10.959 53773.76415734 18.50  45.203941  48.459282  5.362
 46   -11.701 53808.76414176 27.42  45.212306  48.454957  9.547
 46   -11.720 53808.76414241 25.10  45.210956  48.458197  9.547
 51   -12.950 53983.76421864 21.24  45.206363  48.455248 15.209
 51   -12.876 53983.76421929 20.74  45.205013  48.458488 15.209
 53   -12.667 54053.76424210 17.58  45.210372  48.455268 11.709
 53   -12.529 54053.76424275 19.09  45.209022  48.458508 11.709
 54   -11.613 54088.76423366 48.95  45.207655  48.454635 18.581
 54   -10.609 54088.76423431 50.76  45.206305  48.457875 18.581
 54   -11.538 54088.76423495 48.74  45.204955  48.461125 18.581
 59    -8.239 54263.76422902 48.31  45.202299  48.453558 35.974
 59    -8.554 54263.76422966 49.08  45.200959  48.456798 35.974
 60   -11.895 54298.76423288 30.81  45.203865  48.453516 18.760
 60   -12.197 54298.76423352 29.70  45.202515  48.456756 18.760
 61   -12.380 54333.76422303 21.85  45.207404  48.453788 22.744
 61   -12.668 54333.76422367 23.02  45.206064  48.457028 22.744
 61   -12.666 54333.76422432 24.91  45.204714  48.460268 22.744
 63   -13.195 54403.76416641 22.33  45.205400  48.452903 23.149
 63   -13.344 54403.76416705 22.74  45.204050  48.456143 23.149
 69    -8.762 54613.76415742 43.98  45.205097  48.452918 17.882
 69    -8.349 54613.76415807 40.06  45.203757  48.456158 17.882
 70   -12.694 54648.76416590 47.72  45.200296  48.454162 23.065
 70   -12.747 54648.76416654 49.76  45.198946  48.457402 23.065
 71   -12.396 54683.76416431 42.64  45.206049  48.453254 19.933
 71   -12.380 54683.76416496 46.97  45.204709  48.456494 19.933
 75   -11.582 54823.76413309 26.38  45.200443  48.455298 12.427
 75   -11.168 54823.76413373 22.22  45.199103  48.458538 12.427
 81   -13.029 55033.76414347 37.07  45.200325  48.454638 24.876
 81   -13.123 55033.76414412 29.10  45.198975  48.457878 24.876
 82   -12.977 55068.76413196 32.14  45.207501  48.453798 13.995
 82   -12.878 55068.76413260 30.37  45.206161  48.457038 13.995
 82   -12.299 55068.76413325 31.22  45.204811  48.460278 13.995
 88   -10.762 55278.76406737 44.57  45.205548  48.452689 18.952
 88   -10.724 55278.76406801 46.40  45.204208  48.455929 18.952
 89   -10.938 55313.76403156 38.93  45.201018  48.454410 15.348
 89   -11.444 55313.76403220 33.99  45.199668  48.457660 15.348
 90    -8.544 55348.76403829 35.41  45.206031  48.452960 18.975
 90    -8.702 55348.76403893 37.74  45.204681  48.456200 18.975
 93   -13.318 55453.76403674 28.70  45.208206  48.454246 20.787
 93   -13.313 55453.76403738 26.91  45.206866  48.457486 20.787
 93   -13.731 55453.76403803 25.64  45.205516  48.460726 20.787
 94   -13.617 55488.76395675 20.83  45.213234  48.453566 15.958
 94   -13.712 55488.76395739 21.37  45.211894  48.456806 15.958
