# NaN NaN NaN ;Mean Elev.(m), Avg Gradient(m/km), RMS Gradient(m/km) - SRTM1     
#    6.082  -2.260   2.972 ;Mean Elev.(m), Avg Gradient(m/km), RMS Gradient(m/km) - ASTER GDEM
#    8.294  -1.810   2.119 ;Mean Elev.(m), Avg Gradient(m/km), RMS Gradient(m/km) - GMTED2010 
  7  45.342408  49.817841    15.449    15.179 37 52459.76246011 18.940
  9  45.347509  49.779962    17.976    15.273 26 52529.76242671 10.939
 10  45.342908  49.821807    19.451    15.459 38 52564.76245340 16.157
 11  45.349504  49.788041    14.982    15.019 26 52599.76247533 29.876
 12  45.348466  49.781763    15.177    15.149 26 52634.76242940 28.422
 13  45.342971  49.808359    22.629    24.225 36 52669.76244517 20.488
 14  45.343007  49.807777    14.994    14.943 36 52704.76243254  9.861
 15  45.340085  49.820338    15.838    15.406 33 52739.76247077 28.180
 16  45.342077  49.839466    14.827    14.822 39 52774.76242297 30.967
 17  45.347875  49.779029    15.517    14.707 27 52809.76248490 16.322
 18  45.348333  49.783598    15.248    15.330 26 52844.76254217 16.636
 19  45.349105  49.788078    15.025    14.982 26 52879.76258071 24.369
 20  45.341034  49.837253    15.071    15.068 39 52914.76254782 23.236
 21  45.347432  49.791813    13.938    13.595 22 52949.76249831 20.417
 22  45.343710  49.818006    14.838    14.731 37 52984.76252928 17.877
 23  45.342508  49.824909    15.335    15.333 39 53019.76252193 34.427
 24  45.342314  49.812871    15.077    15.077 36 53054.76250543 30.182
 25  45.347496  49.794955    15.973    15.203 29 53089.76253925 17.583
 26  45.349159  49.788477    14.684    14.600 26 53124.76250842 18.784
 27  45.346980  49.782381    14.181    14.189 25 53159.76256738 19.478
 28  45.343148  49.818011    21.582    23.565 36 53194.76256995 12.039
 29  45.341980  49.828219    14.636    14.755 39 53229.76256157 17.794
 30  45.342795  49.825361    14.956    14.959 39 53264.76253228 38.413
 32  45.342088  49.813737   -74.776   -74.798 37 53334.76254654 12.829
 33  45.340749  49.839054    14.842    14.848 39 53369.76249124 34.058
 34  45.346402  49.798476    14.920    14.930 30 53404.76251609 37.658
 35  45.339868  49.834300    15.167    15.172 39 53439.76251047 25.462
 36  45.348276  49.780718    15.271    14.958 26 53474.76256211 15.510
 37  45.342203  49.810438    15.334    15.326 37 53509.76258578 26.910
 38  45.349766  49.788980    17.084    14.980 27 53544.76259706 16.276
 39  45.342752  49.817757    15.132    14.958 37 53579.76258063 18.191
 40  45.342962  49.820221    14.907    14.874 38 53614.76253520 17.390
 41  45.343688  49.805349    15.254    15.095 34 53649.76254102 17.696
 42  45.348755  49.788708    14.905    14.838 24 53684.76254962 16.546
 43  45.339853  49.839800    14.815    14.858 38 53719.76248598 20.594
 44  45.342467  49.816687    14.683    14.688 37 53754.76240499 32.801
 45  45.342605  49.825544    14.719    14.705 38 53789.76243666 20.213
 46  45.350124  49.785901    15.196    15.199 26 53824.76238507 29.588
 47  45.348768  49.782236    15.048    15.129 27 53859.76247788 37.739
 48  45.338169  49.822219    12.124    13.201 31 53894.76250311 20.755
 49  45.347177  49.778622    14.638    14.662 27 53929.76254928 27.266
 50  45.349397  49.788640    16.419    15.010 26 53964.76253000 19.707
 51  45.348092  49.781282    14.646    14.622 27 53999.76248356 16.868
 52  45.342158  49.812800    14.910    14.798 37 54034.76253422 22.490
 53  45.342725  49.817575    14.717    14.888 36 54069.76252903 18.966
 54  45.339933  49.833797    15.300    15.298 39 54104.76248740 49.524
 55  45.349356  49.787219    15.066    15.115 26 54139.76245471 39.098
 56  45.343502  49.818147    14.545    14.535 37 54174.76246384 35.423
 57  45.349696  49.784385    15.208    14.990 26 54209.76246048 15.530
 58  45.342493  49.810246    14.700    14.690 37 54244.76249657 27.086
 59  45.342034  49.812119    15.095    15.099 36 54279.76250860 28.871
 60  45.343222  49.817677    14.044    14.475 37 54314.76250900 22.564
 61  45.340468  49.830000    15.386    14.839 36 54349.76248057 15.155
 62  45.342794  49.808001    14.932    14.921 36 54384.76244552 20.880
 63  45.342660  49.820667    14.263    14.457 37 54419.76242825 18.879
 64  45.348932  49.784249    15.169    15.190 26 54454.76241234 28.315
 65  45.343686  49.817621    14.681    14.700 37 54489.76242750 21.539
 66  45.341919  49.811352    15.065    15.052 36 54524.76243050 32.302
 67  45.342714  49.820955    14.829    14.608 37 54559.76243736 13.862
 68  45.342140  49.811560    15.272    15.181 36 54594.76242681 22.841
 69  45.342349  49.811675    14.636    14.605 36 54629.76244094 31.438
 70  45.348159  49.793599    14.045    14.421 29 54664.76244418 22.246
 71  45.339798  49.834588    15.006    15.039 39 54699.76242327 27.779
 72  45.349220  49.785365    14.345    14.808 26 54734.76240118 16.658
 73  45.343200  49.817501    15.291    14.866 37 54769.76239980 16.720
 74  45.348955  49.784430    25.577    27.057 26 54804.76239468 16.639
 75  45.342686  49.814119    14.962    14.940 36 54839.76239392 36.696
 76  45.349839  49.788020    15.093    15.112 26 54874.76239563 24.174
 77  45.342791  49.821051    15.201    15.187 37 54909.76240111 26.646
 78  45.349422  49.784366    15.325    15.348 26 54944.76238797 22.111
 79  45.342038  49.811463    14.185    14.144 36 54979.76241997 23.051
 80  45.342418  49.812723    14.730    14.855 36 55014.76242357 24.604
 81  45.342027  49.815358    14.562    14.770 36 55049.76241801 16.414
 82  45.339406  49.834947    18.627    15.011 39 55084.76238927 15.465
 83  45.348427  49.792620    14.756    14.819 28 55119.76234576 28.528
 84  45.342778  49.816063    14.350    14.542 36 55154.76234481 19.158
 85  45.348953  49.785212    14.637    14.660 26 55189.76233384 18.459
 86  45.342456  49.816244    14.408    14.399 37 55224.76234467 20.890
 87  45.341966  49.813213    15.029    14.975 37 55259.76233485 15.296
 88  45.342878  49.823050    15.184    14.931 38 55294.76233239 31.272
 89  45.346854  49.797443    14.766    14.742 31 55329.76231408 24.790
 90  45.342118  49.820908    12.924    13.797 35 55364.76231249 16.350
 91  45.349454  49.785366    14.462    14.395 26 55399.76231663 26.535
 92  45.342964  49.818065    14.400    14.199 37 55434.76232862 15.443
 93  45.340182  49.837259    13.296    13.954 38 55469.76228658 17.020
