# NaN NaN NaN ;Mean Elev.(m), Avg Gradient(m/km), RMS Gradient(m/km) - SRTM1     
#    4.004  -1.606  10.536 ;Mean Elev.(m), Avg Gradient(m/km), RMS Gradient(m/km) - ASTER GDEM
#    8.381  -1.172  10.088 ;Mean Elev.(m), Avg Gradient(m/km), RMS Gradient(m/km) - GMTED2010 
  8    15.072 52499.31856411 16.77  45.808824  50.562222  3.611
  8    14.961 52499.31856475 16.65  45.807374  50.558992  3.611
  8    14.702 52499.31856540 17.77  45.805924  50.555762  3.611
  8    14.562 52499.31856604 16.83  45.804474  50.552532  3.611
  8    14.136 52499.31856669 17.87  45.803024  50.549292  3.611
  8    14.499 52499.31856733 16.70  45.801584  50.546062  3.611
  8    14.427 52499.31856798 15.93  45.800134  50.542832  3.611
  8    14.517 52499.31856862 15.50  45.798684  50.539602  3.611
  8    14.391 52499.31856927 15.91  45.797234  50.536362  3.611
  8    14.533 52499.31856991 15.10  45.795784  50.533132  3.611
  8    14.512 52499.31857056 14.90  45.794344  50.529902  3.611
  8    14.626 52499.31857120 14.79  45.792894  50.526672  3.611
  8    14.696 52499.31857184 14.74  45.791444  50.523432  3.611
  8    14.693 52499.31857249 15.21  45.789994  50.520202  3.611
  8    14.703 52499.31857313 14.31  45.788550  50.516968  2.843
  8    14.859 52499.31857378 13.99  45.787100  50.513738  2.843
  8    14.816 52499.31857442 14.19  45.785660  50.510508  2.843
  8    14.766 52499.31857507 13.22  45.784210  50.507268  2.843
 11    15.011 52604.31856473 13.46  45.806155  50.563064  2.675
 11    15.075 52604.31856538 14.36  45.804715  50.559834  2.675
 11    15.091 52604.31856602 15.42  45.803265  50.556604  2.675
 11    15.046 52604.31856667 15.79  45.801815  50.553364  2.675
 11    15.018 52604.31856731 16.41  45.800365  50.550134  2.675
 11    14.922 52604.31856796 16.31  45.798915  50.546904  2.675
 11    14.647 52604.31856860 18.28  45.797465  50.543674  2.675
 11    14.800 52604.31856925 17.32  45.796015  50.540434  2.675
 11    14.892 52604.31856989 17.46  45.794575  50.537204  2.675
 11    14.873 52604.31857053 17.37  45.793124  50.533973  4.278
 11    14.987 52604.31857118 17.59  45.791674  50.530743  4.278
 11    15.128 52604.31857182 17.11  45.790224  50.527513  4.278
 11    15.076 52604.31857247 17.39  45.788784  50.524273  4.278
 11    15.046 52604.31857311 16.82  45.787334  50.521043  4.278
 11    15.067 52604.31857376 17.16  45.785884  50.517813  4.278
 11    15.187 52604.31857440 17.11  45.784434  50.514573  4.278
 11    15.266 52604.31857505 17.80  45.782994  50.511343  4.278
 11    15.255 52604.31857569 18.95  45.781544  50.508113  4.278
 12    15.538 52639.31854747 47.55  45.810743  50.551059 20.058
 12    15.551 52639.31854812 47.52  45.809293  50.547819 20.058
 12    16.116 52639.31854876 45.51  45.807843  50.544589 20.058
 12    16.261 52639.31854941 45.12  45.806393  50.541359 20.058
 12    16.292 52639.31855005 44.40  45.804943  50.538129 20.058
 12    16.630 52639.31855069 45.18  45.803493  50.534889 20.058
 12    16.275 52639.31855134 42.86  45.802043  50.531659 20.058
 12    16.346 52639.31855198 43.48  45.800593  50.528429 20.058
 12    16.427 52639.31855263 44.44  45.799143  50.525199 20.058
 12    16.104 52639.31855327 43.56  45.797703  50.521959 20.058
 12    16.427 52639.31855392 44.63  45.796253  50.518729 20.058
 13    36.449 52674.31854170 11.77  45.808113  50.561241  4.802
 13    14.752 52674.31854492 18.73  45.800863  50.545081  4.802
 13    15.112 52674.31854557 19.07  45.799412  50.541850  3.466
 13    15.350 52674.31854621 19.31  45.797972  50.538620  3.466
 13    15.450 52674.31854686 19.16  45.796522  50.535390  3.466
 13    15.687 52674.31854750 19.46  45.795072  50.532150  3.466
 13    15.424 52674.31854815 19.58  45.793622  50.528920  3.466
 13    15.515 52674.31854879 19.57  45.792172  50.525690  3.466
 13    15.443 52674.31854944 20.46  45.790732  50.522460  3.466
 13    15.492 52674.31855008 20.24  45.789282  50.519220  3.466
 13    15.452 52674.31855073 19.58  45.787832  50.515990  3.466
 13    15.556 52674.31855137 19.04  45.786382  50.512760  3.466
 13    15.622 52674.31855202 18.59  45.784942  50.509520  3.466
 13    15.294 52674.31855266 17.80  45.783492  50.506290  3.466
 14    49.452 52709.31855640  4.36  45.814860  50.560237  3.397
 14    50.272 52709.31855705  3.19  45.813407  50.557011  2.637
 14    40.928 52709.31855769  5.09  45.811957  50.553781  2.637
 14    28.070 52709.31855834  8.57  45.810507  50.550541  2.637
 14    47.342 52709.31855898  3.79  45.809057  50.547311  2.637
 14    25.713 52709.31855963  7.12  45.807607  50.544081  2.637
 14    41.422 52709.31856156  2.15  45.803257  50.534381  2.637
 16    15.132 52779.31852156 35.92  45.815569  50.556198  3.757
 16    15.076 52779.31852220 37.99  45.814119  50.552968  3.757
 16    15.107 52779.31852285 39.01  45.812669  50.549728  3.757
 16    15.074 52779.31852349 39.10  45.811219  50.546500  8.271
 16    15.220 52779.31852414 40.20  45.809769  50.543270  8.271
 16    15.192 52779.31852478 40.65  45.808319  50.540030  8.271
 16    15.145 52779.31852543 41.55  45.806869  50.536800  8.271
 16    15.009 52779.31852607 41.38  45.805419  50.533570  8.271
 16    14.948 52779.31852672 39.88  45.803969  50.530340  8.271
 17    15.332 52814.31860515 24.09  45.814795  50.559488  6.250
 17    15.335 52814.31860580 24.29  45.813346  50.556261  3.878
 17    14.955 52814.31860644 21.24  45.811896  50.553031  3.878
 17    14.582 52814.31860709 19.63  45.810446  50.549791  3.878
 17    14.555 52814.31860773 18.60  45.808996  50.546561  3.878
 17    14.628 52814.31860838 16.89  45.807546  50.543331  3.878
 17    14.601 52814.31860902 16.35  45.806096  50.540101  3.878
 17    14.655 52814.31860967 16.47  45.804646  50.536861  3.878
 17    14.683 52814.31861031 15.64  45.803196  50.533631  3.878
 17    14.783 52814.31861096 15.17  45.801746  50.530401  3.878
 17    14.776 52814.31861160 14.72  45.800296  50.527171  3.878
 17    14.771 52814.31861224 14.14  45.798856  50.523931  3.878
 17    14.823 52814.31861289 13.66  45.797406  50.520701  3.878
 17    14.764 52814.31861353 13.56  45.795956  50.517471  3.878
 17    14.765 52814.31861418 12.59  45.794506  50.514241  3.878
 17    14.860 52814.31861482 12.54  45.793056  50.511001  3.878
 18    15.489 52849.31865815 14.07  45.815407  50.558698  4.296
 18    15.240 52849.31865880 14.95  45.813957  50.555468  4.296
 18    15.178 52849.31865944 13.44  45.812506  50.552240  3.025
 18    14.919 52849.31866009 14.48  45.811056  50.549010  3.025
 18    14.891 52849.31866073 14.17  45.809606  50.545770  3.025
 18    15.046 52849.31866138 11.91  45.808156  50.542540  3.025
 18    14.980 52849.31866202 12.92  45.806706  50.539310  3.025
 18    14.990 52849.31866266 12.83  45.805256  50.536080  3.025
 18    14.956 52849.31866331 12.66  45.803806  50.532840  3.025
 18    14.949 52849.31866395 12.19  45.802356  50.529610  3.025
 18    15.040 52849.31866460 11.90  45.800906  50.526380  3.025
 18    15.029 52849.31866524 11.64  45.799456  50.523150  3.025
 18    15.152 52849.31866589 11.48  45.798016  50.519910  3.025
 19    15.712 52884.31869324 11.60  45.808141  50.562281  2.511
 19    15.294 52884.31869388 11.46  45.806691  50.559041  2.511
 19    15.206 52884.31869453 11.29  45.805241  50.555811  2.511
 19    15.159 52884.31869517 11.27  45.803792  50.552582  3.035
 19    15.139 52884.31869582 11.16  45.802342  50.549352  3.035
 19    15.099 52884.31869646 11.80  45.800892  50.546112  3.035
 19    15.107 52884.31869711 12.26  45.799442  50.542882  3.035
 19    15.113 52884.31869775 11.89  45.797992  50.539652  3.035
 19    14.993 52884.31869840 12.14  45.796552  50.536422  3.035
 19    15.025 52884.31869904 12.28  45.795102  50.533182  3.035
 19    15.006 52884.31869969 12.22  45.793652  50.529952  3.035
 19    14.972 52884.31870033 12.04  45.792202  50.526722  3.035
 19    15.004 52884.31870098 11.56  45.790752  50.523492  3.035
 19    15.057 52884.31870162 11.75  45.789312  50.520252  3.035
 19    15.079 52884.31870226 11.68  45.787862  50.517022  3.035
 19    15.014 52884.31870291 12.15  45.786412  50.513792  3.035
 19    15.216 52884.31870355 11.87  45.784962  50.510562  3.035
 19    15.208 52884.31870420 10.58  45.783522  50.507322  3.035
 20    15.376 52919.31864984  7.73  45.807619  50.561269  1.758
 20    15.319 52919.31865048  8.44  45.806169  50.558029  1.758
 20    15.240 52919.31865113  8.74  45.804719  50.554799  1.758
 20    15.160 52919.31865177  9.30  45.803271  50.551568  3.219
 20    15.185 52919.31865242  9.21  45.801821  50.548338  3.219
 20    15.100 52919.31865306  9.75  45.800371  50.545108  3.219
 20    15.115 52919.31865371  9.91  45.798921  50.541868  3.219
 20    15.094 52919.31865435 10.32  45.797471  50.538638  3.219
 20    15.098 52919.31865500 10.59  45.796021  50.535408  3.219
 20    15.049 52919.31865564 10.70  45.794581  50.532168  3.219
 20    15.088 52919.31865629 10.27  45.793131  50.528938  3.219
 20    15.066 52919.31865693  9.73  45.791681  50.525708  3.219
 20    15.036 52919.31865758  9.91  45.790231  50.522478  3.219
 20    15.102 52919.31865822  9.89  45.788791  50.519238  3.219
 20    15.106 52919.31865886  9.98  45.787341  50.516008  3.219
 20    15.001 52919.31865951 11.16  45.785891  50.512778  3.219
 20    15.190 52919.31866015 10.71  45.784451  50.509548  3.219
 23    15.304 53024.31860541 29.95  45.813394  50.558111  5.663
 23    15.214 53024.31860606 31.54  45.811944  50.554871  5.663
 23    15.271 53024.31860670 33.94  45.810494  50.551641  5.663
 23    15.242 53024.31860735 33.39  45.809044  50.548411  5.663
 23    15.214 53024.31860799 34.18  45.807594  50.545181  5.663
 23    15.234 53024.31860864 34.52  45.806144  50.541941  5.663
 23    15.257 53024.31860928 34.49  45.804704  50.538711  5.663
 23    15.276 53024.31860993 33.77  45.803251  50.535478  5.550
 23    15.260 53024.31861057 32.89  45.801801  50.532248  5.550
 23    15.255 53024.31861122 32.26  45.800351  50.529018  5.550
 23    15.210 53024.31861186 33.22  45.798911  50.525778  5.550
 23    15.166 53024.31861250 32.44  45.797461  50.522548  5.550
 23    15.189 53024.31861315 31.46  45.796011  50.519318  5.550
 23    15.245 53024.31861379 30.88  45.794561  50.516078  5.550
 23    15.157 53024.31861444 29.95  45.793121  50.512848  5.550
 23    15.002 53024.31861508 29.17  45.791671  50.509618  5.550
 23    14.904 53024.31861573 27.60  45.790221  50.506388  5.550
 25    15.261 53094.31863961 13.71  45.800079  50.564476  2.736
 25    15.196 53094.31864026 13.63  45.798629  50.561246  2.736
 25    15.166 53094.31864090 13.09  45.797179  50.558016  2.736
 25    15.201 53094.31864155 13.42  45.795729  50.554786  2.736
 25    15.044 53094.31864219 13.16  45.794279  50.551546  2.736
 25    15.109 53094.31864284 12.92  45.792829  50.548316  2.736
 25    15.138 53094.31864348 12.65  45.791380  50.545084  3.701
 25    15.141 53094.31864413 12.39  45.789930  50.541854  3.701
 25    15.148 53094.31864477 11.69  45.788490  50.538624  3.701
 25    15.193 53094.31864542 10.94  45.787040  50.535384  3.701
 25    15.138 53094.31864606 11.16  45.785590  50.532154  3.701
 25    15.234 53094.31864671 11.07  45.784140  50.528924  3.701
 25    15.235 53094.31864735 11.63  45.782700  50.525684  3.701
 25    15.167 53094.31864800 11.79  45.781250  50.522454  3.701
 25    15.216 53094.31864864 12.81  45.779800  50.519224  3.701
 25    15.494 53094.31864928 13.45  45.778350  50.515994  3.701
 25    16.120 53094.31864993 14.48  45.776910  50.512754  3.701
 25    16.024 53094.31865057 17.67  45.775460  50.509524  3.701
 28    15.786 53199.31868090 30.02  45.812570  50.561301  2.514
 28    15.508 53199.31868154 26.95  45.811120  50.558061  2.514
 28    15.198 53199.31868219 27.31  45.809667  50.554832  8.864
 28    15.221 53199.31868283 28.50  45.808217  50.551602  8.864
 28    15.308 53199.31868348 28.17  45.806767  50.548362  8.864
 28    15.074 53199.31868412 28.95  45.805317  50.545132  8.864
 28    14.897 53199.31868476 30.27  45.803877  50.541902  8.864
 28    14.768 53199.31868541 31.09  45.802427  50.538672  8.864
 28    14.586 53199.31868605 31.86  45.800977  50.535432  8.864
 28    14.802 53199.31868670 32.97  45.799527  50.532202  8.864
 28    14.945 53199.31868734 33.44  45.798077  50.528972  8.864
 28    15.116 53199.31868799 33.65  45.796627  50.525742  8.864
 28    15.142 53199.31868863 34.23  45.795187  50.522502  8.864
 28    15.109 53199.31868928 34.52  45.793737  50.519272  8.864
 28    15.259 53199.31868992 36.08  45.792287  50.516042  8.864
 28    15.277 53199.31869057 38.30  45.790837  50.512812  8.864
 28    15.409 53199.31869121 38.21  45.789387  50.509572  8.864
 28    15.444 53199.31869186 38.24  45.787947  50.506342  8.864
 29    15.624 53234.31865169 37.45  45.815300  50.557113  6.385
 29    15.169 53234.31865233 30.30  45.813850  50.553883  6.385
 29    14.941 53234.31865298 31.42  45.812400  50.550643  6.385
 29    15.173 53234.31865362 35.22  45.810950  50.547413  6.385
 29    15.149 53234.31865427 35.12  45.809497  50.544183  5.992
 29    15.106 53234.31865491 34.31  45.808047  50.540953  5.992
 29    14.954 53234.31865556 34.04  45.806607  50.537713  5.992
 29    14.979 53234.31865620 31.03  45.805157  50.534483  5.992
 29    14.923 53234.31865685 30.12  45.803707  50.531253  5.992
 29    14.790 53234.31865749 28.04  45.802257  50.528023  5.992
 29    14.726 53234.31865814 27.35  45.800817  50.524783  5.992
 30    15.249 53269.31861727  8.83  45.818337  50.558536  1.877
 30    15.229 53269.31861792  9.39  45.816887  50.555306  1.877
 30    15.243 53269.31861856  9.82  45.815437  50.552066  1.877
 30    15.137 53269.31861921 10.24  45.813987  50.548836  1.877
 30    15.055 53269.31861985 10.84  45.812537  50.545606  1.877
 30    15.080 53269.31862050 11.39  45.811087  50.542366  1.877
 31    15.225 53304.31867823  9.74  45.808536  50.561601  2.513
 31    15.457 53304.31867887  9.96  45.807096  50.558371  2.513
 31    15.258 53304.31867952 10.31  45.805646  50.555141  2.513
 31    15.147 53304.31868016 11.21  45.804186  50.551901  2.513
 31    15.123 53304.31868081 11.34  45.802736  50.548671  2.513
 31    14.999 53304.31868145 11.86  45.801296  50.545441  2.513
 31    15.101 53304.31868210 11.88  45.799846  50.542211  2.513
 31    15.191 53304.31868274 12.33  45.798396  50.538971  2.513
 31    15.130 53304.31868339 12.25  45.796946  50.535741  2.513
 31    15.026 53304.31868403 12.26  45.795496  50.532511  2.513
 31    15.088 53304.31868468 12.30  45.794046  50.529281  2.513
 31    15.049 53304.31868532 12.61  45.792596  50.526041  2.513
 31    15.058 53304.31868597 12.86  45.791146  50.522811  2.513
 31    15.035 53304.31868661 12.91  45.789701  50.519581  3.353
 31    15.025 53304.31868726 12.80  45.788251  50.516351  3.353
 31    14.997 53304.31868790 13.14  45.786801  50.513111  3.353
 31    15.163 53304.31868854 14.01  45.785361  50.509881  3.353
 31    15.105 53304.31868919 12.62  45.783911  50.506651  3.353
 32    15.491 53339.31864726 49.84  45.807876  50.560902 18.856
 32    15.292 53339.31864791 46.49  45.806426  50.557672 18.856
 32    15.238 53339.31864855 49.44  45.804976  50.554442 18.856
 32    15.212 53339.31864920 42.91  45.803536  50.551202 18.856
 32    15.205 53339.31864984 42.62  45.802086  50.547972 18.856
 32    15.215 53339.31865049 44.67  45.800636  50.544742 18.856
 32    15.224 53339.31865113 36.50  45.799186  50.541512 18.856
 32    14.846 53339.31865177 28.14  45.797736  50.538272 18.856
 32    14.503 53339.31865242 28.01  45.796286  50.535042 18.856
 32    14.362 53339.31865306 27.61  45.794836  50.531812 18.856
 32    13.802 53339.31865371 27.13  45.793396  50.528582 18.856
 32    13.691 53339.31865435 25.61  45.791946  50.525342 18.856
 32    12.737 53339.31865500 24.85  45.790496  50.522112 18.856
 32    14.494 53339.31865564 23.40  45.789048  50.518879  2.822
 32    14.600 53339.31865629 22.87  45.787608  50.515649  2.822
 32    14.566 53339.31865693 23.05  45.786158  50.512419  2.822
 32    14.533 53339.31865758 22.87  45.784708  50.509179  2.822
 33    14.556 53374.31857871 27.09  45.807182  50.563318  5.741
 33    14.751 53374.31857936 27.93  45.805732  50.560088  5.741
 33    14.818 53374.31858000 28.29  45.804282  50.556858  5.741
 33    14.832 53374.31858065 29.35  45.802832  50.553628  5.741
 33    14.808 53374.31858129 30.14  45.801392  50.550388  5.741
 33    14.779 53374.31858194 30.54  45.799942  50.547158  5.741
 33    14.843 53374.31858258 31.16  45.798492  50.543928  5.741
 33    14.846 53374.31858323 32.04  45.797042  50.540698  5.741
 33    14.834 53374.31858387 31.99  45.795592  50.537458  5.741
 33    14.871 53374.31858452 31.91  45.794152  50.534228  5.741
 33    14.819 53374.31858516 31.59  45.792702  50.530998  5.741
 33    14.818 53374.31858581 31.69  45.791252  50.527768  5.741
 33    14.799 53374.31858645 31.95  45.789802  50.524528  5.741
 33    14.730 53374.31858710 31.65  45.788362  50.521298  5.741
 33    14.800 53374.31858774 30.97  45.786917  50.518064  3.244
 33    14.782 53374.31858838 29.67  45.785467  50.514834  3.244
 33    14.879 53374.31858903 28.61  45.784017  50.511604  3.244
 33    14.975 53374.31858967 27.95  45.782577  50.508364  3.244
 34    15.060 53409.31862159 32.26  45.814898  50.557140  6.330
 34    15.230 53409.31862223 32.75  45.813448  50.553910  6.330
 34    15.039 53409.31862288 33.96  45.811998  50.550670  6.330
 34    15.005 53409.31862352 34.95  45.810548  50.547440  6.330
 34    15.003 53409.31862416 35.38  45.809098  50.544210  6.330
 34    14.940 53409.31862481 35.69  45.807648  50.540980  6.330
 34    14.870 53409.31862545 36.36  45.806198  50.537740  6.330
 34    15.040 53409.31862610 35.39  45.804748  50.534510  6.330
 34    14.866 53409.31862674 35.72  45.803298  50.531280  6.330
 34    15.068 53409.31862739 35.56  45.801848  50.528050  6.330
 34    15.043 53409.31862803 35.59  45.800398  50.524810  6.330
 34    14.987 53409.31862868 35.42  45.798958  50.521580  6.330
 35    15.736 53444.31860461 31.22  45.803367  50.561671 11.061
 35    15.860 53444.31860525 32.11  45.801917  50.558441 11.061
 35    15.926 53444.31860589 31.34  45.800467  50.555211 11.061
 35    15.870 53444.31860654 32.28  45.799027  50.551971 11.061
 35    15.696 53444.31860718 32.21  45.797577  50.548741 11.061
 35    16.156 53444.31860783 32.92  45.796127  50.545511 11.061
 35    16.343 53444.31860847 34.54  45.794677  50.542281 11.061
 35    15.971 53444.31860912 36.95  45.793227  50.539041 11.061
 35    16.170 53444.31860976 37.40  45.791787  50.535811 11.061
 35    15.955 53444.31861041 39.63  45.790337  50.532581 11.061
 35    15.835 53444.31861492 38.91  45.780212  50.509946  7.358
 36    15.536 53479.31868264 47.73  45.809268  50.561176 26.001
 36    15.600 53479.31868328 49.96  45.807808  50.557946 26.001
 36    15.499 53479.31868393 50.34  45.806358  50.554706 26.001
 36    15.453 53479.31868457 51.02  45.804908  50.551476 26.001
 36    15.487 53479.31868522 50.77  45.803468  50.548246 26.001
 36    15.474 53479.31868586 50.11  45.802018  50.545016 26.001
 36    15.488 53479.31868651 51.10  45.800568  50.541776 26.001
 36    15.359 53479.31868715 51.82  45.799118  50.538546 26.001
 36    15.370 53479.31868779 51.27  45.797668  50.535316 26.001
 36    15.357 53479.31868844 50.80  45.796218  50.532086 26.001
 36    15.353 53479.31868908 49.08  45.794768  50.528846 26.001
 36    15.393 53479.31868973 47.85  45.793318  50.525616 26.001
 36    15.471 53479.31869037 45.74  45.791871  50.522384 16.583
 36    15.435 53479.31869102 46.20  45.790421  50.519154 16.583
 36    15.357 53479.31869166 49.71  45.788971  50.515924 16.583
 36    15.330 53479.31869231 51.11  45.787531  50.512684 16.583
 36    15.496 53479.31869295 50.14  45.786081  50.509454 16.583
 36    15.474 53479.31869360 50.72  45.784631  50.506224 16.583
 37    16.069 53514.31869035 40.46  45.810829  50.560353  7.935
 37    15.870 53514.31869099 41.71  45.809379  50.557123  7.935
 37    15.848 53514.31869164 41.76  45.807929  50.553893  7.935
 37    15.640 53514.31869228 40.97  45.806479  50.550653  7.935
 37    15.716 53514.31869293 40.16  45.805039  50.547423  7.935
 37    15.709 53514.31869357 39.45  45.803589  50.544193  7.935
 37    15.597 53514.31869422 39.30  45.802139  50.540963  7.935
 37    15.550 53514.31869486 37.96  45.800689  50.537723  7.935
 37    15.652 53514.31869550 36.38  45.799239  50.534493  7.935
 37    15.563 53514.31869615 35.68  45.797789  50.531263  7.935
 37    15.534 53514.31869679 35.01  45.796339  50.528023  7.935
 37    15.468 53514.31869744 34.72  45.794899  50.524793  7.935
 37    15.513 53514.31869808 34.66  45.793449  50.521563  7.935
 37    15.473 53514.31869873 35.15  45.791995  50.518329  4.291
 37    15.703 53514.31869937 34.76  45.790555  50.515099  4.291
 37    15.653 53514.31870002 35.05  45.789105  50.511869  4.291
 37    15.626 53514.31870066 37.37  45.787655  50.508629  4.291
 37    15.822 53514.31870131 36.62  45.786215  50.505399  4.291
 38    54.579 53549.31870878  9.80  45.805179  50.563917  7.370
 38    52.283 53549.31870943 10.97  45.803729  50.560687  7.370
 38    51.249 53549.31871007 10.65  45.802279  50.557457  7.370
 38    14.810 53549.31871265 16.72  45.796489  50.544527  7.370
 38    13.946 53549.31871329 18.58  45.795039  50.541287  7.370
 38    10.163 53549.31871394 19.06  45.793589  50.538057  7.370
 38    12.988 53549.31871458 18.51  45.792139  50.534827  7.370
 38    14.023 53549.31871523 17.95  45.790689  50.531597  7.370
 38    14.493 53549.31871587 16.90  45.789249  50.528357  7.370
 38    14.200 53549.31871652 16.92  45.787799  50.525127  7.370
 38    13.866 53549.31871716 17.03  45.786346  50.521894  2.897
 38    14.415 53549.31871781 16.94  45.784906  50.518664  2.897
 38    14.641 53549.31871845 16.26  45.783456  50.515434  2.897
 38    15.181 53549.31871910 16.76  45.782006  50.512194  2.897
 38    15.100 53549.31871974 16.60  45.780566  50.508964  2.897
 39    14.860 53584.31867267 17.78  45.809458  50.560191  2.959
 39    15.013 53584.31867331 16.54  45.808008  50.556961  2.959
 39    14.984 53584.31867396 16.32  45.806558  50.553731  2.959
 39    14.709 53584.31867460 16.81  45.805118  50.550491  2.959
 39    14.840 53584.31867525 16.46  45.803668  50.547261  2.959
 39    14.864 53584.31867589 16.18  45.802218  50.544031  2.959
 39    14.900 53584.31867654 15.69  45.800768  50.540801  2.959
 39    14.974 53584.31867718 14.28  45.799318  50.537561  2.959
 39    15.031 53584.31867782 13.76  45.797868  50.534331  2.959
 39    15.024 53584.31867847 13.30  45.796418  50.531101  2.959
 39    15.021 53584.31867911 13.24  45.794978  50.527871  2.959
 39    15.053 53584.31867976 12.90  45.793528  50.524631  2.959
 39    15.099 53584.31868040 13.06  45.792078  50.521401  2.959
 39    15.173 53584.31868105 13.18  45.790631  50.518168  2.505
 39    15.103 53584.31868169 13.58  45.789181  50.514938  2.505
 39    15.117 53584.31868234 13.23  45.787741  50.511708  2.505
 39    15.114 53584.31868298 12.39  45.786291  50.508468  2.505
 39    15.203 53584.31868363 11.33  45.784841  50.505238  2.505
 40    14.993 53619.31862885 27.13  45.800389  50.563629  5.000
 40    14.954 53619.31862950 27.78  45.798939  50.560399  5.000
 40    15.041 53619.31863014 27.27  45.797489  50.557169  5.000
 40    14.967 53619.31863078 27.24  45.796039  50.553939  5.000
 40    15.077 53619.31863143 27.18  45.794589  50.550699  5.000
 40    15.016 53619.31863207 26.85  45.793149  50.547469  5.000
 40    14.901 53619.31863272 25.93  45.791699  50.544239  5.000
 40    14.788 53619.31863336 25.08  45.790249  50.541009  5.000
 40    14.534 53619.31863401 24.75  45.788799  50.537769  5.000
 40    14.274 53619.31863465 24.01  45.787359  50.534539  5.000
 40    14.075 53619.31863530 23.40  45.785909  50.531309  5.000
 40    14.398 53619.31863594 22.73  45.784459  50.528069  5.000
 40    14.578 53619.31863659 22.19  45.783019  50.524839  5.000
 40    14.330 53619.31863723 21.56  45.781569  50.521609  5.000
 40    14.207 53619.31863788 21.32  45.780115  50.518373  2.283
 40    14.485 53619.31863852 20.77  45.778675  50.515143  2.283
 40    14.893 53619.31863917 20.37  45.777225  50.511913  2.283
 41    15.382 53654.31865473 10.20  45.813135  50.559160  2.775
 41    15.306 53654.31865537 10.43  45.811675  50.555930  2.775
 41    15.226 53654.31865602 11.12  45.810225  50.552690  2.775
 41    15.071 53654.31865666 11.80  45.808785  50.549460  2.775
 41    14.925 53654.31865731 12.42  45.807335  50.546230  2.775
 41    15.050 53654.31865795 12.04  45.805885  50.543000  2.775
 41    15.095 53654.31865860 11.85  45.804435  50.539760  2.775
 41    15.041 53654.31865924 11.64  45.802985  50.536530  2.775
 41    15.030 53654.31865989 12.31  45.801535  50.533300  2.775
 41    15.000 53654.31866053 11.72  45.800085  50.530070  2.775
 41    14.977 53654.31866117 11.67  45.798635  50.526830  2.775
 41    14.963 53654.31866182 11.11  45.797195  50.523600  2.775
 41    15.094 53654.31866246 11.55  45.795742  50.520369  2.084
 41    15.074 53654.31866311 10.63  45.794292  50.517139  2.084
 41    15.128 53654.31866375 10.53  45.792842  50.513909  2.084
 41    15.127 53654.31866440 10.08  45.791402  50.510669  2.084
 41    15.098 53654.31866504  9.89  45.789952  50.507439  2.084
 41    15.195 53654.31866569  9.19  45.788502  50.504209  2.084
 42    15.267 53689.31865053  8.95  45.807121  50.560938  2.855
 42    15.258 53689.31865117  8.83  45.805671  50.557708  2.855
 42    15.200 53689.31865182  9.78  45.804221  50.554478  2.855
 42    15.120 53689.31865246 10.12  45.802771  50.551238  2.855
 42    15.102 53689.31865311 10.20  45.801331  50.548008  2.855
 42    15.080 53689.31865375 10.77  45.799881  50.544778  2.855
 42    15.046 53689.31865439 10.80  45.798431  50.541548  2.855
 42    15.028 53689.31865504 11.23  45.796981  50.538308  2.855
 42    15.026 53689.31865568 11.67  45.795531  50.535078  2.855
 42    15.050 53689.31865633 11.81  45.794081  50.531848  2.855
 42    15.096 53689.31865697 11.78  45.792631  50.528618  2.855
 42    14.889 53689.31865762 13.09  45.791191  50.525378  2.855
 42    14.723 53689.31865826 16.08  45.789741  50.522148  2.855
 42    14.729 53689.31865891 15.24  45.788289  50.518916  4.028
 42    14.823 53689.31865955 15.15  45.786849  50.515686  4.028
 42    15.117 53689.31866020 14.37  45.785399  50.512456  4.028
 42    15.075 53689.31866084 15.37  45.783949  50.509216  4.028
 43    15.176 53724.31857505 12.66  45.805542  50.561146  3.750
 43    15.241 53724.31857569 12.28  45.804092  50.557916  3.750
 43    15.341 53724.31857634 11.78  45.802642  50.554686  3.750
 43    15.240 53724.31857698 11.98  45.801202  50.551446  3.750
 43    15.354 53724.31857762 11.80  45.799752  50.548216  3.750
 43    15.221 53724.31857827 11.50  45.798302  50.544986  3.750
 43    15.359 53724.31857891 11.47  45.796852  50.541756  3.750
 43    15.218 53724.31857956 11.53  45.795402  50.538516  3.750
 43    15.182 53724.31858020 11.82  45.793962  50.535286  3.750
 43    15.226 53724.31858085 11.17  45.792512  50.532056  3.750
 43    15.270 53724.31858149 11.40  45.791062  50.528816  3.750
 43    15.321 53724.31858214 11.01  45.789612  50.525586  3.750
 43    15.308 53724.31858278 10.83  45.788172  50.522356  3.750
 43    15.213 53724.31858343 11.69  45.786727  50.519121  2.695
 43    15.242 53724.31858407 12.73  45.785277  50.515891  2.695
 43    15.331 53724.31858472 12.92  45.783827  50.512661  2.695
 43    15.395 53724.31858536 13.33  45.782387  50.509421  2.695
 45    48.301 53794.31853852  3.20  45.806133  50.548337  3.918
 45    70.944 53794.31853916  2.80  45.804683  50.545107  3.918
 45    71.852 53794.31853981  2.11  45.803233  50.541877  3.918
 45    73.345 53794.31854045  1.29  45.801783  50.538637  3.918
 45    75.805 53794.31854110  0.17  45.800333  50.535407  3.918
 47    15.450 53864.31859085 16.00  45.812538  50.561035  3.170
 47    15.336 53864.31859149 16.96  45.811088  50.557805  3.170
 47    15.434 53864.31859214 16.64  45.809648  50.554575  3.170
 47    15.337 53864.31859278 17.64  45.808188  50.551345  3.170
 47    15.253 53864.31859343 17.72  45.806738  50.548105  3.170
 47    15.312 53864.31859407 17.96  45.805298  50.544875  3.170
 47    15.238 53864.31859472 17.92  45.803848  50.541645  3.170
 47    15.285 53864.31859536 18.94  45.802398  50.538415  3.170
 47    15.403 53864.31859601 19.34  45.800948  50.535175  3.170
 47    15.466 53864.31859665 19.32  45.799498  50.531945  3.170
 47    15.451 53864.31859730 19.46  45.798048  50.528715  3.170
 47    15.469 53864.31859794 19.48  45.796598  50.525485  3.170
 47    15.482 53864.31859859 19.60  45.795148  50.522245  3.170
 47    15.562 53864.31859923 19.07  45.793708  50.519015  3.170
 47    15.464 53864.31859988 19.87  45.792258  50.515783  2.640
 47    15.468 53864.31860052 18.79  45.790808  50.512553  2.640
 47    15.437 53864.31860116 18.87  45.789358  50.509323  2.640
 47    15.496 53864.31860181 18.40  45.787918  50.506083  2.640
 48    15.223 53899.31861613 29.43  45.812318  50.560227  8.627
 48    14.983 53899.31861678 28.88  45.810868  50.556997  8.627
 48    14.529 53899.31861742 19.23  45.809418  50.553757  8.627
 48    14.168 53899.31861807 17.79  45.807968  50.550527  8.627
 48    14.316 53899.31861871 14.63  45.806518  50.547297  8.627
 48    14.159 53899.31861936 16.78  45.805068  50.544067  8.627
 48    14.327 53899.31862000 14.93  45.803618  50.540827  8.627
 48    14.317 53899.31862065 15.18  45.802168  50.537597  8.627
 48    14.458 53899.31862129 14.73  45.800718  50.534367  8.627
 48    14.452 53899.31862193 15.01  45.799268  50.531137  8.627
 48    14.486 53899.31862258 14.30  45.797818  50.527897  8.627
 48    14.463 53899.31862322 13.93  45.796378  50.524667  8.627
 48    14.453 53899.31862387 13.94  45.794928  50.521434  2.419
 48    14.508 53899.31862451 13.76  45.793478  50.518204  2.419
 48    14.557 53899.31862516 13.37  45.792028  50.514974  2.419
 48    14.521 53899.31862580 13.24  45.790588  50.511734  2.419
 48    14.638 53899.31862645 11.64  45.789138  50.508504  2.419
 48    14.672 53899.31862709 11.19  45.787688  50.505274  2.419
 49    15.051 53934.31865994 24.20  45.801944  50.562778  7.515
 49    14.786 53934.31866058 21.15  45.800494  50.559548  7.515
 49    14.627 53934.31866122 20.57  45.799044  50.556318  7.515
 49    14.624 53934.31866187 19.32  45.797604  50.553088  7.515
 49    14.587 53934.31866251 18.94  45.796154  50.549848  7.515
 49    14.684 53934.31866316 18.34  45.794704  50.546618  7.515
 49    14.557 53934.31866380 19.10  45.793254  50.543388  7.515
 49    14.553 53934.31866445 18.40  45.791804  50.540158  7.515
 49    14.417 53934.31866509 18.70  45.790354  50.536918  7.515
 49    14.648 53934.31866574 17.31  45.788904  50.533688  7.515
 49    14.589 53934.31866638 18.16  45.787454  50.530458  7.515
 49    14.645 53934.31866703 17.57  45.786014  50.527218  7.515
 49    14.702 53934.31866767 16.75  45.784564  50.523988  7.515
 49    14.604 53934.31866832 16.80  45.783114  50.520758  7.515
 49    14.736 53934.31866896 16.06  45.781671  50.517524  3.313
 49    14.755 53934.31866961 16.21  45.780221  50.514294  3.313
 49    14.993 53934.31867025 16.82  45.778771  50.511064  3.313
 50    15.272 53969.31863044 22.12  45.804157  50.563383  4.430
 50    15.150 53969.31863109 18.97  45.802707  50.560143  4.430
 50    14.970 53969.31863173 18.88  45.801257  50.556913  4.430
 50    14.797 53969.31863238 16.86  45.799807  50.553683  4.430
 50    14.828 53969.31863302 16.38  45.798357  50.550453  4.430
 50    14.779 53969.31863367 16.83  45.796917  50.547213  4.430
 50    14.871 53969.31863431 15.66  45.795467  50.543983  4.430
 50    14.840 53969.31863496 15.90  45.794017  50.540753  4.430
 50    14.876 53969.31863560 14.87  45.792567  50.537523  4.430
 50    14.884 53969.31863624 14.43  45.791117  50.534283  4.430
 50    14.916 53969.31863689 14.08  45.789667  50.531053  4.430
 50    14.976 53969.31863753 13.33  45.788227  50.527823  4.430
 50    15.020 53969.31863818 13.23  45.786777  50.524593  4.430
 50    14.970 53969.31863882 13.06  45.785327  50.521353  4.430
 50    14.949 53969.31863947 13.00  45.783877  50.518123  4.430
 50    15.127 53969.31864011 12.66  45.782433  50.514889  2.234
 50    15.102 53969.31864076 13.78  45.780983  50.511659  2.234
 52    14.885 54039.31863713  8.92  45.816730  50.558042  2.757
 52    14.987 54039.31863778  9.33  45.815280  50.554812  2.757
 52    15.015 54039.31863842  9.67  45.813840  50.551582  2.757
 52    14.944 54039.31863906  9.97  45.812390  50.548352  2.757
 52    14.812 54039.31863971 11.22  45.810940  50.545112  2.757
 52    14.887 54039.31864035 10.97  45.809490  50.541882  2.757
 52    14.753 54039.31864100 11.14  45.808040  50.538652  2.757
 52    14.766 54039.31864164 11.83  45.806590  50.535422  2.757
 52    14.804 54039.31864229 11.94  45.805140  50.532192  2.757
 53    15.484 54074.31863161 15.50  45.810177  50.559776  3.607
 53    15.306 54074.31863226 16.06  45.808727  50.556546  3.607
 53    14.944 54074.31863290 13.76  45.807277  50.553316  3.607
 53    14.829 54074.31863355 13.68  45.805827  50.550086  3.607
 53    14.924 54074.31863419 13.36  45.804387  50.546846  3.607
 53    14.873 54074.31863483 13.84  45.802937  50.543616  3.607
 53    14.903 54074.31863548 13.87  45.801487  50.540386  3.607
 53    14.794 54074.31863612 14.53  45.800037  50.537156  3.607
 53    14.788 54074.31863677 15.00  45.798587  50.533916  3.607
 53    14.810 54074.31863741 15.36  45.797137  50.530686  3.607
 53    14.682 54074.31863806 15.58  45.795697  50.527456  3.607
 53    14.584 54074.31863870 16.34  45.794247  50.524226  3.607
 53    14.635 54074.31863935 16.65  45.792797  50.520986  3.607
 53    14.464 54074.31863999 18.15  45.791347  50.517756  3.607
 53    14.653 54074.31864064 18.92  45.789902  50.514523  6.096
 53    14.899 54074.31864128 19.64  45.788452  50.511293  6.096
 53    15.134 54074.31864193 20.35  45.787012  50.508063  6.096
 53    15.134 54074.31864257 21.53  45.785562  50.504823  6.096
 54    15.381 54109.31857628 50.77  45.802423  50.564060 38.851
 54    15.536 54109.31857693 53.74  45.800973  50.560820 38.851
 54    15.560 54109.31857757 51.13  45.799523  50.557590 38.851
 54    15.480 54109.31857822 51.65  45.798073  50.554360 38.851
 54    15.480 54109.31857886 52.35  45.796623  50.551130 38.851
 54    15.403 54109.31857950 52.67  45.795183  50.547890 38.851
 54    15.355 54109.31858015 53.03  45.793733  50.544660 38.851
 54    15.374 54109.31858079 52.21  45.792283  50.541430 38.851
 54    15.365 54109.31858144 53.59  45.790833  50.538200 38.851
 54    15.391 54109.31858208 52.91  45.789383  50.534960 38.851
 54    15.461 54109.31858273 53.31  45.787943  50.531730 38.851
 54    15.511 54109.31858337 51.17  45.786493  50.528500 38.851
 54    15.497 54109.31858402 51.42  45.785043  50.525260 38.851
 54    15.465 54109.31858466 52.22  45.783603  50.522030 38.851
 54    15.403 54109.31858531 52.19  45.782153  50.518800 38.851
 54    15.342 54109.31858595 53.19  45.780703  50.515564 11.192
 54    15.445 54109.31858660 52.67  45.779263  50.512334 11.192
 54    15.504 54109.31858724 50.71  45.777813  50.509104 11.192
 55    15.463 54144.31856942 29.51  45.813625  50.557334  7.785
 55    15.248 54144.31857007 28.95  45.812185  50.554104  7.785
 55    15.260 54144.31857071 30.28  45.810735  50.550874  7.785
 55    15.225 54144.31857136 31.76  45.809285  50.547634  7.785
 55    15.111 54144.31857200 31.72  45.807835  50.544404  7.785
 55    15.204 54144.31857264 31.57  45.806385  50.541174  7.785
 55    15.094 54144.31857329 32.92  45.804935  50.537944  7.785
 55    15.210 54144.31857393 33.14  45.803485  50.534704  7.785
 55    15.178 54144.31857458 33.22  45.802035  50.531474  7.785
 55    15.130 54144.31857522 32.55  45.800585  50.528244  7.785
 55    15.150 54144.31857587 33.17  45.799135  50.525014  7.785
 55    15.209 54144.31857651 33.25  45.797685  50.521774  7.785
 55    15.127 54144.31857716 36.64  45.796245  50.518544  7.785
 55    15.182 54144.31857780 35.60  45.794796  50.515313  7.819
 55    15.168 54144.31857845 35.64  45.793346  50.512083  7.819
 55    15.222 54144.31857909 38.40  45.791896  50.508853  7.819
 57    14.681 54214.31857697 19.65  45.812223  50.558291  1.793
 57    14.595 54214.31857762 19.84  45.810774  50.555062  2.606
 57    14.502 54214.31857826 20.29  45.809324  50.551832  2.606
 57    14.514 54214.31857891 21.16  45.807874  50.548592  2.606
 57    14.682 54214.31857955 21.33  45.806424  50.545362  2.606
 57    14.723 54214.31858020 21.57  45.804974  50.542132  2.606
 57    14.883 54214.31858084 22.08  45.803524  50.538902  2.606
 57    14.946 54214.31858149 22.90  45.802074  50.535662  2.606
 57    15.014 54214.31858213 23.61  45.800624  50.532432  2.606
 57    15.077 54214.31858277 24.13  45.799174  50.529202  2.606
 57    15.034 54214.31858342 24.83  45.797724  50.525972  2.606
 57    15.079 54214.31858406 25.31  45.796284  50.522732  2.606
 57    15.078 54214.31858471 25.71  45.794834  50.519502  2.606
 57    15.066 54214.31858535 25.80  45.793384  50.516272  2.606
 57    14.940 54214.31858600 26.62  45.791934  50.513042  2.606
 57    14.875 54214.31858664 26.34  45.790484  50.509802  2.606
 57    15.058 54214.31858729 26.49  45.789044  50.506572  2.606
 57    15.213 54214.31858793 26.00  45.787594  50.503342  2.606
 58     3.458 54249.31860429 18.92  45.811830  50.559891  3.068
 58     4.769 54249.31860494 18.35  45.810380  50.556661  3.068
 58     5.542 54249.31860558 19.31  45.808926  50.553431  3.757
 58     6.680 54249.31860623 19.21  45.807476  50.550201  3.757
 58     7.346 54249.31860687 19.72  45.806036  50.546961  3.757
 58     8.416 54249.31860752 19.19  45.804586  50.543731  3.757
 58     9.010 54249.31860816 19.14  45.803136  50.540501  3.757
 58    10.400 54249.31860881 19.02  45.801686  50.537271  3.757
 58    13.237 54249.31860945 18.00  45.800236  50.534031  3.757
 58    13.587 54249.31861009 17.30  45.798786  50.530801  3.757
 58    14.160 54249.31861074 16.91  45.797336  50.527571  3.757
 58    14.352 54249.31861138 16.18  45.795886  50.524341  3.757
 58    14.537 54249.31861203 15.83  45.794446  50.521101  3.757
 58    14.626 54249.31861267 16.08  45.792996  50.517871  3.757
 58    14.725 54249.31861332 15.19  45.791546  50.514641  3.757
 58    14.810 54249.31861396 14.15  45.790096  50.511411  3.757
 58    14.943 54249.31861461 13.97  45.788656  50.508171  3.757
 58    14.961 54249.31861525 13.10  45.787206  50.504941  3.757
 59    15.091 54284.31861222 13.65  45.811150  50.560264  4.597
 59    15.095 54284.31861287 13.43  45.809700  50.557024  4.597
 59    15.136 54284.31861351 13.76  45.808250  50.553794  4.597
 59    15.188 54284.31861416 12.88  45.806805  50.550564  2.211
 59    15.154 54284.31861480 13.33  45.805355  50.547334  2.211
 59    15.225 54284.31861544 13.35  45.803905  50.544104  2.211
 59    15.085 54284.31861609 13.12  45.802455  50.540864  2.211
 59    15.082 54284.31861673 13.26  45.801005  50.537634  2.211
 59    15.109 54284.31861738 13.29  45.799565  50.534404  2.211
 59    15.130 54284.31861802 13.38  45.798115  50.531164  2.211
 59    15.053 54284.31861867 13.18  45.796665  50.527934  2.211
 59    15.124 54284.31861931 13.18  45.795215  50.524704  2.211
 59    15.125 54284.31861996 12.63  45.793765  50.521474  2.211
 59    15.093 54284.31862060 12.82  45.792325  50.518234  2.211
 59    15.194 54284.31862125 12.33  45.790875  50.515004  2.211
 59    15.130 54284.31862189 12.59  45.789425  50.511774  2.211
 59    15.085 54284.31862254 12.70  45.787975  50.508544  2.211
 59    15.061 54284.31862318 12.99  45.786535  50.505304  2.211
 60    14.916 54319.31861002 34.20  45.810933  50.558688  4.814
 60    15.019 54319.31861066 36.16  45.809483  50.555448  4.814
 60    15.284 54319.31861131 40.48  45.808033  50.552218  4.814
 60    15.317 54319.31861195 41.58  45.806591  50.548988  8.636
 60    15.210 54319.31861260 42.29  45.805141  50.545758  8.636
 60    15.329 54319.31861324 42.62  45.803691  50.542518  8.636
 60    15.290 54319.31861389 39.91  45.802241  50.539288  8.636
 60    14.907 54319.31861453 39.48  45.800791  50.536058  8.636
 60    14.933 54319.31861518 38.89  45.799351  50.532828  8.636
 60    15.213 54319.31861582 38.92  45.797901  50.529588  8.636
 60    15.241 54319.31861647 41.64  45.796451  50.526358  8.636
 60    15.237 54319.31861711 42.31  45.795001  50.523128  8.636
 60    15.203 54319.31861776 38.71  45.793551  50.519898  8.636
 60    15.279 54319.31861840 39.79  45.792111  50.516658  8.636
 60    15.223 54319.31861904 36.61  45.790661  50.513428  8.636
 60    15.151 54319.31861969 34.52  45.789211  50.510198  8.636
 60    15.231 54319.31862033 33.54  45.787761  50.506968  8.636
 60    15.251 54319.31862098 34.81  45.786321  50.503728  8.636
 61    14.969 54354.31857645 11.54  45.798826  50.543898  3.166
 61    14.983 54354.31857709 11.76  45.797386  50.540668  3.166
 61    15.095 54354.31857774 11.39  45.795936  50.537428  3.166
 61    15.136 54354.31857838 11.18  45.794486  50.534198  3.166
 61    15.395 54354.31857902 11.27  45.793036  50.530968  3.166
 61    15.272 54354.31857967 10.67  45.791596  50.527738  3.166
 61    15.408 54354.31858031 10.50  45.790146  50.524498  3.166
 61    15.558 54354.31858096 10.07  45.788696  50.521268  3.166
 61    15.255 54354.31858160 10.06  45.787246  50.518038  3.166
 61    15.567 54354.31858225 10.38  45.785806  50.514798  3.166
 61    15.659 54354.31858289  9.79  45.784356  50.511568  3.166
 61    15.654 54354.31858354  9.45  45.782906  50.508338  3.166
 62    15.093 54389.31855022  8.36  45.812365  50.558966  1.892
 62    15.160 54389.31855087  8.54  45.810915  50.555726  1.892
 62    15.121 54389.31855151  9.06  45.809465  50.552496  1.892
 62    15.024 54389.31855216  9.33  45.808015  50.549266  1.892
 62    15.012 54389.31855280  9.77  45.806565  50.546036  1.892
 62    14.978 54389.31855345 10.45  45.805115  50.542796  1.892
 62    14.998 54389.31855409 10.21  45.803665  50.539566  1.892
 62    14.972 54389.31855473 10.86  45.802212  50.536336  2.917
 62    14.968 54389.31855538 10.95  45.800772  50.533106  2.917
 62    14.918 54389.31855602 10.95  45.799322  50.529866  2.917
 62    14.936 54389.31855667 10.91  45.797872  50.526636  2.917
 62    14.886 54389.31855731 10.70  45.796422  50.523406  2.917
 62    14.958 54389.31855796 10.78  45.794972  50.520176  2.917
 62    14.958 54389.31855860 10.90  45.793532  50.516936  2.917
 62    14.864 54389.31855925 11.52  45.792082  50.513706  2.917
 62    15.008 54389.31855989 11.04  45.790632  50.510476  2.917
 62    15.029 54389.31856054 10.21  45.789182  50.507246  2.917
 62    14.975 54389.31856118  9.96  45.787742  50.504006  2.917
 63    15.282 54424.31852305 20.61  45.808395  50.561026  7.647
 63    15.113 54424.31852369 17.42  45.806955  50.557796  7.647
 63    14.839 54424.31852434 14.71  45.805505  50.554566  7.647
 63    14.407 54424.31852498 13.76  45.804055  50.551326  7.647
 63    14.688 54424.31852562 11.20  45.802605  50.548096  7.647
 63    14.581 54424.31852627 12.21  45.801155  50.544866  7.647
 63    14.643 54424.31852691 11.62  45.799705  50.541636  7.647
 63    14.717 54424.31852756 11.02  45.798255  50.538396  7.647
 63    14.697 54424.31852820 11.48  45.796815  50.535166  7.647
 63    14.794 54424.31852885 10.53  45.795365  50.531934  3.532
 63    14.768 54424.31852949 10.47  45.793915  50.528704  3.532
 63    14.880 54424.31853014 10.63  45.792465  50.525474  3.532
 63    14.794 54424.31853078 11.89  45.791015  50.522234  3.532
 63    14.820 54424.31853143 10.36  45.789575  50.519004  3.532
 63    14.810 54424.31853207 11.58  45.788125  50.515774  3.532
 63    14.933 54424.31853272 11.88  45.786675  50.512534  3.532
 63    15.164 54424.31853336 10.36  45.785235  50.509304  3.532
 63    15.137 54424.31853401  9.93  45.783785  50.506074  3.532
 64    15.387 54459.31852576 27.55  45.815945  50.557403  3.918
 64    15.350 54459.31852641 27.62  45.814495  50.554163  3.918
 64    15.231 54459.31852705 28.73  45.813045  50.550933  3.918
 64    15.342 54459.31852770 28.62  45.811595  50.547703  3.918
 64    15.194 54459.31852834 27.53  45.810145  50.544463  3.918
 64    15.060 54459.31852899 28.65  45.808695  50.541233  3.918
 64    15.053 54459.31852963 27.78  45.807250  50.538004  5.212
 64    15.033 54459.31853028 27.15  45.805800  50.534774  5.212
 64    15.072 54459.31853092 26.89  45.804350  50.531534  5.212
 64    15.227 54459.31853157 26.42  45.802900  50.528304  5.212
 65    15.143 54494.31852948 28.42  45.805197  50.552136 10.295
 65    15.145 54494.31853013 27.64  45.803747  50.548906 10.295
 65    15.125 54494.31853077 28.14  45.802297  50.545666 10.295
 65    15.297 54494.31853142 26.80  45.800847  50.542436 10.295
 65    15.699 54494.31853206 26.29  45.799397  50.539206 10.295
 65    15.622 54494.31853271 26.56  45.797947  50.535976 10.295
 65    15.819 54494.31853335 25.74  45.796507  50.532736 10.295
 65    15.834 54494.31853399 25.73  45.795057  50.529506 10.295
 65    15.963 54494.31853464 24.02  45.793613  50.526274  5.744
 65    15.640 54494.31853528 25.19  45.792163  50.523044  5.744
 65    15.590 54494.31853593 25.89  45.790713  50.519814  5.744
 65    15.447 54494.31853657 25.84  45.789263  50.516574  5.744
 65    15.747 54494.31853722 25.36  45.787823  50.513344  5.744
 65    15.596 54494.31853786 26.55  45.786373  50.510114  5.744
 66    15.118 54529.31853950 22.77  45.813091  50.553071 12.469
 66    15.324 54529.31854014 22.83  45.811641  50.549841 12.469
 66    15.687 54529.31854079 23.61  45.810191  50.546611 12.469
 66    15.994 54529.31854143 24.28  45.808741  50.543381 12.469
 66    15.992 54529.31854208 24.44  45.807291  50.540141 12.469
 66    15.394 54529.31854272 23.49  45.805841  50.536911 12.469
 66    15.708 54529.31854337 19.54  45.804391  50.533681 12.469
 66    15.532 54529.31854401 16.76  45.802941  50.530451 12.469
 66    15.495 54529.31854466 15.99  45.801501  50.527211 12.469
 66    15.370 54529.31854530 15.77  45.800051  50.523981 12.469
 66    15.585 54529.31854595 15.64  45.798601  50.520751 12.469
 67    15.060 54564.31853413 12.96  45.805916  50.563092  2.496
 67    14.964 54564.31853477 12.81  45.804466  50.559852  2.496
 67    14.667 54564.31853542 13.71  45.803016  50.556622  2.496
 67    14.680 54564.31853606 13.20  45.801560  50.553390  3.556
 67    14.686 54564.31853671 13.52  45.800120  50.550160  3.556
 67    14.650 54564.31853735 12.77  45.798670  50.546920  3.556
 67    14.569 54564.31853800 13.31  45.797220  50.543690  3.556
 67    14.557 54564.31853864 13.78  45.795770  50.540460  3.556
 67    14.644 54564.31853929 13.37  45.794320  50.537230  3.556
 67    14.641 54564.31853993 13.21  45.792880  50.533990  3.556
 67    14.603 54564.31854057 13.31  45.791430  50.530760  3.556
 67    14.598 54564.31854122 12.87  45.789980  50.527530  3.556
 67    14.596 54564.31854186 12.91  45.788530  50.524300  3.556
 67    14.603 54564.31854251 13.34  45.787090  50.521060  3.556
 67    14.655 54564.31854315 13.32  45.785640  50.517830  3.556
 67    14.923 54564.31854380 13.34  45.784190  50.514600  3.556
 67    15.317 54564.31854444 13.05  45.782750  50.511360  3.556
 67    15.795 54564.31854509 12.01  45.781300  50.508130  3.556
 68    15.504 54599.31853358  9.93  45.811565  50.559735  2.330
 68    15.466 54599.31853423 11.33  45.810110  50.556505  3.411
 68    15.244 54599.31853487 11.90  45.808670  50.553275  3.411
 68    15.054 54599.31853552 10.72  45.807220  50.550045  3.411
 68    14.974 54599.31853616 10.48  45.805770  50.546805  3.411
 68    14.994 54599.31853681 10.24  45.804320  50.543575  3.411
 68    14.969 54599.31853745 10.65  45.802870  50.540345  3.411
 68    14.959 54599.31853810 10.66  45.801420  50.537105  3.411
 68    14.988 54599.31853874 10.70  45.799970  50.533875  3.411
 68    14.964 54599.31853939 10.74  45.798520  50.530645  3.411
 68    14.999 54599.31854003 10.32  45.797070  50.527415  3.411
 68    15.034 54599.31854068 10.43  45.795630  50.524175  3.411
 68    15.053 54599.31854132 10.33  45.794180  50.520945  3.411
 68    15.036 54599.31854197 10.23  45.792730  50.517715  3.411
 68    15.140 54599.31854261  9.56  45.791280  50.514485  3.411
 68    15.087 54599.31854325  9.88  45.789840  50.511245  3.411
 68    15.009 54599.31854390  9.79  45.788390  50.508015  3.411
 68    15.103 54599.31854454  8.76  45.786940  50.504785  3.411
 69    52.054 54634.31854638  4.78  45.809876  50.560261  4.144
 69    50.710 54634.31854703  4.78  45.808423  50.557033  6.439
 69    22.493 54634.31854767 11.48  45.806973  50.553803  6.439
 69    14.393 54634.31855025 16.09  45.801183  50.540873  6.439
 69    14.306 54634.31855090 16.52  45.799733  50.537633  6.439
 69    14.353 54634.31855154 16.64  45.798283  50.534403  6.439
 69    14.273 54634.31855218 15.69  45.796833  50.531173  6.439
 69    14.578 54634.31855283 14.59  45.795383  50.527943  6.439
 69    14.602 54634.31855347 14.61  45.793943  50.524703  6.439
 69    14.802 54634.31855412 14.29  45.792493  50.521473  6.439
 69    15.015 54634.31855476 14.70  45.791043  50.518243  6.439
 69    15.021 54634.31855541 14.51  45.789593  50.515013  6.439
 69    15.255 54634.31855605 13.67  45.788153  50.511773  6.439
 69    15.203 54634.31855670 13.26  45.786703  50.508543  6.439
 69    15.061 54634.31855734 13.21  45.785253  50.505313  6.439
 70    15.359 54669.31855125 20.14  45.808289  50.559435  3.824
 70    14.943 54669.31855189 18.23  45.806840  50.556205  7.526
 70    14.671 54669.31855254 17.91  45.805390  50.552975  7.526
 70    14.472 54669.31855318 18.03  45.803940  50.549735  7.526
 70    14.325 54669.31855383 18.41  45.802490  50.546505  7.526
 70    14.205 54669.31855447 19.52  45.801040  50.543275  7.526
 70    14.197 54669.31855512 19.56  45.799600  50.540045  7.526
 70    13.991 54669.31855576 20.71  45.798150  50.536805  7.526
 70    13.713 54669.31855640 22.81  45.796700  50.533575  7.526
 70    14.113 54669.31855705 22.26  45.795250  50.530345  7.526
 70    13.697 54669.31855769 23.71  45.793800  50.527115  7.526
 70    14.349 54669.31855834 23.72  45.792360  50.523875  7.526
 70    14.546 54669.31855898 24.24  45.790910  50.520645  7.526
 70    14.635 54669.31855963 24.56  45.789460  50.517415  7.526
 70    14.780 54669.31856027 25.53  45.788010  50.514175  7.526
 70    14.846 54669.31856092 25.44  45.786570  50.510945  7.526
 70    14.965 54669.31856156 25.84  45.785120  50.507715  7.526
 71    15.223 54704.31851428  9.91  45.808890  50.562593  2.277
 71    15.289 54704.31851493 10.03  45.807440  50.559363  2.277
 71    15.128 54704.31851557 10.90  45.805990  50.556123  2.277
 71    15.129 54704.31851622 11.47  45.804540  50.552893  2.277
 71    14.963 54704.31851686 12.14  45.803085  50.549661  3.149
 71    15.020 54704.31851750 11.67  45.801645  50.546431  3.149
 71    15.085 54704.31851815 11.84  45.800195  50.543201  3.149
 71    15.032 54704.31851879 12.12  45.798745  50.539961  3.149
 71    14.929 54704.31851944 12.59  45.797295  50.536731  3.149
 71    14.967 54704.31852008 12.52  45.795845  50.533501  3.149
 71    14.963 54704.31852073 12.27  45.794405  50.530261  3.149
 71    14.857 54704.31852137 12.54  45.792955  50.527031  3.149
 71    14.940 54704.31852202 12.29  45.791505  50.523801  3.149
 71    15.039 54704.31852266 11.65  45.790055  50.520571  3.149
 71    14.946 54704.31852331 11.78  45.788615  50.517331  3.149
 71    14.940 54704.31852395 11.22  45.787165  50.514101  3.149
 71    15.083 54704.31852460 11.01  45.785715  50.510871  3.149
 71    15.061 54704.31852524 10.73  45.784275  50.507641  3.149
 72    15.031 54739.31851381  8.33  45.814358  50.558252  3.401
 72    15.077 54739.31851445  8.92  45.812908  50.555022  3.401
 72    15.025 54739.31851510  8.70  45.811458  50.551782  3.401
 72    15.052 54739.31851574  9.54  45.810008  50.548552  3.401
 72    14.963 54739.31851639 10.18  45.808558  50.545322  3.401
 72    14.948 54739.31851703 10.48  45.807108  50.542092  3.401
 72    14.986 54739.31851768 10.54  45.805658  50.538852  3.401
 72    14.885 54739.31851832 11.30  45.804208  50.535622  3.401
 72    14.889 54739.31851897 11.14  45.802758  50.532392  3.401
 72    14.877 54739.31851961 12.76  45.801308  50.529162  3.401
 72    14.814 54739.31852026 12.02  45.799858  50.525922  3.401
 72    14.829 54739.31852090 11.57  45.798418  50.522692  3.401
 72    14.900 54739.31852155 11.51  45.796968  50.519462  3.401
 72    14.847 54739.31852219 12.26  45.795518  50.516232  3.401
 72    14.871 54739.31852284 12.40  45.794068  50.512992  3.401
 73    15.283 54774.31849611  9.52  45.809422  50.560816  3.149
 73    15.326 54774.31849676  9.12  45.807982  50.557576  3.149
 73    15.328 54774.31849740  9.23  45.806529  50.554347  2.879
 73    15.442 54774.31849805  9.70  45.805079  50.551117  2.879
 73    15.409 54774.31849869  9.99  45.803629  50.547877  2.879
 73    15.428 54774.31849934 10.18  45.802179  50.544647  2.879
 73    15.368 54774.31849998 10.61  45.800729  50.541417  2.879
 73    15.500 54774.31850063 10.85  45.799289  50.538187  2.879
 73    15.278 54774.31850127 10.48  45.797839  50.534947  2.879
 73    15.266 54774.31850191 10.88  45.796389  50.531717  2.879
 73    15.126 54774.31850256 10.74  45.794939  50.528487  2.879
 73    15.160 54774.31850320 10.65  45.793489  50.525257  2.879
 73    15.214 54774.31850385 10.68  45.792049  50.522017  2.879
 73    15.249 54774.31850449 10.66  45.790599  50.518787  2.879
 73    15.388 54774.31850514  9.62  45.789149  50.515557  2.879
 73    15.214 54774.31850578  9.78  45.787699  50.512327  2.879
 73    15.204 54774.31850643  9.83  45.786259  50.509087  2.879
 73    15.311 54774.31850707  9.62  45.784809  50.505857  2.879
 74    15.952 54809.31850715 14.38  45.815837  50.558763  3.403
 74    15.863 54809.31850780 12.84  45.814387  50.555533  3.403
 74    15.755 54809.31850844 10.23  45.812937  50.552293  3.403
 74    15.707 54809.31850909  9.16  45.811487  50.549063  3.403
 74    15.644 54809.31850973 10.03  45.810037  50.545833  3.403
 74    15.578 54809.31851038 10.46  45.808587  50.542603  3.403
 74    15.576 54809.31851102 10.83  45.807137  50.539363  3.403
 74    15.593 54809.31851166 10.91  45.805687  50.536133  3.403
 74    15.468 54809.31851231 11.07  45.804237  50.532903  3.403
 74    15.512 54809.31851295 11.76  45.802787  50.529673  3.403
 74    15.423 54809.31851360 11.55  45.801347  50.526433  3.403
 74    15.568 54809.31851424 10.88  45.799897  50.523203  3.403
 75    15.302 54844.31849414 21.36  45.808866  50.560890  2.015
 75    15.299 54844.31849478 22.36  45.807416  50.557660  2.015
 75    15.321 54844.31849543 23.23  45.805972  50.554430  4.800
 75    15.242 54844.31849607 23.58  45.804522  50.551200  4.800
 75    15.077 54844.31849672 24.72  45.803072  50.547960  4.800
 75    14.968 54844.31849736 25.01  45.801622  50.544730  4.800
 75    14.803 54844.31849801 25.54  45.800172  50.541500  4.800
 75    14.865 54844.31849865 26.12  45.798732  50.538270  4.800
 75    14.824 54844.31849930 25.66  45.797282  50.535030  4.800
 75    14.887 54844.31849994 24.78  45.795832  50.531800  4.800
 75    14.832 54844.31850059 25.19  45.794382  50.528570  4.800
 75    14.931 54844.31850123 24.29  45.792932  50.525340  4.800
 75    15.013 54844.31850188 24.07  45.791492  50.522100  4.800
 75    14.965 54844.31850252 23.03  45.790042  50.518870  4.800
 75    15.121 54844.31850317 22.54  45.788592  50.515640  4.800
 75    15.161 54844.31850381 21.63  45.787142  50.512410  4.800
 75    15.235 54844.31850445 21.17  45.785702  50.509170  4.800
 75    15.256 54844.31850510 20.04  45.784252  50.505940  4.800
 76    15.321 54879.31851072 22.05  45.811318  50.558945  5.595
 76    15.390 54879.31851136 22.12  45.809868  50.555715  5.595
 76    15.386 54879.31851201 22.88  45.808418  50.552485  5.595
 76    15.460 54879.31851265 21.67  45.806968  50.549255  5.595
 76    15.717 54879.31851330 21.50  45.805518  50.546025  5.595
 76    15.510 54879.31851394 20.79  45.804068  50.542785  5.595
 76    15.326 54879.31851459 20.20  45.802618  50.539555  5.595
 76    15.131 54879.31851523 19.40  45.801168  50.536325  5.595
 76    15.115 54879.31851587 19.61  45.799728  50.533095  5.595
 76    15.416 54879.31851652 18.69  45.798278  50.529855  5.595
 76    15.649 54879.31851716 18.06  45.796828  50.526625  5.595
 76    15.837 54879.31851781 17.81  45.795378  50.523395  5.595
 76    15.769 54879.31851845 18.05  45.793928  50.520165  5.595
 76    15.736 54879.31851910 18.26  45.792478  50.516925  5.595
 76    15.723 54879.31851974 18.22  45.791038  50.513695  5.595
 76    15.827 54879.31852039 19.54  45.789588  50.510465  5.595
 76    15.912 54879.31852103 20.23  45.788138  50.507235  5.595
 76    15.599 54879.31852168 19.67  45.786688  50.503995  5.595
 77    15.185 54914.31849900 21.41  45.802340  50.557669 11.187
 77    15.211 54914.31849964 21.25  45.800892  50.554437  5.826
 77    15.236 54914.31850029 21.06  45.799442  50.551207  5.826
 77    15.378 54914.31850093 20.66  45.797992  50.547967  5.826
 77    15.520 54914.31850158 20.45  45.796542  50.544737  5.826
 77    15.483 54914.31850222 19.90  45.795092  50.541507  5.826
 77    15.397 54914.31850287 20.13  45.793642  50.538277  5.826
 77    15.481 54914.31850351 20.40  45.792202  50.535037  5.826
 77    15.535 54914.31850416 20.24  45.790752  50.531807  5.826
 77    15.766 54914.31850480 19.93  45.789302  50.528577  5.826
 77    15.483 54914.31850544 20.36  45.787852  50.525347  5.826
 77    15.654 54914.31850609 20.32  45.786412  50.522107  5.826
 77    15.466 54914.31850673 19.52  45.784962  50.518877  5.826
 77    15.611 54914.31850738 20.60  45.783512  50.515647  5.826
 77    15.638 54914.31850802 20.11  45.782072  50.512417  5.826
 77    15.709 54914.31850867 19.85  45.780622  50.509177  5.826
 78    15.859 54949.31850244 40.03  45.811415  50.560005 11.180
 78    15.710 54949.31850308 38.44  45.809965  50.556775 11.180
 78    15.679 54949.31850373 38.96  45.808515  50.553545 11.180
 78    15.593 54949.31850437 38.81  45.807065  50.550315 11.180
 78    15.585 54949.31850502 40.99  45.805615  50.547075 11.180
 78    15.622 54949.31850566 41.95  45.804165  50.543845 11.180
 78    15.688 54949.31850630 42.19  45.802715  50.540615 11.180
 78    15.711 54949.31850695 42.83  45.801265  50.537385 11.180
 78    15.696 54949.31850759 42.35  45.799815  50.534145 11.180
 78    15.663 54949.31850824 42.75  45.798375  50.530915 11.180
 78    15.639 54949.31850888 41.96  45.796925  50.527685 11.180
 78    15.589 54949.31850953 41.93  45.795475  50.524445 11.180
 78    15.671 54949.31851017 41.88  45.794025  50.521215 11.180
 78    15.684 54949.31851082 42.81  45.792575  50.517985 11.180
 78    15.582 54949.31851146 43.95  45.791135  50.514755 11.180
 78    15.707 54949.31851211 46.26  45.789685  50.511515 11.180
 78    15.656 54949.31851275 45.80  45.788235  50.508285 11.180
 78    15.575 54949.31851340 48.35  45.786785  50.505055 11.180
 79    14.794 54984.31852735 27.57  45.810651  50.561773  3.374
 79    14.738 54984.31852800 25.26  45.809195  50.558544  4.074
 79    14.446 54984.31852864 19.43  45.807755  50.555314  4.074
 79    14.230 54984.31852929 18.25  45.806305  50.552074  4.074
 79    14.223 54984.31852993 18.54  45.804855  50.548844  4.074
 79    14.255 54984.31853058 17.91  45.803405  50.545614  4.074
 79    14.107 54984.31853122 18.05  45.801955  50.542384  4.074
 79    14.113 54984.31853187 18.82  45.800505  50.539144  4.074
 79    13.916 54984.31853251 19.06  45.799055  50.535914  4.074
 79    13.977 54984.31853316 19.12  45.797605  50.532684  4.074
 79    14.141 54984.31853380 18.20  45.796155  50.529454  4.074
 79    14.213 54984.31853445 17.84  45.794715  50.526214  4.074
 79    14.358 54984.31853509 17.62  45.793265  50.522984  4.074
 79    14.363 54984.31853574 17.45  45.791815  50.519754  4.074
 79    14.354 54984.31853638 17.44  45.790365  50.516524  4.074
 79    14.307 54984.31853703 18.00  45.788915  50.513284  4.074
 79    14.282 54984.31853767 16.97  45.787475  50.510054  4.074
 79    14.440 54984.31853831 16.00  45.786025  50.506824  4.074
 80    15.092 55019.31852364  8.17  45.811688  50.561033  2.000
 80    15.043 55019.31852429  8.19  45.810238  50.557803  2.000
 80    15.003 55019.31852493  9.10  45.808789  50.554574  3.323
 80    14.910 55019.31852558 10.09  45.807339  50.551344  3.323
 80    14.966 55019.31852622 10.09  45.805889  50.548104  3.323
 80    14.854 55019.31852687 10.31  45.804439  50.544874  3.323
 80    14.902 55019.31852751 10.06  45.802999  50.541644  3.323
 80    14.842 55019.31852816 10.75  45.801549  50.538414  3.323
 80    14.885 55019.31852880 10.55  45.800099  50.535174  3.323
 80    14.809 55019.31852944 10.86  45.798649  50.531944  3.323
 80    14.854 55019.31853009 10.28  45.797199  50.528714  3.323
 80    14.797 55019.31853073 10.20  45.795749  50.525484  3.323
 80    14.914 55019.31853138 10.15  45.794309  50.522244  3.323
 80    14.881 55019.31853202 10.13  45.792859  50.519014  3.323
 80    14.806 55019.31853267 10.03  45.791409  50.515784  3.323
 80    14.959 55019.31853331  9.93  45.789959  50.512554  3.323
 80    14.877 55019.31853396 10.21  45.788519  50.509314  3.323
 80    15.097 55019.31853460  8.55  45.787069  50.506084  3.323
 81    12.800 55054.31851971 30.48  45.810400  50.560592  3.404
 81    13.167 55054.31852036 30.83  45.808950  50.557362  3.404
 81    13.376 55054.31852100 31.19  45.807504  50.554131  5.704
 81    13.412 55054.31852165 32.53  45.806054  50.550901  5.704
 81    13.495 55054.31852229 33.29  45.804604  50.547671  5.704
 81    13.841 55054.31852294 31.68  45.803154  50.544431  5.704
 81    13.994 55054.31852358 31.47  45.801704  50.541201  5.704
 81    14.067 55054.31852423 31.75  45.800264  50.537971  5.704
 81    13.913 55054.31852487 31.33  45.798814  50.534731  5.704
 81    14.023 55054.31852551 31.13  45.797364  50.531501  5.704
 81    13.786 55054.31852616 31.72  45.795914  50.528271  5.704
 81    13.617 55054.31852680 31.59  45.794464  50.525041  5.704
 81    14.065 55054.31852745 31.08  45.793024  50.521801  5.704
 81    14.441 55054.31852809 29.74  45.791574  50.518571  5.704
 81    14.559 55054.31852874 30.02  45.790124  50.515341  5.704
 81    14.875 55054.31852938 28.67  45.788674  50.512101  5.704
 81    15.056 55054.31853003 28.73  45.787234  50.508871  5.704
 81    15.112 55054.31853067 27.92  45.785784  50.505641  5.704
 82    15.042 55089.31847990 10.54  45.806082  50.563747  1.684
 82    14.987 55089.31848054 10.62  45.804632  50.560517  1.684
 82    14.927 55089.31848118 10.47  45.803182  50.557277  1.684
 82    14.840 55089.31848183 11.22  45.801732  50.554047  1.684
 82    14.911 55089.31848247 11.51  45.800278  50.550816  2.750
 82    14.923 55089.31848312 11.47  45.798838  50.547586  2.750
 82    14.827 55089.31848376 11.67  45.797388  50.544356  2.750
 82    14.881 55089.31848441 11.89  45.795938  50.541116  2.750
 82    14.848 55089.31848505 11.99  45.794488  50.537886  2.750
 82    14.831 55089.31848570 12.43  45.793038  50.534656  2.750
 82    14.863 55089.31848634 11.85  45.791598  50.531416  2.750
 82    14.845 55089.31848699 12.29  45.790148  50.528186  2.750
 82    14.838 55089.31848763 11.40  45.788698  50.524956  2.750
 82    14.923 55089.31848828 11.61  45.787248  50.521726  2.750
 82    14.861 55089.31848892 11.36  45.785808  50.518486  2.750
 82    14.876 55089.31848957 10.58  45.784358  50.515256  2.750
 82    15.042 55089.31849021 10.25  45.782908  50.512026  2.750
 82    15.021 55089.31849085 10.65  45.781468  50.508796  2.750
 83    14.942 55124.31845718  8.86  45.814416  50.560124  3.026
 83    14.975 55124.31845782  9.23  45.812966  50.556894  3.026
 83    15.012 55124.31845847  9.86  45.811516  50.553654  3.026
 83    14.971 55124.31845911 10.81  45.810066  50.550424  3.026
 83    14.904 55124.31845976 11.01  45.808616  50.547194  3.026
 83    14.825 55124.31846040 11.44  45.807166  50.543964  3.026
 83    14.815 55124.31846105 11.11  45.805716  50.540724  3.026
 83    14.721 55124.31846169 12.14  45.804266  50.537494  3.026
 83    14.771 55124.31846233 11.71  45.802816  50.534264  3.026
 83    14.809 55124.31846298 11.83  45.801366  50.531034  3.026
 83    14.824 55124.31846362 11.65  45.799926  50.527794  3.026
 83    14.765 55124.31846427 11.53  45.798476  50.524564  3.026
 83    14.788 55124.31846491 11.08  45.797026  50.521334  3.026
 83    14.856 55124.31846556 10.80  45.795576  50.518104  3.026
 83    14.825 55124.31846620 10.88  45.794126  50.514864  3.026
 83    14.910 55124.31846685 10.46  45.792686  50.511634  3.026
 83    14.904 55124.31846749  9.90  45.791236  50.508404  3.026
 83    14.904 55124.31846814  9.18  45.789786  50.505174  3.026
 84    15.164 55159.31844137  9.03  45.807300  50.561646  1.761
 84    15.112 55159.31844202  9.31  45.805850  50.558416  1.761
 84    15.074 55159.31844266  9.60  45.804400  50.555176  1.761
 84    14.941 55159.31844331 10.02  45.802950  50.551946  3.172
 84    14.945 55159.31844395 10.98  45.801500  50.548716  3.172
 84    14.862 55159.31844460 11.45  45.800050  50.545486  3.172
 84    14.870 55159.31844524 11.75  45.798600  50.542246  3.172
 84    14.842 55159.31844589 11.43  45.797150  50.539016  3.172
 84    14.899 55159.31844653 11.79  45.795710  50.535786  3.172
 84    14.953 55159.31844718 11.87  45.794260  50.532546  3.172
 84    14.914 55159.31844782 11.99  45.792810  50.529316  3.172
 84    14.884 55159.31844846 11.91  45.791360  50.526086  3.172
 84    14.969 55159.31844911 11.58  45.789910  50.522856  3.172
 84    14.915 55159.31844975 11.39  45.788470  50.519616  3.172
 84    14.878 55159.31845040 11.72  45.787020  50.516386  3.172
 84    15.058 55159.31845104 12.06  45.785570  50.513156  3.172
 84    15.184 55159.31845169 12.06  45.784130  50.509926  3.172
 85    36.169 55194.31844746 13.42  45.815256  50.557894 16.883
 85    15.024 55194.31845004 43.76  45.809456  50.544964 16.883
 85    14.980 55194.31845068 46.80  45.808006  50.541734 16.883
 85    15.295 55194.31845133 46.01  45.806556  50.538494 16.883
 85    15.656 55194.31845197 44.97  45.805106  50.535264 16.883
 85    15.713 55194.31845262 44.76  45.803656  50.532034 16.883
 85    15.628 55194.31845326 43.29  45.802206  50.528804 16.883
 85    15.734 55194.31845391 42.31  45.800766  50.525564 16.883
 85    15.634 55194.31845455 44.35  45.799316  50.522334 16.883
 86    14.404 55229.31844356 19.74  45.806120  50.562426  1.673
 86    14.470 55229.31844420 20.30  45.804670  50.559196  1.673
 86    14.492 55229.31844484 20.64  45.803220  50.555967  3.694
 86    14.386 55229.31844549 21.49  45.801770  50.552737  3.694
 86    14.347 55229.31844613 21.61  45.800320  50.549497  3.694
 86    14.290 55229.31844678 22.71  45.798870  50.546267  3.694
 86    14.351 55229.31844742 23.19  45.797420  50.543037  3.694
 86    14.356 55229.31844807 23.35  45.795980  50.539807  3.694
 86    14.349 55229.31844871 23.59  45.794530  50.536567  3.694
 86    14.262 55229.31844936 24.05  45.793080  50.533337  3.694
 86    14.325 55229.31845000 23.60  45.791630  50.530107  3.694
 86    14.339 55229.31845065 23.60  45.790180  50.526877  3.694
 86    14.356 55229.31845129 24.37  45.788740  50.523637  3.694
 86    14.413 55229.31845194 23.74  45.787290  50.520407  3.694
 86    14.388 55229.31845258 22.57  45.785840  50.517177  3.694
 86    14.444 55229.31845323 21.76  45.784390  50.513947  3.694
 86    14.455 55229.31845387 21.18  45.782950  50.510707  3.694
 87    50.758 55264.31844244  6.63  45.813033  50.560516  1.917
 87    50.725 55264.31844309  6.64  45.811583  50.557286  1.917
 87    50.371 55264.31844373  5.80  45.810133  50.554046  1.917
 87    49.406 55264.31844437  5.30  45.808683  50.550816  1.917
 87    48.503 55264.31844502  4.80  45.807233  50.547586  1.917
 87    47.358 55264.31844566  4.64  45.805783  50.544356  1.917
 87    46.663 55264.31844631  4.79  45.804333  50.541116  1.917
 87    66.189 55264.31844695  2.57  45.802883  50.537886  1.917
 87    72.466 55264.31844760  1.57  45.801433  50.534656  1.917
 87    36.715 55264.31845276 10.81  45.789853  50.508796  1.917
 87   121.076 55264.31845340  6.18  45.788403  50.505566  1.917
 88    15.252 55299.31842593 19.62  45.807503  50.562993  6.755
 88    15.242 55299.31842657 21.51  45.806053  50.559763  6.755
 88    15.383 55299.31842722 28.64  45.804603  50.556523  6.755
 88    15.460 55299.31842786 40.66  45.803153  50.553293  6.755
 88    15.400 55299.31842851 50.21  45.801699  50.550060 33.472
 88    15.548 55299.31842915 51.59  45.800259  50.546830 33.472
 88    15.381 55299.31842979 47.75  45.798809  50.543600 33.472
 88    15.453 55299.31843044 49.85  45.797359  50.540360 33.472
 88    15.441 55299.31843108 50.34  45.795909  50.537130 33.472
 88    15.462 55299.31843173 50.34  45.794459  50.533900 33.472
 88    15.502 55299.31843237 46.56  45.793019  50.530670 33.472
 88    15.439 55299.31843302 40.62  45.791569  50.527430 33.472
 88    15.246 55299.31843366 33.71  45.790119  50.524200 33.472
 88    15.127 55299.31843431 33.26  45.788669  50.520970 33.472
 88    15.393 55299.31843495 40.12  45.787229  50.517730 33.472
 88    15.320 55299.31843560 44.18  45.785779  50.514500 33.472
 88    15.291 55299.31843624 44.33  45.784329  50.511270 33.472
 88    15.414 55299.31843689 44.13  45.782889  50.508040 33.472
 89    15.138 55334.31841973 17.16  45.808982  50.560968  2.073
 89    14.938 55334.31842037 18.35  45.807532  50.557738  2.073
 89    15.055 55334.31842102 18.92  45.806085  50.554508  7.421
 89     7.069 55334.31842166 20.27  45.804635  50.551278  7.421
 89    13.718 55334.31842231 20.61  45.803185  50.548038  7.421
 89     9.981 55334.31842295 21.23  45.801735  50.544808  7.421
 89    14.460 55334.31842360 21.15  45.800285  50.541578  7.421
 89    11.710 55334.31842424 22.75  45.798845  50.538348  7.421
 89    12.837 55334.31842489 22.54  45.797395  50.535108  7.421
 89    13.060 55334.31842553 24.37  45.795945  50.531878  7.421
 89    13.534 55334.31842618 26.65  45.794495  50.528648  7.421
 89    14.071 55334.31842682 27.34  45.793045  50.525418  7.421
 89    14.558 55334.31842746 26.79  45.791605  50.522178  7.421
 89    14.987 55334.31842811 27.40  45.790155  50.518948  7.421
 89    15.164 55334.31842875 28.18  45.788705  50.515718  7.421
 89    15.506 55334.31842940 30.13  45.787255  50.512488  7.421
 89    15.545 55334.31843004 36.64  45.785815  50.509248  7.421
 89    15.591 55334.31843069 37.63  45.784365  50.506018  7.421
 90    14.776 55369.31841091 11.57  45.810836  50.561572  3.285
 90    14.704 55369.31841155 12.19  45.809386  50.558342  3.285
 90    14.407 55369.31841220 11.60  45.807939  50.555113  3.740
 90    14.246 55369.31841284 11.78  45.806489  50.551883  3.740
 90    14.043 55369.31841349 13.66  45.805039  50.548643  3.740
 90    14.109 55369.31841413 13.38  45.803589  50.545413  3.740
 90    14.176 55369.31841478 12.47  45.802139  50.542183  3.740
 90    14.124 55369.31841542 13.43  45.800699  50.538953  3.740
 90    14.088 55369.31841606 13.39  45.799249  50.535713  3.740
 90    14.182 55369.31841671 12.48  45.797799  50.532483  3.740
 90    14.197 55369.31841735 11.42  45.796349  50.529253  3.740
 90    14.208 55369.31841800 11.55  45.794899  50.526023  3.740
 90    14.205 55369.31841864 12.05  45.793459  50.522783  3.740
 90    14.212 55369.31841929 11.10  45.792009  50.519553  3.740
 90    14.293 55369.31841993 12.01  45.790559  50.516323  3.740
 90    14.343 55369.31842058 10.69  45.789109  50.513083  3.740
 90    14.446 55369.31842122 10.22  45.787669  50.509853  3.740
 90    14.637 55369.31842187  8.95  45.786219  50.506623  3.740
 91    15.013 55404.31842797 22.14  45.815019  50.559138  3.449
 91    14.881 55404.31842862 21.31  45.813569  50.555909  4.838
 91    14.616 55404.31842926 19.66  45.812119  50.552679  4.838
 91    14.270 55404.31842991 16.89  45.810669  50.549439  4.838
 91    14.218 55404.31843055 15.63  45.809219  50.546209  4.838
 91    14.114 55404.31843120 16.00  45.807769  50.542979  4.838
 91    14.305 55404.31843184 15.34  45.806319  50.539749  4.838
 91    14.385 55404.31843249 14.36  45.804869  50.536509  4.838
 91    14.478 55404.31843313 13.12  45.803419  50.533279  4.838
 91    14.474 55404.31843378 13.25  45.801969  50.530049  4.838
 91    14.589 55404.31843442 12.28  45.800519  50.526819  4.838
 91    14.529 55404.31843507 12.02  45.799079  50.523579  4.838
 91    14.586 55404.31843571 11.74  45.797629  50.520349  4.838
 91    14.570 55404.31843635 11.18  45.796179  50.517119  4.838
 91    14.634 55404.31843700 10.83  45.794729  50.513889  4.838
 92    14.740 55439.31842940 22.59  45.809648  50.559736  5.369
 92    14.670 55439.31843005 19.40  45.808198  50.556506  5.369
 92    14.137 55439.31843069 19.80  45.806755  50.553275  3.483
 92    14.180 55439.31843134 15.12  45.805305  50.550045  3.483
 92    14.205 55439.31843198 14.04  45.803855  50.546815  3.483
 92    14.146 55439.31843263 14.90  45.802405  50.543575  3.483
 92    14.135 55439.31843327 14.60  45.800955  50.540345  3.483
 92    14.248 55439.31843392 14.50  45.799515  50.537115  3.483
 92    14.042 55439.31843456 15.15  45.798065  50.533875  3.483
 92    14.156 55439.31843520 15.08  45.796615  50.530645  3.483
 92    14.072 55439.31843585 15.30  45.795165  50.527415  3.483
 92    14.179 55439.31843649 14.70  45.793715  50.524185  3.483
 92    14.237 55439.31843714 14.35  45.792275  50.520945  3.483
 92    14.309 55439.31843778 13.95  45.790825  50.517715  3.483
 92    14.230 55439.31843843 14.31  45.789375  50.514485  3.483
 92    14.451 55439.31843907 13.68  45.787925  50.511245  3.483
 92    14.506 55439.31843972 12.92  45.786485  50.508015  3.483
 92    14.456 55439.31844036 12.29  45.785035  50.504785  3.483
 93    14.559 55474.31837570 16.44  45.806010  50.561513  4.792
 93    14.351 55474.31837635 14.06  45.804560  50.558283  4.792
 93    14.235 55474.31837699 12.00  45.803110  50.555043  4.792
 93    14.019 55474.31837764 12.99  45.801660  50.551813  4.792
 93    14.003 55474.31837828 13.25  45.800211  50.548582  2.883
 93    14.083 55474.31837892 12.62  45.798761  50.545352  2.883
 93    14.157 55474.31837957 12.27  45.797321  50.542122  2.883
 93    14.091 55474.31838021 12.29  45.795871  50.538882  2.883
 93    14.074 55474.31838086 12.28  45.794421  50.535652  2.883
 93    14.007 55474.31838150 11.87  45.792971  50.532422  2.883
 93    14.115 55474.31838215 11.11  45.791531  50.529192  2.883
 93    14.102 55474.31838279 11.21  45.790081  50.525952  2.883
 93    14.083 55474.31838344 11.93  45.788631  50.522722  2.883
 93    14.058 55474.31838408 11.35  45.787181  50.519492  2.883
 93    14.223 55474.31838473 11.57  45.785741  50.516252  2.883
 93    14.332 55474.31838537 10.71  45.784291  50.513022  2.883
 93    14.647 55474.31838602  9.77  45.782841  50.509792  2.883
