# NaN NaN NaN ;Mean Elev.(m), Avg Gradient(m/km), RMS Gradient(m/km) - SRTM1     
#   26.723  -4.394   9.583 ;Mean Elev.(m), Avg Gradient(m/km), RMS Gradient(m/km) - ASTER GDEM
#   10.371  -4.910   8.592 ;Mean Elev.(m), Avg Gradient(m/km), RMS Gradient(m/km) - GMTED2010 
  6    96.069 52418.75489736  5.40  47.235860  51.954327 19.273
  6    91.741 52418.75489801 11.67  47.234340  51.957547 19.273
  7    19.969 52453.75492373 41.46  47.237741  51.956692 34.145
  7    20.346 52453.75492438 41.12  47.236221  51.959912 34.145
  7    20.954 52453.75492631 29.49  47.231641  51.969592 34.145
  7    20.178 52453.75492696 27.04  47.230111  51.972822 34.145
  7    20.239 52453.75492760 27.08  47.228591  51.976042 34.145
  8    15.657 52488.75490334 29.83  47.244286  51.964291  7.403
  8    15.477 52488.75490399 24.94  47.242756  51.967521  7.403
  8    15.053 52488.75490463 24.03  47.241236  51.970751  7.403
  8    14.528 52488.75490528 23.61  47.239706  51.973971  7.403
  8    14.862 52488.75490592 22.51  47.238186  51.977201  7.403
  8    13.716 52488.75490657 21.25  47.236656  51.980421  7.403
  9    16.068 52523.75487791 50.91  47.245144  51.963307 31.438
  9    16.079 52523.75487856 49.45  47.243614  51.966527 31.438
  9    16.086 52523.75487920 48.36  47.242094  51.969757 31.438
  9    16.095 52523.75487985 47.96  47.240564  51.972977 31.438
  9    16.095 52523.75488049 48.28  47.239045  51.976210  8.273
  9    16.093 52523.75488114 45.91  47.237515  51.979430  8.273
 11    16.472 52593.75492767 23.15  47.238511  51.954760 14.102
 11    16.319 52593.75492831 24.12  47.236991  51.957990 14.102
 11    16.306 52593.75492895 21.30  47.235461  51.961210 14.102
 11    16.204 52593.75493024 20.76  47.232411  51.967660 14.102
 11    16.017 52593.75493089 19.43  47.230887  51.970891  3.326
 11    15.747 52593.75493153 19.42  47.229357  51.974111  3.326
 11    15.497 52593.75493218 17.33  47.227827  51.977341  3.326
 12    17.305 52628.75485463 31.14  47.238652  51.962006  7.366
 12    17.031 52628.75485592 28.80  47.235602  51.968456  7.366
 12    17.040 52628.75485657 28.67  47.234072  51.971676  7.366
 12    17.182 52628.75485721 26.78  47.232546  51.974903  3.252
 12    17.115 52628.75485785 25.03  47.231016  51.978133  3.252
 13    16.538 52663.75489328 12.85  47.233852  51.973599  3.704
 13    16.526 52663.75489393 11.98  47.232321  51.976829  2.141
 14    17.135 52698.75486524 10.61  47.238521  51.957479  2.372
 14    16.713 52698.75486588 11.45  47.236991  51.960709  2.372
 14    16.729 52698.75486782  9.63  47.232411  51.970379  2.372
 14    16.937 52698.75486846  8.58  47.230881  51.973609  2.372
 14    16.789 52698.75486911  8.27  47.229361  51.976829  2.372
 15    17.488 52733.75489006 33.59  47.248669  51.964701 13.375
 15    17.515 52733.75489071 28.96  47.247139  51.967921 13.375
 15    17.549 52733.75489135 26.72  47.245609  51.971151 13.375
 15    17.349 52733.75489199 26.69  47.244089  51.974371 13.375
 15    17.493 52733.75489264 29.72  47.242559  51.977601 13.375
 15    17.448 52733.75489328 27.28  47.241029  51.980821 13.375
 16    18.720 52768.75489122 28.64  47.245497  51.962477 25.098
 16    18.731 52768.75489186 25.03  47.243977  51.965697 25.098
 16    19.007 52768.75489251 22.28  47.242447  51.968927 25.098
 16    18.895 52768.75489315 21.85  47.240917  51.972147 25.098
 16    19.126 52768.75489379 21.35  47.239394  51.975381  3.947
 16    19.446 52768.75489444 21.30  47.237874  51.978601  3.947
 16    19.546 52768.75489508 25.40  47.236344  51.981831  3.947
 17    16.008 52803.75491296 51.80  47.236712  51.950552 27.658
 17    15.932 52803.75491360 51.27  47.235192  51.953782 27.658
 17    15.899 52803.75491425 50.58  47.233662  51.957012 27.658
 17    16.120 52803.75491683 45.97  47.227558  51.969911 10.383
 17    15.961 52803.75491747 45.56  47.226028  51.973131 10.383
 17    16.015 52803.75491811 43.19  47.224498  51.976361 10.383
 18    16.676 52838.75497706 25.73  47.239456  51.956403 15.170
 18    16.458 52838.75497771 23.06  47.237926  51.959633 15.170
 18    16.167 52838.75497835 18.83  47.236406  51.962853 15.170
 18    16.758 52838.75497964 15.21  47.233346  51.969303 15.170
 18    16.149 52838.75498029 12.27  47.231827  51.972533  2.160
 18    16.203 52838.75498093 11.79  47.230297  51.975763  2.160
 19    16.890 52873.75501677 39.69  47.240811  51.956746 19.762
 19    16.611 52873.75501742 40.71  47.239291  51.959976 19.762
 19    16.721 52873.75501806 33.66  47.237761  51.963196 19.762
 19    15.722 52873.75501935 28.47  47.234711  51.969646 19.762
 19    15.156 52873.75501999 26.65  47.233177  51.972876  3.503
 19    14.878 52873.75502064 25.05  47.231657  51.976096  3.503
 20    16.018 52908.75499833 34.18  47.246692  51.965062 19.418
 20    15.937 52908.75499897 33.70  47.245162  51.968282 19.418
 20    15.805 52908.75499962 32.79  47.243642  51.971512 19.418
 20    15.885 52908.75500026 31.84  47.242112  51.974732 19.418
 20    16.287 52908.75500090 29.83  47.240586  51.977964  4.124
 20    16.303 52908.75500155 33.35  47.239056  51.981184  4.124
 21    16.338 52943.75492988 14.26  47.235864  51.969118 18.805
 21    16.202 52943.75493053 13.68  47.234344  51.972348 18.805
 21    16.172 52943.75493117 12.87  47.232814  51.975568 18.805
 21    15.921 52943.75493181 11.96  47.231284  51.978798 18.805
 22    16.347 52978.75498396 29.90  47.238586  51.957358 18.058
 22    16.293 52978.75498460 22.76  47.237056  51.960588 18.058
 22    15.259 52978.75498654 17.79  47.232476  51.970258 18.058
 22    15.941 52978.75498718 14.21  47.230946  51.973488 18.058
 22    15.787 52978.75498783 13.45  47.229426  51.976718 18.058
 24    17.036 53048.75495594 18.59  47.231415  51.968620  4.155
 24    16.812 53048.75495659 18.27  47.229885  51.971840  4.155
 24    16.706 53048.75495723 16.75  47.228361  51.975070  2.680
 26    18.547 53118.75495864 29.49  47.236161  51.952841 27.873
 26    18.678 53118.75495929 27.48  47.234631  51.956061 27.873
 26    19.050 53118.75495993 33.29  47.233101  51.959291 27.873
 26    18.883 53118.75496187 26.29  47.228521  51.968961 27.873
 26    18.458 53118.75496251 21.12  47.226992  51.972190  5.199
 26    17.972 53118.75496316 18.64  47.225472  51.975410  5.199
 27    17.487 53153.75500967 32.90  47.236944  51.952455 22.199
 27    17.585 53153.75501032 28.91  47.235414  51.955675 22.199
 27    17.929 53153.75501096 28.52  47.233894  51.958905 22.199
 27    17.679 53153.75501354 37.67  47.227782  51.971807 11.201
 27    17.732 53153.75501418 46.81  47.226262  51.975027 11.201
 28    16.270 53188.75500038 22.91  47.244664  51.964223 25.727
 28    15.883 53188.75500102 22.74  47.243134  51.967453 25.727
 28    15.716 53188.75500166 22.56  47.241614  51.970673 25.727
 28    16.162 53188.75500231 20.46  47.240082  51.973905  6.262
 28    16.500 53188.75500295 22.97  47.238562  51.977125  6.262
 28    16.631 53188.75500360 30.50  47.237032  51.980355  6.262
 29    15.966 53223.75501573 29.63  47.245171  51.962218 21.643
 29    15.794 53223.75501637 26.18  47.243641  51.965438 21.643
 29    15.365 53223.75501702 24.70  47.242121  51.968668 21.643
 29    15.436 53223.75501766 23.42  47.240591  51.971888 21.643
 29    15.382 53223.75501831 24.75  47.239066  51.975120  3.392
 29    15.623 53223.75501895 23.64  47.237536  51.978340  3.392
 29    15.709 53223.75501960 23.91  47.236016  51.981570  3.392
 30    16.008 53258.75499104 23.84  47.242676  51.961792 21.844
 30    15.965 53258.75499168 17.36  47.241146  51.965012 21.844
 30    15.643 53258.75499232 18.58  47.239626  51.968242 21.844
 30    15.498 53258.75499297 18.97  47.238096  51.971462 21.844
 30    15.696 53258.75499361 17.44  47.236570  51.974695  4.457
 30    15.906 53258.75499426 15.62  47.235050  51.977915  4.457
 31    16.296 53293.75501206 26.18  47.233192  51.948645 15.889
 31    15.314 53293.75501593 22.80  47.224032  51.967995 15.889
 31    14.475 53293.75501658 22.24  47.222513  51.971225  2.794
 31    14.967 53293.75501722 19.67  47.220983  51.974445  2.794
 32    16.885 53328.75498818 20.55  47.241781  51.964145 20.647
 32    15.432 53328.75498882 21.21  47.240251  51.967375 20.647
 32    15.446 53328.75498947 19.58  47.238731  51.970595 20.647
 32    15.532 53328.75499011 17.65  47.237204  51.973826  3.413
 32    15.514 53328.75499076 16.86  47.235674  51.977046  3.413
 32    14.466 53328.75499140 16.11  47.234154  51.980276  3.413
 33    17.489 53363.75494046 37.68  47.248364  51.964719 12.391
 33    17.298 53363.75494111 37.48  47.246834  51.967939 12.391
 33    17.649 53363.75494175 37.39  47.245314  51.971169 12.391
 33    17.445 53363.75494240 50.93  47.243784  51.974389 12.391
 33    18.184 53363.75494304 49.84  47.242263  51.977622 10.063
 33    17.281 53363.75494369 47.34  47.240733  51.980842 10.063
 37    20.512 53503.75503995 37.21  47.238012  51.957389 21.484
 37    20.564 53503.75504059 37.82  47.236492  51.960619 21.484
 37    20.505 53503.75504253 37.20  47.231912  51.970289 21.484
 37    20.501 53503.75504317 37.33  47.230384  51.973522  5.068
 37    20.613 53503.75504381 38.08  47.228854  51.976742  5.068
 38    17.261 53538.75503727 21.42  47.240725  51.960855 35.576
 38    17.666 53538.75503791 30.88  47.239195  51.964075 35.576
 38    17.485 53538.75503920 17.13  47.236145  51.970525 35.576
 38    17.366 53538.75503985 16.00  47.234618  51.973758  2.569
 38    17.349 53538.75504049 14.12  47.233088  51.976978  2.569
 39    15.720 53573.75503650 23.98  47.239479  51.962098 22.210
 39    15.338 53573.75503779 19.92  47.236429  51.968548 22.210
 39    15.091 53573.75503844 18.97  47.234899  51.971768 22.210
 39    15.575 53573.75503908 18.20  47.233375  51.975000  2.621
 39    15.754 53573.75503973 17.10  47.231845  51.978220  2.621
 40    15.967 53608.75498641 36.16  47.246451  51.963938 25.210
 40    15.808 53608.75498705 33.84  47.244931  51.967158 25.210
 40    15.596 53608.75498770 32.06  47.243401  51.970388 25.210
 40    15.309 53608.75498834 30.89  47.241871  51.973608 25.210
 40    15.546 53608.75498899 28.42  47.240347  51.976841  4.191
 40    15.689 53608.75498963 27.56  47.238827  51.980061  4.191
 41    16.173 53643.75498674 46.09  47.236508  51.953403 27.232
 41    16.218 53643.75498739 45.57  47.234988  51.956633 27.232
 41    16.283 53643.75498803 44.37  47.233458  51.959863 27.232
 41    15.112 53643.75498997 27.24  47.228878  51.969533 27.232
 41    14.414 53643.75499061 26.37  47.227354  51.972762  4.506
 41    15.904 53643.75499125 25.31  47.225824  51.975982  4.506
 42    16.177 53678.75500549 51.19  47.238341  51.957701 23.995
 42    16.245 53678.75500613 48.22  47.236821  51.960931 23.995
 42    15.841 53678.75500742 38.17  47.233771  51.967381 23.995
 42    15.622 53678.75500806 41.34  47.232241  51.970601 23.995
 42    15.571 53678.75500871 41.34  47.230715  51.973832  7.224
 42    15.732 53678.75500935 39.83  47.229185  51.977052  7.224
 43    16.016 53713.75493527 22.37  47.247850  51.966372 19.362
 43    15.553 53713.75493591 22.31  47.246320  51.969602 19.362
 43    15.224 53713.75493656 21.65  47.244790  51.972822 19.362
 43    14.183 53713.75493720 21.64  47.243263  51.976055  4.027
 43    13.370 53713.75493785 19.57  47.241743  51.979275  4.027
 43    12.551 53713.75493849 18.95  47.240213  51.982505  4.027
 44    16.294 53748.75484824 33.55  47.238150  51.957560  8.029
 44    16.002 53748.75484889 35.30  47.236620  51.960790  8.029
 44    15.863 53748.75485018 37.63  47.233570  51.967240  8.029
 44    16.036 53748.75485082 39.00  47.232040  51.970460  8.029
 44    15.857 53748.75485147 40.27  47.230511  51.973688  6.504
 44    16.263 53748.75485211 38.02  47.228981  51.976908  6.504
 45    15.721 53783.75487994 19.62  47.245062  51.964068  3.155
 45    15.859 53783.75488059 19.09  47.243532  51.967288  3.155
 45    15.773 53783.75488123 18.91  47.242002  51.970518  3.155
 45    15.975 53783.75488188 18.32  47.240482  51.973738  3.155
 45    15.938 53783.75488252 18.26  47.238953  51.976969  2.808
 45    15.766 53783.75488317 17.11  47.237423  51.980189  2.808
 46    15.534 53818.75484370 19.78  47.248725  51.972938 12.701
 46    16.170 53818.75484434 20.44  47.247205  51.976158 12.701
 46    16.356 53818.75484499 19.22  47.245672  51.979392  6.130
 46    16.464 53818.75484563 19.60  47.244152  51.982612  6.130
 47    16.529 53853.75491866 20.06  47.236151  51.952006 17.613
 47    16.636 53853.75491995 18.64  47.233101  51.958456 17.613
 47    18.040 53853.75492188 19.55  47.228521  51.968136 17.613
 47    16.496 53853.75492252 14.00  47.226991  51.971356 17.613
 47    16.006 53853.75492317 16.92  47.225470  51.974587  2.720
 48    16.198 53888.75492869 29.26  47.245673  51.964266 28.822
 48    15.736 53888.75492933 27.68  47.244143  51.967496 28.822
 48    15.497 53888.75492998 24.34  47.242623  51.970716 28.822
 48    14.560 53888.75493062 24.12  47.241091  51.973947  3.920
 48    13.805 53888.75493127 22.35  47.239571  51.977167  3.920
 48    12.851 53888.75493191 22.60  47.238041  51.980397  3.920
 49    16.136 53923.75499421 43.26  47.235242  51.948555 16.844
 49    16.343 53923.75499485 40.71  47.233712  51.951785 16.844
 49    16.188 53923.75499550 39.66  47.232192  51.955015 16.844
 49    15.828 53923.75499614 38.31  47.230662  51.958235 16.844
 49    15.549 53923.75499808 28.70  47.226082  51.967915 16.844
 49    15.251 53923.75499872 26.73  47.224562  51.971135 16.844
 49    14.325 53923.75499936 27.35  47.223029  51.974367  3.924
 50    15.694 53958.75498726 29.06  47.238530  51.956984 19.250
 50    15.609 53958.75498790 26.32  47.237000  51.960204 19.250
 50    15.223 53958.75498984 22.69  47.232430  51.969884 19.250
 50    15.206 53958.75499048 21.47  47.230900  51.973104 19.250
 50    15.090 53958.75499113 20.70  47.229375  51.976338  2.902
 51    16.448 53993.75491597 24.55  47.236647  51.951703 14.644
 51    15.929 53993.75491661 22.27  47.235117  51.954923 14.644
 51    16.020 53993.75491726 18.06  47.233587  51.958153 14.644
 51    15.613 53993.75491919 18.46  47.229007  51.967833 14.644
 51    15.766 53993.75491983 18.03  47.227487  51.971053 14.644
 51    15.828 53993.75492048 16.78  47.225951  51.974281  2.838
 52    15.929 54028.75497665 26.91  47.238853  51.956480 19.763
 52    15.766 54028.75497729 21.35  47.237333  51.959700 19.763
 52    15.044 54028.75497923 20.19  47.232753  51.969380 19.763
 52    13.837 54028.75497987 19.66  47.231223  51.972600 19.763
 52    15.068 54028.75498051 16.79  47.229698  51.975830  2.660
 53    15.658 54063.75497147 21.96  47.245059  51.964514 17.971
 53    15.374 54063.75497211 22.04  47.243529  51.967734 17.971
 53    14.438 54063.75497276 22.12  47.241999  51.970964 17.971
 53    13.833 54063.75497340 20.53  47.240479  51.974184 17.971
 53    13.314 54063.75497405 20.30  47.238950  51.977414  4.065
 53    12.257 54063.75497469 20.34  47.237420  51.980634  4.065
 54    17.140 54098.75493898 39.78  47.245167  51.964777 25.140
 54    17.192 54098.75493963 41.16  47.243637  51.967997 25.140
 54    17.216 54098.75494027 46.14  47.242117  51.971227 25.140
 54    17.312 54098.75494092 48.17  47.240587  51.974447 25.140
 54    17.361 54098.75494156 51.04  47.239068  51.977679  9.807
 54    17.223 54098.75494221 51.53  47.237538  51.980899  9.807
 55    18.097 54133.75489408 33.19  47.237419  51.955517 11.205
 55    17.714 54133.75489472 33.06  47.235899  51.958737 11.205
 55    17.958 54133.75489666 41.78  47.231319  51.968417 11.205
 55    18.537 54133.75489730 41.21  47.229789  51.971637 11.205
 55    17.768 54133.75489795 50.42  47.228264  51.974867  8.325
 55    18.614 54133.75489859 43.87  47.226734  51.978087  8.325
 56    17.738 54168.75491343 19.78  47.242509  51.964877  8.547
 56    17.148 54168.75491408 20.42  47.240989  51.968107  8.547
 56    17.380 54168.75491472 19.25  47.239459  51.971327  8.547
 56    17.484 54168.75491537 18.45  47.237939  51.974559  3.009
 56    17.770 54168.75491601 17.78  47.236409  51.977779  3.009
 56    17.661 54168.75491666 17.85  47.234879  51.981009  3.009
 57    18.889 54203.75489736 50.42  47.238267  51.952711 24.611
 57    18.872 54203.75489800 49.13  47.236747  51.955941 24.611
 57    18.702 54203.75489864 51.45  47.235217  51.959171 24.611
 57    18.602 54203.75490058 48.71  47.230637  51.968841 24.611
 57    18.649 54203.75490122 46.18  47.229117  51.972069  9.334
 57    18.660 54203.75490187 47.79  47.227587  51.975299  9.334
 58    17.921 54238.75493437 46.78  47.239564  51.963398 33.867
 58    17.926 54238.75493566 48.06  47.236504  51.969848 33.867
 58    17.921 54238.75493631 49.10  47.234984  51.973068 33.867
 58    17.924 54238.75493695 43.95  47.233450  51.976300  7.882
 58    17.941 54238.75493760 45.23  47.231930  51.979520  7.882
 59    16.074 54273.75495164 21.85  47.241899  51.961442 25.322
 59    15.647 54273.75495228 22.37  47.240369  51.964662 25.322
 59    15.451 54273.75495293 20.19  47.238839  51.967892 25.322
 59    15.154 54273.75495357 18.23  47.237319  51.971112 25.322
 59    15.431 54273.75495422 17.00  47.235789  51.974345  2.456
 59    15.818 54273.75495486 16.75  47.234269  51.977565  2.456
 60    16.486 54308.75495323 32.19  47.240601  51.960916 19.916
 60    16.384 54308.75495388 28.90  47.239071  51.964136 19.916
 60    15.545 54308.75495517 27.79  47.236021  51.970586 19.916
 60    15.289 54308.75495581 25.00  47.234490  51.973817  3.951
 60    14.402 54308.75495646 24.56  47.232970  51.977037  3.951
 61    16.734 54343.75493187 30.16  47.245980  51.966063 20.991
 61    15.692 54343.75493252 26.08  47.244450  51.969293 20.991
 61    15.276 54343.75493316 25.64  47.242920  51.972513 20.991
 61    14.923 54343.75493381 25.61  47.241392  51.975747  4.146
 61    14.066 54343.75493445 25.17  47.239872  51.978967  4.146
 61    16.239 54343.75493510 25.98  47.238342  51.982197  4.146
 62    16.128 54378.75488808 44.92  47.239373  51.956502 24.822
 62    16.190 54378.75488873 31.16  47.237843  51.959732 24.822
 62    16.273 54378.75488937 35.65  47.236313  51.962962 24.822
 62    16.156 54378.75489066 21.41  47.233263  51.969412 24.822
 62    16.025 54378.75489130 21.85  47.231733  51.972632 24.822
 62    16.407 54378.75489195 21.67  47.230213  51.975862  3.886
 63    15.594 54413.75487889 27.49  47.242576  51.961756 26.937
 63    14.905 54413.75487953 21.85  47.241056  51.964986 26.937
 63    14.653 54413.75488018 20.18  47.239526  51.968206 26.937
 63    14.212 54413.75488082 17.79  47.237996  51.971436 26.937
 63    13.967 54413.75488146 16.96  47.236476  51.974656 26.937
 63    13.961 54413.75488211 15.94  47.234946  51.977887  3.077
 64    16.498 54448.75485731 34.47  47.230721  51.969761  9.986
 64    16.579 54448.75485796 35.74  47.229191  51.972981  9.986
 64    16.996 54448.75485860 35.01  47.227666  51.976210  5.583
 65    16.669 54483.75487256 25.50  47.242431  51.960902  5.856
 65    16.449 54483.75487321 25.62  47.240911  51.964132  5.856
 65    16.408 54483.75487385 25.59  47.239381  51.967352  5.856
 65    16.468 54483.75487450 24.93  47.237851  51.970582  5.856
 65    16.569 54483.75487514 24.68  47.236331  51.973802  5.856
 65    16.426 54483.75487579 24.35  47.234797  51.977032  3.695
 65    16.534 54483.75487643 23.42  47.233277  51.980252  3.695
 66    17.003 54518.75486822 11.10  47.239556  51.956402  2.561
 66    16.580 54518.75486886 11.70  47.238026  51.959632  2.561
 66    16.521 54518.75486951 11.07  47.236506  51.962852  2.561
 66    16.420 54518.75487080 10.43  47.233455  51.969301  2.355
 66    16.457 54518.75487144  9.61  47.231925  51.972531  2.355
 66    16.436 54518.75487209  8.71  47.230395  51.975751  2.355
 67    15.745 54553.75488472 43.10  47.245122  51.962197 17.391
 67    15.693 54553.75488536 39.17  47.243602  51.965417 17.391
 67    15.647 54553.75488601 37.78  47.242070  51.968650  6.860
 67    15.600 54553.75488665 35.11  47.240550  51.971870  6.860
 67    15.576 54553.75488729 34.47  47.239020  51.975100  6.860
 67    15.306 54553.75488794 34.41  47.237490  51.978320  6.860
 67    15.383 54553.75488858 32.49  47.235970  51.981550  6.860
 68    19.097 54588.75486443 26.59  47.240401  51.957153 26.665
 68    19.253 54588.75486508 27.49  47.238871  51.960383 26.665
 68    19.615 54588.75486572 28.46  47.237351  51.963603 26.665
 68    19.263 54588.75486701 23.68  47.234293  51.970056  5.386
 68    18.932 54588.75486766 20.96  47.232773  51.973286  5.386
 68    18.531 54588.75486830 19.63  47.231243  51.976506  5.386
 69    15.523 54623.75488253 31.27  47.241937  51.961045 25.358
 69    15.315 54623.75488317 29.40  47.240407  51.964265 25.358
 69    14.890 54623.75488381 25.90  47.238887  51.967499  4.665
 69    14.288 54623.75488446 25.95  47.237357  51.970719  4.665
 69    12.333 54623.75488510 29.27  47.235827  51.973949  4.665
 69    15.456 54623.75488575 24.73  47.234307  51.977169  4.665
 69    15.671 54623.75488639 28.66  47.232777  51.980399  4.665
 70    16.648 54658.75489182 38.95  47.237954  51.962985 11.635
 70    16.436 54658.75489311 37.16  47.234904  51.969445 11.635
 70    16.266 54658.75489375 35.22  47.233374  51.972665 11.635
 70    16.108 54658.75489440 32.50  47.231844  51.975895 11.635
 70    16.216 54658.75489504 32.25  47.230324  51.979115 11.635
 71    15.950 54693.75487295 34.32  47.242711  51.964348 20.516
 71    15.886 54693.75487360 33.88  47.241181  51.967568 20.516
 71    15.919 54693.75487424 31.86  47.239662  51.970801  4.920
 71    15.672 54693.75487489 31.93  47.238132  51.974021  4.920
 71    15.744 54693.75487553 29.69  47.236602  51.977251  4.920
 71    15.777 54693.75487618 29.69  47.235082  51.980471  4.920
 73    16.107 54763.75484990 48.90  47.240761  51.960976 21.670
 73    16.285 54763.75485054 46.15  47.239231  51.964196 21.670
 73    16.387 54763.75485183 35.73  47.236180  51.970647  6.658
 73    15.541 54763.75485248 34.94  47.234650  51.973877  6.658
 73    15.654 54763.75485312 32.98  47.233130  51.977097  6.658
 74    16.605 54798.75483706 20.02  47.237649  51.952387 18.713
 74    17.690 54798.75484028 21.86  47.230016  51.968505  3.894
 74    16.509 54798.75484093 14.24  47.228486  51.971735  3.894
 74    16.237 54798.75484157 13.22  47.226956  51.974965  3.894
 75    18.089 54833.75484066 40.48  47.241417  51.961531 12.446
 75    18.241 54833.75484130 36.84  47.239887  51.964751 12.446
 75    17.950 54833.75484195 35.44  47.238367  51.967983 10.061
 75    17.861 54833.75484259 37.16  47.236837  51.971203 10.061
 75    17.752 54833.75484324 37.26  47.235307  51.974433 10.061
 75    17.809 54833.75484388 37.98  47.233787  51.977653 10.061
 77    16.746 54903.75485105 30.70  47.241241  51.967387  9.685
 77    16.996 54903.75485169 28.89  47.239721  51.970607  9.685
 77    17.032 54903.75485233 29.20  47.238191  51.973837  9.685
 77    16.957 54903.75485298 28.35  47.236661  51.977057  9.685
 77    16.883 54903.75485362 29.99  47.235141  51.980287  9.685
 78    15.827 54938.75482571 21.49  47.238943  51.958220  7.917
 78    15.969 54938.75482635 16.23  47.237423  51.961450  7.917
 78    17.138 54938.75482764 14.45  47.234363  51.967900  7.917
 78    16.896 54938.75482829 14.31  47.232843  51.971120  7.917
 78    16.279 54938.75482893 12.82  47.231313  51.974350  7.917
 78    16.134 54938.75482958 12.00  47.229783  51.977570  7.917
 79    17.924 54973.75485676 45.08  47.240878  51.956921 23.943
 79    17.908 54973.75485740 42.31  47.239358  51.960151 23.943
 79    17.942 54973.75485804 42.91  47.237828  51.963371 23.943
 79    17.734 54973.75485933 35.58  47.234773  51.969824  5.593
 79    17.530 54973.75485998 35.56  47.233243  51.973054  5.593
 79    17.749 54973.75486062 32.51  47.231723  51.976274  5.593
 80    15.804 55008.75487184 23.89  47.241437  51.961131 28.235
 80    15.309 55008.75487248 20.13  47.239907  51.964351 28.235
 80    15.180 55008.75487312 17.68  47.238379  51.967584  3.065
 80    14.769 55008.75487377 16.85  47.236859  51.970804  3.065
 80    13.791 55008.75487441 18.55  47.235329  51.974034  3.065
 80    15.529 55008.75487506 14.54  47.233809  51.977254  3.065
 81    15.561 55043.75486162 17.32  47.240758  51.960994 18.842
 81    15.360 55043.75486226 17.60  47.239228  51.964214 18.842
 81    15.085 55043.75486355 18.41  47.236174  51.970666  3.386
 81    15.197 55043.75486420 17.89  47.234644  51.973896  3.386
 81    15.287 55043.75486484 17.88  47.233124  51.977116  3.386
 82    16.267 55078.75483917 42.31  47.245194  51.962498 23.394
 82    16.115 55078.75483981 36.21  47.243674  51.965718 23.394
 82    16.195 55078.75484046 36.21  47.242141  51.968953  5.586
 82    16.255 55078.75484110 30.19  47.240621  51.972173  5.586
 82    15.722 55078.75484175 28.00  47.239091  51.975403  5.586
 82    16.069 55078.75484239 27.14  47.237571  51.978623  5.586
 82    16.249 55078.75484304 32.66  47.236041  51.981853  5.586
 83    16.088 55113.75479323 19.32  47.239845  51.957546 22.655
 83    15.626 55113.75479388 17.23  47.238315  51.960766 22.655
 83    15.541 55113.75479581 15.16  47.233733  51.970446  3.096
 83    15.698 55113.75479646 12.38  47.232213  51.973666  3.096
 83    15.653 55113.75479710 12.07  47.230683  51.976896  3.096
 84    15.596 55148.75479416 24.88  47.240399  51.960692 29.400
 84    14.620 55148.75479481 24.42  47.238869  51.963912 29.400
 84    13.973 55148.75479610 23.15  47.235819  51.970362  4.087
 84    13.907 55148.75479674 21.75  47.234289  51.973592  4.087
 84    13.045 55148.75479739 22.57  47.232769  51.976812  4.087
 85    16.702 55183.75477471 40.54  47.238557  51.952671 13.999
 85    16.759 55183.75477535 39.00  47.237037  51.955891 13.999
 85    16.677 55183.75477600 40.15  47.235507  51.959121 13.999
 85    16.673 55183.75477793 40.33  47.230933  51.968791 11.644
 85    16.691 55183.75477858 42.80  47.229403  51.972021 11.644
 85    16.689 55183.75477922 42.71  47.227873  51.975251 11.644
 87    17.359 55253.75477112 16.87  47.240269  51.956075  3.308
 87    16.953 55253.75477176 16.08  47.238739  51.959305  3.308
 87    16.685 55253.75477370 14.46  47.234159  51.968983  1.844
 87    16.334 55253.75477434 13.99  47.232639  51.972203  1.844
 87    16.575 55253.75477499 12.32  47.231109  51.975433  1.844
 87    16.448 55253.75477563 11.47  47.229579  51.978653  1.844
 88    16.558 55288.75478544 27.00  47.237402  51.978514 10.665
 88    16.309 55288.75478608 26.67  47.235882  51.981744 10.665
 89    19.239 55323.75475988 38.06  47.239305  51.960777 25.682
 89    19.700 55323.75476053 38.66  47.237775  51.963997 25.682
 89    19.285 55323.75476181 32.54  47.234723  51.970451  4.535
 89    19.312 55323.75476246 30.88  47.233193  51.973681  4.535
 89    19.146 55323.75476310 29.86  47.231673  51.976901  4.535
 90    15.339 55358.75475810 39.84  47.241437  51.961037 24.334
 90    15.433 55358.75475874 42.45  47.239907  51.964257 24.334
 90    15.475 55358.75475938 43.82  47.238387  51.967490  9.451
 90    15.498 55358.75476003 40.15  47.236857  51.970710  9.451
 90    15.451 55358.75476067 40.07  47.235327  51.973940  9.451
 90    15.430 55358.75476132 41.01  47.233807  51.977160  9.451
 91    15.242 55393.75476094 33.04  47.239330  51.956549 22.557
 91    15.276 55393.75476158 24.83  47.237800  51.959779 22.557
 91    14.947 55393.75476223 22.69  47.236280  51.962999 22.557
 91    14.603 55393.75476351 24.27  47.233222  51.969450  5.827
 91    14.983 55393.75476416 20.48  47.231702  51.972680  5.827
 91    15.310 55393.75476480 21.37  47.230172  51.975910  5.827
 92    15.362 55428.75477417 20.42  47.241046  51.961452 26.003
 92    15.089 55428.75477482 16.89  47.239516  51.964672 26.003
 92    14.917 55428.75477546 16.03  47.237992  51.967904  2.872
 92    15.017 55428.75477611 14.24  47.236462  51.971124  2.872
 92    15.065 55428.75477675 13.87  47.234932  51.974354  2.872
 92    15.129 55428.75477739 12.54  47.233412  51.977574  2.872
 93    14.760 55463.75473878 17.07  47.245100  51.969823  2.366
 93    15.016 55463.75473943 14.76  47.243580  51.973043  2.366
 93    15.110 55463.75474007 13.62  47.242050  51.976273  2.366
 93    15.133 55463.75474071 12.33  47.240520  51.979493  2.366
 93    15.148 55463.75474136 11.40  47.239000  51.982723  2.366
