# NaN NaN NaN ;Mean Elev.(m), Avg Gradient(m/km), RMS Gradient(m/km) - SRTM1     
#   22.001  -2.279   3.729 ;Mean Elev.(m), Avg Gradient(m/km), RMS Gradient(m/km) - ASTER GDEM
#   24.683  -2.014   3.306 ;Mean Elev.(m), Avg Gradient(m/km), RMS Gradient(m/km) - GMTED2010 
  7  48.807923  53.174058    28.125    28.060  4 52466.74917022 22.269
  8  48.810708  53.175281    27.754    27.772  4 52501.74916277 20.279
  9  48.796963  53.173583    27.285    27.378  4 52536.74914883 26.098
 10  48.805437  53.172738    27.584    27.669  4 52571.74918455 24.643
 11  48.813905  53.175449    27.064    27.116  4 52606.74914601 25.704
 12  48.802502  53.171848    28.494    28.498  4 52641.74914158 20.382
 13  48.813869  53.175468    28.733    28.753  4 52676.74912970 14.311
 14  48.802471  53.172320    28.681    28.726  4 52711.74915856 14.113
 15  48.803997  53.174246    28.815    28.839  4 52746.74918585 44.227
 16  48.797761  53.173377    29.150    29.137  3 52781.74912476 35.773
 17  48.796912  53.174010    28.403    28.405  4 52816.74920479 33.189
 19  48.804678  53.172438    27.710    27.678  4 52886.74928950 23.345
 20  48.813600  53.174579    27.640    27.625  3 52921.74924492 16.988
 21  48.807640  53.173502    27.646    27.625  4 52956.74920986 19.606
 22  48.811357  53.173972    28.660    28.643  4 52991.74922907 38.734
 23  48.820370  53.177030    28.726    28.750  4 53026.74919548 18.827
 24  48.813677  53.173885    28.272    28.248  4 53061.74920435 13.666
 25  48.808711  53.173999    28.777    28.821  4 53096.74923000 39.752
 26  48.812319  53.175424    28.728    28.688  4 53131.74920335 21.025
 28  48.806849  53.173122    28.647    28.581  4 53201.74928012 31.477
 29  48.819461  53.175406    28.848    28.903  4 53236.74924934 40.477
 30  48.800992  53.171820    27.811    27.726  5 53271.74920713 24.383
 31  48.799267  53.172372    27.543    27.523  4 53306.74927147 25.174
 32  48.810916  53.175195    28.475    28.522  4 53341.74923904 28.132
 33  48.817452  53.177025    28.757    28.710  4 53376.74917202 32.115
 34  48.811115  53.174832    28.392    28.423  4 53411.74921422 15.204
 35  48.797292  53.173473    28.763    28.687  4 53446.74919773 14.601
 36  48.797325  53.174179    29.367    29.353  4 53481.74928331 47.086
 37  48.809960  53.174350    29.960    29.947  4 53516.74928592 42.956
 38  48.804306  53.173014    27.816    27.811  4 53551.74930623 18.117
 39  48.814666  53.175939    28.253    28.221  4 53586.74926136 21.689
 40  48.793139  53.172236    28.229    28.262  4 53621.74922560 32.372
 41  48.803200  53.172129    27.987    27.950  4 53656.74925335 27.650
 42  48.809454  53.174222    27.355    27.577  4 53691.74924042 26.705
 43  48.818926  53.177600    27.210    27.240  4 53726.74916445 23.241
 44  48.809559  53.173256    28.555    28.539  4 53761.74911597 24.218
 45  48.817084  53.175754    28.606    28.557  4 53796.74912954 18.320
 47  48.802027  53.173912    28.228    28.242  4 53866.74918772 25.428
 48  48.806280  53.174843    27.285    27.229  4 53901.74921723 30.562
 49  48.798234  53.172861    27.760    27.779  5 53936.74925605 24.658
 50  48.809093  53.173808    27.968    27.961  4 53971.74922132 20.670
 51  48.802542  53.172905    28.303    28.043  5 54006.74920445 32.136
 53  48.812755  53.173825    27.813    27.826  4 54076.74922478 28.875
 54  48.817540  53.175377    28.774    28.752  4 54111.74916572 28.206
 55  48.805138  53.172570    28.989    28.994  4 54146.74916671 20.164
 56  48.816237  53.175213    28.809    28.829  4 54181.74915296 24.072
 57  48.804526  53.171919    29.972    29.974  4 54216.74917493 47.343
 58  48.806649  53.173329    29.751    29.785  4 54251.74920150 38.376
 59  48.811443  53.174739    28.745    28.631  4 54286.74920696 36.025
 60  48.810826  53.173804    28.121    28.043  4 54321.74920381 24.331
 61  48.816472  53.177043    27.293    27.248  4 54356.74916407 20.329
 62  48.809377  53.173391    27.577    27.668  4 54391.74914430 28.717
 63  48.812897  53.174877    27.403    27.487  4 54426.74911369 27.830
 64  48.806511  53.172642    28.562    28.562  4 54461.74912152 27.641
 65  48.813557  53.174643    28.620    28.635  4 54496.74912103 17.201
 66  48.808748  53.173533    28.836    28.821  4 54531.74913469 18.375
 67  48.816567  53.175305    29.487    29.415  4 54566.74912656 49.436
 68  48.807320  53.173481    28.246    28.236  4 54601.74913037 21.889
 69  48.808352  53.173701    28.433    28.376  4 54636.74914180 26.832
 70  48.809760  53.173503    28.136    28.144  4 54671.74914539 37.364
 71  48.814848  53.175570    27.045    27.079  4 54706.74910595 26.534
 72  48.806696  53.173579    28.539    28.507  4 54741.74911000 39.574
 73  48.814562  53.172981    27.953    27.897  3 54776.74908633 17.832
 74  48.804404  53.171920    27.838    27.890  4 54811.74910317 23.364
 75  48.812799  53.175239    28.775    28.770  4 54846.74908719 28.150
 76  48.806076  53.172948    28.622    28.629  4 54881.74910647 26.401
 77  48.815091  53.172701    28.532    28.533  3 54916.74908960 20.141
 78  48.806506  53.172606    29.096    29.131  4 54951.74910032 31.966
 79  48.805687  53.172633    27.530    27.656  4 54986.74912478 28.365
 80  48.811843  53.174775    27.794    27.733  4 55021.74911751 20.291
 81  48.811538  53.174283    28.245    28.063  4 55056.74911419 29.168
 82  48.814075  53.176346    28.356    28.243  4 55091.74907149 33.539
 83  48.808531  53.172997    27.805    27.733  4 55126.74905315 18.033
 84  48.811667  53.174828    28.600    28.620  4 55161.74903245 46.747
 85  48.804760  53.172429    28.561    28.555  4 55196.74904417 25.191
 86  48.814077  53.174827    27.746    27.756  4 55231.74903586 17.671
 87  48.808776  53.173028    28.295    28.270  4 55266.74903889 17.757
 88  48.815864  53.176962    28.846    28.881  4 55301.74901744 45.158
 89  48.809812  53.174503    27.955    28.048  4 55336.74901438 21.367
 90  48.811408  53.174435    28.322    28.299  4 55371.74900406 37.459
 91  48.807986  53.173558    27.955    27.722  4 55406.74902376 23.478
 92  48.811803  53.174831    27.386    27.353  4 55441.74902340 27.177
 93  48.817491  53.176222    28.086    28.063  4 55476.74896518 25.135
