-231759.801   330.049     0.00    5.04
-231385.529   329.420    -1.68    5.59
-231011.302   327.629    -4.79    6.74
-230637.121   326.758    -2.33    7.60
-230262.985   326.789     0.08    7.97
-229888.894   325.729    -2.83    7.94
-229514.849   322.597    -8.37    8.39
-229140.849   319.825    -7.41    7.03
-228766.894   317.166    -7.11    4.83
-228392.985   314.790    -6.35    4.18
-228019.121   312.620    -5.81    5.28
-227645.302   310.403    -5.93    6.54
-227271.528   309.018    -3.71    6.78
-226897.800   309.554     1.43    5.21
-226524.117   308.641    -2.44    4.23
-226150.479   306.113    -6.77    5.75
-225776.886   302.491    -9.70    8.85
-225403.338   298.290   -11.25   12.95
-225029.835   293.253   -13.49   17.09
-224656.378   288.049   -13.94   18.81
-224282.965   278.339   -26.01   22.50
-223909.598   262.615   -42.12   27.41
-223536.275   243.403   -51.47   23.56
-223162.998   228.603   -39.66   13.27
-222789.766   222.661   -15.92    6.91
-222416.578   223.468     2.16    8.40
-222043.436   230.141    17.89   11.36
-221670.338   237.935    20.89   11.25
-221297.286   245.268    19.66   13.12
-220924.278   254.411    24.52   15.19
-220551.316   264.116    26.03   17.80
-220178.398   273.411    24.93   17.20
-219805.525   279.734    16.96   16.28
-219432.697   283.330     9.65   14.93
-219059.914   285.110     4.78   12.98
-218687.175   288.365     8.73   10.94
-218314.482   290.887     6.77   10.09
-217941.833   291.713     2.22    9.53
-217569.229   295.436     9.99    8.24
-217196.670   298.641     8.61    8.52
-216824.155   303.790    13.83    9.66
-216451.685   308.790    13.43    8.94
-216079.260   313.966    13.90    6.24
-215706.879   315.739     4.76    4.27
-215334.544   315.372    -0.99    4.01
-214962.252   314.920    -1.21    3.49
-214590.006   314.290    -1.69    3.53
-214217.804   312.937    -3.64    4.57
-213845.647   310.570    -6.36    5.34
-213473.534   308.158    -6.48    5.06
-213101.466   305.984    -5.84    3.76
-212729.442   304.018    -5.29    2.07
-212357.463   302.968    -2.82    2.22
-211985.528   301.403    -4.21    2.71
-211613.638   299.871    -4.12    2.59
-211241.792   298.538    -3.58    2.27
-210869.991   297.653    -2.38    2.93
-210498.234   296.903    -2.02    3.33
-210126.522   296.161    -2.00    4.02
-209754.854   294.475    -4.54    4.91
-209383.230   291.970    -6.74    4.96
-209011.651   289.952    -5.43    4.41
-208640.116   287.610    -6.30    3.58
-208268.625   284.290    -8.94    7.61
-207897.179   275.807   -22.84   19.08
-207525.777   260.983   -39.92   26.40
-207154.419   246.226   -39.75   22.41
-206783.106   238.173   -21.69   14.95
-206411.837   237.173    -2.69   11.58
-206040.612   243.999    18.39   13.23
-205669.431   251.681    20.70   12.56
-205298.294   256.629    13.33   10.43
-204927.202   261.182    12.27    8.02
-204556.154   263.700     6.79    7.27
-204185.150   266.935     8.72    5.96
-203814.190   270.903    10.70    5.44
-203443.274   275.796    13.19    5.41
-203072.402   280.317    12.19    5.92
-202701.574   283.510     8.61    5.62
-202330.791   285.093     4.27    5.06
-201960.051   284.237    -2.31    5.60
-201589.356   281.403    -7.64    4.88
-201218.704   279.681    -4.65    2.54
-200848.097   279.290    -1.05    2.60
-200477.533   279.690     1.08    2.56
-200107.013   280.871     3.19    4.37
-199736.538   282.839     5.31    7.11
-199366.106   284.094     3.39    8.61
-198995.718   284.264     0.46    9.03
-198625.374   281.999    -6.12    9.11
-198255.074   279.182    -7.61    7.26
-197884.817   275.097   -11.04    4.82
-197514.605   271.853    -8.76    4.89
-197144.436   269.442    -6.52    4.97
-196774.312   268.170    -3.44    5.28
-196404.231   268.231     0.17    6.30
-196034.193   268.429     0.53    7.04
-195664.200   266.325    -5.69    7.87
-195294.250   261.737   -12.41    6.69
-194924.344   257.745   -10.79    5.49
-194554.482   252.444   -14.33    7.15
-194184.663   244.726   -20.87   11.05
-193814.888   233.549   -30.23   14.28
-193445.156   226.419   -19.29   11.91
-193075.469   222.968    -9.34    7.32
-192701.366   226.510     9.47    8.41
-192322.793   233.221    17.73    8.40
-191944.266   238.869    14.93    5.40
-191565.784   243.185    11.40    5.49
-191187.348   246.503     8.77    5.23
-190808.959   249.951     9.11    6.05
-190430.615   252.468     6.65    5.69
-190052.317   252.903     1.15    5.77
-189674.064   252.339    -1.49    5.92
-189295.858   250.187    -5.69    5.42
-188917.697   249.032    -3.05    5.01
-188539.582   250.214     3.12    5.02
-188161.513   254.316    10.85    7.51
-187783.490   257.461     8.32    7.83
-187405.512   259.226     4.67    7.41
-187027.580   260.661     3.80    6.58
-186649.693   260.330    -0.88    5.47
-186271.853   261.694     3.61    5.25
-185894.058   263.645     5.17    4.46
-185516.308   265.060     3.75    4.22
-185138.604   267.953     7.66    5.35
-184760.946   271.364     9.03    6.22
-184383.333   273.807     6.47    6.92
-184005.766   273.887     0.21    9.21
-183628.245   272.049    -4.87   11.31
-183250.769   268.403    -9.66   12.12
-182873.338   264.210   -11.11   11.34
-182495.953   260.524    -9.77    9.42
-182118.613   258.459    -5.47    6.82
-181741.319   258.494     0.09    6.69
-181364.070   259.602     2.94    6.96
-180986.867   261.613     5.33    6.64
-180609.709   261.789     0.47    6.12
-180232.596   261.253    -1.42    6.03
-179855.529   261.158    -0.25    7.34
-179478.507   261.765     1.61    9.38
-179101.530   263.593     4.85   11.41
-178724.599   267.678    10.84   10.52
-178347.713   270.258     6.85    8.25
-177970.872   270.739     1.28    5.86
-177594.076   268.920    -4.83    5.84
-177217.326   266.242    -7.11    5.67
-176840.621   262.774    -9.21    5.74
-176463.961   258.666   -10.91    6.99
-176087.346   254.247   -11.74   10.21
-175710.777   252.632    -4.29   10.02
-175334.252   254.774     5.69    8.61
-174957.773   257.297     6.70    6.53
-174581.339   258.854     4.14    6.93
-174204.950   258.871     0.04    9.72
-173828.606   257.838    -2.75   12.67
-173452.307   259.887     5.45   11.04
-173076.053   261.869     5.27    7.12
-172699.844   258.887    -7.93   11.27
-172323.680   250.317   -22.79   17.65
-171947.561   234.194   -42.88   22.73
-171571.487   216.020   -48.33   23.14
-171195.458   201.016   -39.91   22.71
-170819.474   181.729   -51.31   23.12
-170443.534   160.526   -56.41   23.50
-170067.640   141.761   -49.93   25.42
-169691.791   123.191   -49.41   19.59
-169315.986   111.166   -32.01   10.83
-168940.226   106.037   -13.65    5.59
-168564.511   115.681    25.67   23.68
-168188.841   132.215    44.02   32.10
-167813.216   152.348    53.61   32.43
-167437.635   173.002    55.00   23.10
-167062.100   184.337    30.19   15.91
-166686.608   194.697    27.60   13.79
-166311.162   201.615    18.43   15.99
-165935.760   201.028    -1.56   21.03
-165560.404   199.817    -3.23   25.86
-165185.091   191.443   -22.32   28.61
-164809.824   177.971   -35.91   25.93
-164434.601   167.395   -28.19   22.74
-164059.422   160.840   -17.48   16.26
-163684.288   160.854     0.04   15.13
-163309.199   164.161     8.82   13.35
-162934.154   169.516    14.28   12.17
-162559.154   176.694    19.14   12.77
-162184.199   183.265    17.53   12.47
-161809.288   189.629    16.98   12.94
-161434.421   195.903    16.74   13.40
-161059.599   205.113    24.57   17.98
-160684.821   224.032    50.49   24.91
-160310.088   240.116    42.93   23.91
-159935.399   247.805    20.52   18.95
-159560.755   244.210    -9.60   23.01
-159186.155   229.645   -38.89   24.91
-158811.599   215.429   -37.96   17.63
-158437.088   204.626   -28.85   14.63
-158062.621   199.675   -13.22   12.80
-157688.199   200.161     1.30   14.26
-157313.820   206.937    18.10   19.41
-156939.486   218.494    30.88   21.45
-156565.197   232.133    36.45   22.28
-156190.951   240.807    23.18   20.79
-155816.750   243.035     5.95   18.32
-155442.593   238.293   -12.67   16.40
-155068.480   225.774   -33.47   17.46
-154694.411   209.658   -43.09   19.08
-154320.387   199.653   -26.75   20.66
-153946.407   193.834   -15.56   20.81
-153572.470   193.355    -1.28   21.23
-153198.578   192.361    -2.66   19.19
-152824.730   180.120   -32.75   26.34
-152450.926   161.854   -48.87   25.49
-152077.167   148.444   -35.88   20.19
-151703.451   136.491   -31.99   14.30
-151329.779   132.645   -10.29   11.34
-150956.151   139.387    18.05   18.49
-150582.568   151.768    33.14   19.63
-150209.028   163.395    31.13   10.78
-149835.532   166.787     9.08    5.97
-149462.080   161.226   -14.89   10.68
-149088.672   155.661   -14.90   11.19
-148715.308   158.625     7.94   15.95
-148341.988   165.903    19.50   19.38
-147968.712   171.427    14.80   16.20
-147595.480   170.790    -1.71   15.65
-147222.291   169.853    -2.51   18.20
-146849.146   175.380    14.81   23.04
-146476.046   188.734    35.80   24.05
-146102.988   201.678    34.70   13.31
-145729.975   205.403     9.99    7.40
-145357.006   200.807   -12.33   10.37
-144984.080   192.903   -21.20   13.24
-144611.198   184.855   -21.59   14.30
-144238.359   180.002   -13.02   14.05
-143865.565   178.887    -2.99   13.74
-143492.814   179.067     0.48   11.04
-143120.106   175.837    -8.67   14.76
-142747.443   169.787   -16.24   18.27
-142374.823   161.293   -22.80   22.09
-142002.246   159.173    -5.69   23.35
-141629.713   163.490    11.59   22.07
-141257.224   167.544    10.89   18.65
-140884.778   172.834    14.21   10.45
-140512.376   167.855   -13.37   11.99
-140140.017   158.853   -24.18   13.08
-139767.702   148.608   -27.52   12.85
-139395.431   138.839   -26.25   14.24
-139023.202   129.307   -25.61   16.30
-138651.018   116.198   -35.22   17.89
-138278.876   105.985   -27.45   14.43
-137906.779    99.856   -16.48   12.62
-137534.724    98.739    -3.00   13.90
-137162.713    97.856    -2.38   14.30
-136790.745    96.162    -4.55   13.95
-136418.821    90.395   -15.51   12.29
-136046.940    84.869   -14.86   10.04
-135675.102    82.872    -5.37   11.44
-135303.308    83.259     1.04   14.25
-134931.557    83.824     1.52   15.63
-134559.849    81.937    -5.08   15.48
-134188.185    78.387    -9.55   13.07
-133816.564    74.824    -9.59   11.64
-133444.985    73.739    -2.92   11.44
-133073.451    73.395    -0.93   13.26
-132701.959    73.772     1.02   15.53
-132330.511    75.758     5.35   17.38
-131959.105    79.090     8.97   21.72
-131587.743    88.051    24.13   25.97
-131216.424   101.627    36.57   21.89
-130845.148   111.526    26.67   19.09
-130473.915   117.956    17.32   16.62
-130102.726   119.380     3.84   14.01
-129731.579   120.259     2.37   10.82
-129360.475   115.522   -12.77   11.37
-128989.415   110.153   -14.47    9.68
-128618.397   103.503   -17.93   11.18
-128247.423    94.526   -24.20   15.98
-127876.491    84.018   -28.33   22.89
-127505.602    68.000   -43.19   27.81
-127134.757    53.346   -39.52   23.82
-126763.954    40.097   -35.74   15.01
-126393.194    32.920   -19.36    6.88
-126022.477    30.968    -5.27    1.92
-125651.803    31.645     1.83    2.58
-125281.172    33.395     4.72    3.10
-124910.584    36.237     7.67    3.70
-124540.038    39.903     9.90    5.29
-124169.535    43.937    10.89    6.27
-123799.076    49.729    15.64    9.17
-123428.658    57.637    21.35   12.56
-123058.284    61.428    10.24   11.29
-122687.953    58.920    -6.77   13.47
-122317.664    52.707   -16.78   15.14
-121947.418    43.459   -24.98   11.97
-121577.214    37.428   -16.29    8.05
-121207.053    34.477    -7.97    6.03
-120836.935    34.592     0.31    5.24
-120466.860    35.790     3.24    5.30
-120096.827    38.970     8.59    8.81
-119726.837    44.419    14.73   12.25
-119356.890    51.064    17.96   14.77
-118986.985    60.985    26.82   21.08
-118617.122    74.145    35.58   24.39
-118247.302    90.694    44.75   28.66
-117874.105   108.700    48.25   27.64
-117495.628   123.297    38.57   23.19
-117117.196   133.789    27.73   14.78
-116738.809   134.346     1.47   13.52
-116360.466   129.371   -13.15   17.43
-115982.169   126.420    -7.80   19.88
-115603.915   128.516     5.54   18.69
-115225.707   129.649     3.00   19.15
-114847.543   122.855   -17.97   23.71
-114469.423   116.226   -17.53   19.97
-114091.349   118.526     6.09   21.75
-113713.318   133.173    38.75   24.59
-113335.333   145.753    33.29   23.02
-112957.392   154.629    23.49   22.22
-112579.495   163.493    23.46   21.51
-112201.643   169.097    14.83   16.07
-111823.836   168.821    -0.73   15.49
-111446.072   158.821   -26.47   21.19
-111068.354   148.903   -26.26   19.28
-110690.680   146.670    -5.91   15.80
-110313.050   151.020    11.52   16.25
-109935.465   161.145    26.82   14.35
-109557.924   170.002    23.46   11.54
-109180.427   177.687    20.36   12.45
-108802.975   186.253    22.70   14.05
-108425.567   196.592    27.40   13.16
-108048.203   204.444    20.81   10.78
-107670.884   207.487     8.06    8.55
-107293.609   203.970    -9.32   11.46
-106916.378   196.559   -19.65   14.25
-106539.192   190.179   -16.92   13.81
-106162.050   185.453   -12.53   12.47
-105784.952   183.137    -6.14   12.08
-105407.898   181.475    -4.41   10.95
-105030.888   178.543    -7.78    8.25
-104653.923   178.070    -1.25    6.07
-104277.001   178.226     0.41    4.10
-103900.124   175.991    -5.93    5.58
-103523.291   171.264   -12.55    8.09
-103146.502   164.869   -16.97    8.86
-102769.757   160.427   -11.79    9.39
-102393.057   158.420    -5.33    9.95
-102016.400   159.137     1.90    9.34
-101639.787   159.985     2.25    7.93
-101263.218   157.625    -6.27    8.67
-100886.694   149.629   -21.24   13.25
-100510.213   139.541   -26.80   16.03
-100133.776   128.194   -30.15   17.88
 -99757.383   119.039   -24.32   19.74
 -99381.034   115.838    -8.51   20.41
 -99004.729   114.953    -2.35   20.23
 -98628.468   111.198    -9.98   19.39
 -98252.251    98.030   -35.00   22.27
 -97876.078    83.820   -37.78   20.78
 -97499.948    70.194   -36.23   18.03
 -97123.863    54.851   -40.80   16.32
 -96747.821    43.903   -29.11   12.86
 -96371.823    37.723   -16.44    8.73
 -95995.868    35.625    -5.58    8.73
 -95619.958    36.051     1.13    9.78
 -95244.091    40.871    12.82   12.59
 -94868.268    47.270    17.03   14.88
 -94492.489    52.717    14.50   16.45
 -94116.753    52.419    -0.79   16.61
 -93741.061    47.248   -13.77   16.24
 -93365.413    34.081   -35.06   17.95
 -92989.808    23.559   -28.02   16.61
 -92614.247    15.805   -20.65   15.16
 -92238.730     8.520   -19.40   11.13
 -91863.256     4.270   -11.32    7.39
 -91487.826     2.380    -5.04    4.09
 -91112.439     1.869    -1.36    3.11
 -90737.096     1.264    -1.61    2.75
 -90361.796     0.421    -2.25    1.60
 -89986.540     0.510     0.24    1.70
 -89611.328     1.220     1.89    2.51
 -89236.158     1.297     0.20    2.53
 -88861.033     1.166    -0.35    2.49
 -88485.951     0.821    -0.92    2.32
 -88110.912    -0.097    -2.45    0.00
 -87735.916    -0.097     0.00    0.00
 -87360.964     1.016     2.97    2.70
 -86986.056     2.438     3.79    3.88
 -86611.191     3.346     2.42    3.98
 -86236.369     3.745     1.07    3.91
 -85861.590     2.903    -2.25    3.42
 -85486.855     1.971    -2.49    2.89
 -85112.163     1.520    -1.20    2.61
 -84737.514     1.330    -0.51    2.64
 -84362.909     1.003    -0.87    2.41
 -83988.347     0.653    -0.93    1.79
 -83613.828     0.954     0.80    2.71
 -83239.352     2.297     3.59    3.81
 -82864.919     3.059     2.03    3.86
 -82490.530     3.937     2.35    4.05
 -82116.184     4.666     1.95    4.11
 -81741.881     3.258    -3.76    4.02
 -81367.621     3.370     0.30    4.50
 -80993.404     3.198    -0.46    4.45
 -80619.231     3.284     0.23    3.90
 -80245.100     3.737     1.21    4.05
 -79871.012     4.293     1.49    4.43
 -79496.968     4.472     0.48    4.53
 -79122.967     4.149    -0.86    4.30
 -78749.008     3.593    -1.49    4.13
 -78375.093     3.838     0.65    3.71
 -78001.220     4.020     0.49    3.21
 -77627.391     4.428     1.09    3.04
 -77253.604     3.203    -3.28    2.77
 -76879.861     2.737    -1.25    2.85
 -76506.160     2.507    -0.62    3.52
 -76132.502     2.056    -1.21    3.27
 -75758.887     1.674    -1.02    2.70
 -75385.315     1.921     0.66    3.06
 -75011.786     2.182     0.70    3.06
 -74638.300     2.369     0.50    2.88
 -74264.856     2.444     0.20    2.74
 -73891.456     2.182    -0.70    2.49
 -73518.098     2.003    -0.48    2.13
 -73144.783     2.208     0.55    2.44
 -72771.510     2.303     0.25    2.35
 -72398.281     2.348     0.12    2.47
 -72025.094     2.293    -0.15    2.65
 -71651.950     2.215    -0.21    3.11
 -71278.848     1.938    -0.74    3.36
 -70905.789     1.920    -0.05    3.75
 -70532.773     1.640    -0.75    3.58
 -70159.800     1.452    -0.51    3.30
 -69786.869     2.158     1.89    4.00
 -69413.981     3.215     2.84    4.47
 -69041.135     3.687     1.27    4.71
 -68668.332     3.661    -0.07    4.75
 -68295.571     4.339     1.82    4.80
 -67922.853     4.553     0.58    4.25
 -67550.178     4.739     0.50    3.14
 -67177.545     5.219     1.29    2.53
 -66804.955     4.565    -1.76    1.87
 -66432.407     3.507    -2.84    1.91
 -66059.901     4.280     2.08    2.84
 -65687.438     5.610     3.57    3.45
 -65315.018     7.039     3.84    3.04
 -64942.639     8.293     3.37    1.69
 -64570.304     8.903     1.64    2.33
 -64198.010     9.270     0.98    2.74
 -63825.759     9.220    -0.13    3.11
 -63453.551     8.587    -1.70    3.39
 -63081.384     7.853    -1.97    3.57
 -62709.260     7.051    -2.16    2.67
 -62337.179     6.514    -1.44    2.98
 -61965.139     6.526     0.03    3.06
 -61593.142     6.219    -0.83    3.25
 -61221.187     4.903    -3.54    3.60
 -60849.275     5.005     0.27    4.59
 -60477.404     6.856     4.98    6.30
 -60105.576     9.570     7.30    6.80
 -59733.790    12.869     8.88    6.00
 -59362.047    15.690     7.59    3.92
 -58990.345    17.067     3.70    1.45
 -58618.686    17.480     1.11    1.42
 -58247.068    17.971     1.32    1.31
 -57875.493    18.459     1.31    1.24
 -57503.960    18.645     0.50    1.22
 -57132.469    19.194     1.48    1.43
 -56761.020    19.886     1.86    1.43
 -56389.613    20.543     1.77    1.53
 -56018.248    21.361     2.20    1.30
 -55646.925    21.936     1.55    1.32
 -55275.645    22.537     1.62    1.25
 -54904.406    23.053     1.39    1.10
 -54533.209    23.530     1.29    1.13
 -54162.054    24.287     2.04    1.46
 -53790.941    25.323     2.79    1.67
 -53419.870    26.503     3.18    2.20
 -53048.841    28.053     4.18    2.48
 -52677.854    29.352     3.50    2.39
 -52306.909    30.581     3.31    2.09
 -51936.005    31.243     1.78    1.60
 -51565.144    31.412     0.46    1.35
 -51194.324    31.439     0.07    1.16
 -50823.546    31.853     1.12    1.42
 -50452.810    32.387     1.44    1.55
 -50082.115    32.984     1.61    1.55
 -49711.463    33.620     1.72    1.49
 -49340.852    33.581    -0.10    1.33
 -48970.283    33.720     0.37    1.24
 -48599.756    34.100     1.03    1.08
 -48229.270    34.303     0.55    0.94
 -47858.826    34.437     0.36    0.89
 -47488.424    34.323    -0.31    1.08
 -47118.063    34.446     0.33    1.22
 -46747.744    34.953     1.37    1.37
 -46377.467    35.430     1.29    1.40
 -46007.231    36.280     2.30    1.74
 -45637.037    37.990     4.62    3.16
 -45266.885    39.985     5.39    3.80
 -44896.774    41.593     4.34    3.51
 -44526.704    42.516     2.49    3.35
 -44156.677    43.334     2.21    3.58
 -43786.690    44.637     3.52    4.13
 -43416.745    46.100     3.96    4.69
 -43044.348    47.526     3.83    4.69
 -42665.963    49.632     5.57    4.95
 -42287.621    51.720     5.52    5.52
 -41909.323    54.968     8.59    5.82
 -41531.068    57.645     7.08    5.06
 -41152.857    59.035     3.67    3.58
 -40774.689    57.182    -4.90    5.24
 -40396.565    53.344   -10.15    7.83
 -40018.484    48.869   -11.84    6.76
 -39640.446    46.259    -6.90    5.05
 -39262.453    46.323     0.17    3.69
 -38884.502    48.800     6.55    2.59
 -38506.595    50.570     4.68    2.86
 -38128.731    52.149     4.18    2.54
 -37750.911    53.637     3.94    2.47
 -37373.134    54.988     3.58    2.22
 -36995.401    55.853     2.29    3.01
 -36617.710    57.194     3.55    3.80
 -36240.063    58.153     2.54    4.11
 -35862.460    59.303     3.05    3.80
 -35484.899    59.707     1.07    3.52
 -35107.382    58.903    -2.13    3.67
 -34729.908    58.497    -1.08    3.73
 -34352.478    57.477    -2.70    3.82
 -33975.090    56.887    -1.56    3.82
 -33597.746    56.378    -1.35    3.66
 -33220.445    55.969    -1.08    3.20
 -32843.187    54.959    -2.68    2.58
 -32465.972    53.575    -3.67    2.32
 -32088.801    52.412    -3.09    2.09
 -31711.672    51.403    -2.67    1.97
 -31334.587    50.337    -2.83    1.83
 -30957.544    49.632    -1.87    1.78
 -30580.545    48.953    -1.80    1.68
 -30203.589    48.605    -0.92    1.68
 -29826.676    48.870     0.70    1.52
 -29449.805    49.007     0.36    1.48
 -29072.978    48.774    -0.62    1.57
 -28696.194    48.259    -1.37    1.82
 -28319.453    46.802    -3.87    2.52
 -27942.755    45.429    -3.64    2.51
 -27566.099    44.707    -1.92    2.63
 -27189.487    44.346    -0.96    2.85
 -26812.917    44.507     0.43    3.02
 -26436.391    44.395    -0.30    3.09
 -26059.907    44.649     0.67    2.81
 -25683.466    43.988    -1.76    2.44
 -25307.068    43.253    -1.95    2.40
 -24930.712    42.936    -0.84    2.44
 -24554.400    43.191     0.68    2.53
 -24178.130    44.287     2.91    1.95
 -23801.903    44.428     0.38    1.85
 -23425.719    43.314    -2.96    2.56
 -23049.578    41.803    -4.02    3.13
 -22673.479    40.395    -3.75    3.05
 -22297.423    40.205    -0.51    2.85
 -21921.410    40.470     0.70    3.01
 -21545.439    41.753     3.41    2.56
 -21169.511    42.436     1.81    1.70
 -20793.626    42.403    -0.09    2.03
 -20417.783    41.803    -1.60    2.28
 -20041.983    41.026    -2.07    2.58
 -19666.226    40.855    -0.46    2.43
 -19290.511    41.700     2.25    2.47
 -18914.839    43.039     3.56    2.49
 -18539.209    44.264     3.26    1.73
 -18163.621    45.087     2.19    1.42
 -17788.077    45.514     1.14    1.26
 -17412.575    45.817     0.81    1.17
 -17037.115    45.821     0.01    1.04
 -16661.697    45.972     0.40    0.99
 -16286.323    45.970    -0.01    0.94
 -15910.990    46.187     0.58    0.92
 -15535.700    46.378     0.51    1.02
 -15160.453    46.615     0.63    0.91
 -14785.247    46.734     0.32    0.89
 -14410.085    46.661    -0.19    0.99
 -14034.964    45.920    -1.98    1.60
 -13659.886    44.603    -3.51    2.23
 -13284.850    43.033    -4.19    2.44
 -12909.857    41.337    -4.52    2.33
 -12534.906    39.662    -4.47    1.93
 -12159.997    38.274    -3.70    2.36
 -11785.130    36.598    -4.47    2.53
 -11410.306    35.225    -3.66    2.76
 -11035.523    33.770    -3.88    2.19
 -10660.783    32.921    -2.27    2.11
 -10286.086    32.520    -1.07    2.45
  -9911.430    31.990    -1.42    2.61
  -9536.817    30.690    -3.47    3.48
  -9162.245    29.090    -4.27    4.17
  -8787.716    26.765    -6.21    4.27
  -8413.229    24.581    -5.83    2.83
  -8038.784    23.477    -2.95    2.00
  -7664.381    22.751    -1.94    1.47
  -7290.021    22.395    -0.95    1.48
  -6915.702    21.887    -1.36    1.56
  -6541.425    20.798    -2.91    2.23
  -6167.191    18.215    -6.90    4.93
  -5792.998    13.131   -13.59    8.00
  -5418.847     7.484   -15.09    8.30
  -5044.739     2.455   -13.44    5.50
  -4670.672    -0.063    -6.73    0.26
  -4296.647    -0.097    -0.09    0.00
  -3922.664    -0.097     0.00    0.00
  -3548.724    -0.097     0.00    0.00
  -3174.825    -0.097     0.00    0.00
  -2800.967    -0.097     0.00    0.00
  -2427.152    -0.097     0.00    0.00
  -2053.379    -0.097     0.00    0.00
  -1679.647    -0.097     0.00    0.00
  -1305.957    -0.097     0.00    0.00
   -932.310    -0.097     0.00    0.00
   -558.703    -0.097     0.00    0.00
   -185.139    -0.097     0.00    0.00
    188.384    -0.097     0.00    0.00
    561.864    -0.097     0.00    0.00
    935.304    -0.097     0.00    0.00
   1308.701    -0.097     0.00    0.00
   1682.057    -0.097     0.00    0.00
   2055.371    -0.097     0.00    0.00
   2428.643    -0.097     0.00    0.00
   2801.874    -0.097     0.00    0.00
   3175.063    -0.097     0.00    0.00
   3548.210    -0.097     0.00    0.00
   3921.316    -0.097     0.00    0.00
   4294.381    -0.097     0.00    0.00
   4667.403    -0.097     0.00    0.00
   5040.384     2.514     7.00    9.09
   5413.324     9.103    17.67   19.24
   5786.222    26.163    45.75   35.03
   6159.079    56.559    81.52   49.44
   6531.894    91.714    94.29   47.98
   6904.667   121.690    80.41   36.84
   7277.399   146.310    66.05   19.15
   7650.090   153.293    18.74    4.86
   8022.739   151.666    -4.37    4.84
   8395.347   147.903   -10.10    6.59
   8767.913   141.593   -16.94    8.33
   9140.438   132.972   -23.14   11.59
   9512.922   118.969   -37.59   17.54
   9885.364   103.064   -42.70   18.75
  10257.765    87.886   -40.76   18.83
  10630.125    73.990   -37.32   12.25
  11002.443    67.742   -16.78    8.16
  11374.720    67.627    -0.31    9.90
  11746.956    72.869    14.08   12.70
  12119.150    79.985    19.12   10.67
  12491.304    84.530    12.21    7.34
  12863.416    84.615     0.23    6.78
  13235.486    82.971    -4.42    8.04
  13607.516    80.629    -6.30    8.88
  13979.504    79.833    -2.14    9.76
  14351.451    81.553     4.62   10.99
  14723.357    82.718     3.13    9.92
  15095.222    77.153   -14.96   14.43
  15467.046    63.988   -35.41   21.79
  15838.829    50.081   -37.41   24.66
  16210.570    36.753   -35.85   18.20
  16582.271    30.645   -16.43   11.99
  16953.930    30.683     0.10   10.95
  17325.548    31.802     3.01    8.87
  17697.125    30.039    -4.74    7.69
  18068.662    23.819   -16.74    8.30
  18440.157    15.280   -22.98    9.76
  18811.611     8.817   -17.40    8.64
  19183.024     3.690   -13.80    5.97
  19554.397     0.485    -8.63    2.21
  19925.728    -0.097    -1.57    0.00
  20297.018    -0.097     0.00    0.00
  20668.268    -0.097     0.00    0.00
  21039.477    -0.097     0.00    0.00
  21410.644    -0.097     0.00    0.00
  21781.771    -0.097     0.00    0.00
  22152.857    -0.097     0.00    0.00
  22523.902    -0.097     0.00    0.00
  22894.906    -0.097     0.00    0.00
  23265.870    -0.097     0.00    0.00
  23636.793    -0.097     0.00    0.00
  24007.674    -0.097     0.00    0.00
  24378.516    -0.097     0.00    0.00
  24749.316    -0.097     0.00    0.00
  25120.076    -0.097     0.00    0.00
  25490.794    -0.097     0.00    0.00
  25861.473    -0.097     0.00    0.00
  26232.110    -0.097     0.00    0.00
  26602.707    -0.097     0.00    0.00
  26973.263    -0.097     0.00    0.00
  27343.779    -0.097     0.00    0.00
  27714.254    -0.097     0.00    0.00
  28084.688    -0.097     0.00    0.00
  28455.081    -0.097     0.00    0.00
  28825.435    -0.097     0.00    0.00
  29195.747     0.007     0.28    0.79
  29566.019     0.461     1.23    1.77
  29936.250     0.990     1.43    2.46
  30306.441     1.687     1.88    2.80
  30676.591     2.332     1.74    2.76
  31046.701     2.871     1.46    2.42
  31416.771     3.559     1.86    1.91
  31788.486     3.803     0.66    1.80
  32166.778     4.420     1.63    1.55
  32545.028     4.785     0.96    1.33
  32923.236     5.007     0.59    1.42
  33301.401     4.849    -0.42    1.63
  33679.524     4.785    -0.17    1.54
  34057.605     4.955     0.45    1.63
  34435.643     5.210     0.67    1.71
  34813.639     5.276     0.18    1.66
  35191.593     5.196    -0.21    1.54
  35569.504     7.120     5.09    6.65
  35947.373    12.511    14.26   13.15
  36325.199    19.887    19.52   15.96
  36702.984    28.798    23.59   15.83
  37080.726    36.166    19.50   13.16
  37458.426    43.637    19.78    6.74
  37836.083    47.225     9.50    5.98
  38213.699    49.597     6.28    5.32
  38591.272    51.344     4.63    4.12
  38968.803    51.972     1.66    3.91
  39346.292    51.957    -0.04    4.68
  39723.739    52.887     2.46    4.72
  40101.144    53.728     2.23    4.68
  40478.506    54.293     1.50    4.17
  40855.827    52.936    -3.60    3.88
  41233.105    51.220    -4.55    5.68
  41610.341    46.853   -11.58    7.89
  41987.535    43.718    -8.31    7.78
  42364.688    42.666    -2.79    6.63
  42741.798    42.421    -0.65    4.66
  43118.866    43.494     2.85    2.64
  43495.892    44.581     2.89    1.92
  43872.877    44.248    -0.88    1.93
  44249.819    42.785    -3.88    2.65
  44626.719    40.886    -5.04    2.75
  45003.578    39.303    -4.20    2.48
  45380.394    38.645    -1.75    2.31
  45757.169    38.871     0.60    2.44
  46133.902    38.920     0.13    2.54
  46510.592    37.817    -2.93    3.65
  46887.242    35.559    -5.99    4.32
  47263.849    34.412    -3.05    4.44
  47640.414    34.955     1.44    5.40
  48016.938    36.482     4.06    5.53
  48393.420    38.543     5.47    4.56
  48769.860    40.588     5.43    3.24
  49146.258    42.369     4.73    3.63
  49522.614    42.543     0.46    3.66
  49898.929    38.649   -10.35   10.13
  50275.202    28.093   -28.05   18.65
  50651.434    16.640   -30.44   19.17
  51027.624     6.187   -27.79   12.97
  51403.772     0.153   -16.04    1.87
  51779.878    -0.097    -0.66    0.00
  52155.943    -0.097     0.00    0.00
  52531.966    -0.097     0.00    0.00
  52907.948    -0.097     0.00    0.00
  53283.888    -0.097     0.00    0.00
  53659.786    -0.097     0.00    0.00
  54035.643    -0.097     0.00    0.00
  54411.459    -0.097     0.00    0.00
  54787.232    -0.097     0.00    0.00
  55162.965    -0.097     0.00    0.00
  55538.656    -0.097     0.00    0.00
  55914.305    -0.097     0.00    0.00
  56289.913    -0.097     0.00    0.00
  56665.479     1.649     4.65    8.44
  57041.004    19.694    48.05   34.05
  57416.488    40.658    55.83   43.31
  57791.930    69.124    75.82   41.61
  58167.331    96.070    71.78   20.52
  58542.691   103.649    20.19   10.52
  58918.009   104.378     1.94   10.00
  59293.285   104.805     1.14   13.04
  59668.521   116.819    32.01   22.16
  60043.715   135.957    51.01   31.32
  60418.868   155.049    50.89   29.84
  60793.979   168.921    36.98   21.89
  61169.050   169.610     1.84   17.05
  61544.079   159.868   -25.98   17.10
  61919.067   147.419   -33.20   16.83
  62294.013   135.482   -31.84   12.33
  62668.919   127.714   -20.72    9.60
  63043.783   120.789   -18.47    9.46
  63418.606   116.836   -10.55    8.79
  63793.388   115.524    -3.50    7.96
  64168.129   116.467     2.52    8.59
  64542.828   118.802     6.23    6.47
  64917.487   117.796    -2.68    6.88
  65292.104   111.065   -17.97   11.15
  65666.681   101.056   -26.72   12.53
  66041.216    91.679   -25.03   12.58
  66415.710    85.497   -16.51    9.58
  66790.163    83.988    -4.03    8.96
  67164.575    84.588     1.60    9.13
  67538.947    84.920     0.89    8.73
  67913.277    77.018   -21.11   13.89
  68287.566    64.748   -32.78   15.13
  68661.814    51.327   -35.86   14.30
  69036.021    43.261   -21.55    8.24
  69410.188    44.593     3.56   10.65
  69784.313    55.559    29.31   18.11
  70158.398    70.395    39.66   18.59
  70532.441    86.853    44.00   17.49
  70906.444   100.528    36.56   15.18
  71280.406   111.444    29.19   12.03
  71654.327   118.449    18.73    8.20
  72028.208   116.921    -4.09    8.99
  72402.047   111.317   -14.99   12.97
  72775.846   108.739    -6.90   15.23
  73149.604   111.783     8.14   18.38
  73523.321   119.386    20.34   18.57
  73896.997   126.657    19.46   10.90
  74270.633   123.107    -9.50   14.67
  74644.228   112.184   -29.23   19.20
  75017.782    97.511   -39.28   19.50
  75391.295    82.547   -40.06   18.36
  75764.768    69.778   -34.19   15.25
  76138.200    59.353   -27.91   13.68
  76511.592    48.731   -28.45   13.56
  76884.943    39.334   -25.17   14.19
  77258.253    29.598   -26.08   15.58
  77631.523    21.770   -20.97   12.68
  78004.752    17.073   -12.58   10.10
  78377.940    17.005    -0.18   11.36
  78751.088    23.018    16.11   15.70
  79124.196    32.231    24.69   16.86
  79497.262    40.649    22.56   14.61
  79870.289    47.533    18.45   14.53
  80243.275    50.020     6.67   18.06
  80616.220    47.342    -7.18   21.05
  80989.125    40.395   -18.63   22.99
  81361.989    35.395   -13.41   20.65
  81734.813    37.921     6.77   25.44
  82107.597    46.785    23.78   34.46
  82480.340    52.581    15.55   37.06
  82853.043    49.570    -8.08   38.39
  83225.705    45.921    -9.79   40.32
  83598.327    39.821   -16.37   40.34
  83970.909    35.921   -10.47   40.67
  84343.450    35.768    -0.41   40.75
  84715.951    30.576   -13.94   38.25
  85088.412    23.145   -19.95   33.05
  85460.833    16.009   -19.16   25.27
  85833.213    13.320    -7.22   25.36
  86205.553     9.480   -10.31   21.94
  86577.852     4.421   -13.59   13.41
  86950.112     1.723    -7.25    5.93
  87322.331     0.265    -3.92    1.60
  87694.510    -0.097    -0.97    0.00
  88066.649    -0.097     0.00    0.00
  88438.747    -0.097     0.00    0.00
  88810.806    -0.097     0.00    0.00
  89182.824    -0.097     0.00    0.00
  89554.802    -0.097     0.00    0.00
  89926.740    -0.097     0.00    0.00
  90298.638    -0.097     0.00    0.00
  90670.496    -0.097     0.00    0.00
  91042.314    -0.097     0.00    0.00
  91414.091    -0.097     0.00    0.00
  91785.829    -0.097     0.00    0.00
  92157.527    -0.097     0.00    0.00
  92529.184    -0.097     0.00    0.00
  92900.802    -0.097     0.00    0.00
  93272.379    -0.097     0.00    0.00
  93643.917    -0.097     0.00    0.00
  94015.415    -0.097     0.00    0.00
  94386.873    -0.097     0.00    0.00
  94758.290    -0.097     0.00    0.00
  95129.668    -0.097     0.00    0.00
  95501.006    -0.097     0.00    0.00
  95872.304     0.110     0.56    1.17
  96243.563     0.800     1.86    2.79
  96614.781     1.395     1.60    3.53
  96985.960     1.653     0.70    3.72
  97357.098     2.297     1.73    4.26
  97728.197     2.848     1.48    4.53
  98099.256     4.187     3.61    5.08
  98470.276     5.535     3.63    5.04
  98841.255     6.805     3.42    5.01
  99212.195     8.412     4.33    4.36
  99583.095     9.662     3.37    3.07
  99953.955    10.751     2.94    1.22
 100324.776    10.869     0.32    0.83
 100695.557    10.938     0.18    0.84
 101066.298    10.990     0.14    0.82
 101437.000    11.084     0.25    0.81
 101807.661    11.430     0.93    1.05
 102178.284    11.920     1.32    1.73
 102548.866    12.422     1.35    2.19
 102919.409    13.547     3.04    3.12
 103289.913    15.149     4.32    3.85
 103660.376    16.805     4.47    4.35
 104030.801    19.127     6.27    4.31
 104401.185    21.149     5.46    3.86
 104771.531    22.937     4.83    2.80
 105141.836    24.059     3.03    1.82
 105512.102    24.731     1.82    1.13
 105882.329    24.683    -0.13    0.98
 106252.516    24.520    -0.44    1.01
 106623.636    24.395    -0.34    1.07
 107001.842    24.395     0.00    1.07
 107380.006    24.812     1.10    1.31
 107758.129    25.974     3.07    2.02
 108136.211    27.225     3.31    1.86
 108514.252    28.022     2.11    1.52
 108892.251    28.517     1.31    1.00
 109270.209    28.649     0.35    1.27
 109648.126    28.920     0.72    1.13
 110026.001    28.903    -0.04    1.13
 110403.836    28.819    -0.22    1.09
 110781.629    28.535    -0.75    0.94
 111159.381    28.093    -1.17    1.15
 111537.091    27.500    -1.57    1.31
 111914.761    27.061    -1.16    1.40
 112292.389    26.070    -2.62    1.67
 112669.977    24.761    -3.47    2.28
 113047.523    23.543    -3.23    2.77
 113425.028    22.610    -2.47    2.63
 113802.492    22.800     0.50    2.34
 114179.915    22.954     0.41    1.79
 114557.296    23.564     1.62    1.09
 114934.637    23.886     0.85    0.88
 115311.937    24.685     2.12    1.46
 115689.196    26.070     3.67    1.71
 116066.414    27.026     2.53    1.35
 116443.590    27.524     1.32    0.89
 116820.726    27.242    -0.75    1.06
 117197.821    26.696    -1.45    1.35
 117574.875    26.093    -1.60    1.71
 117951.888    25.485    -1.61    1.66
 118328.860    25.179    -0.81    1.55
 118705.791    25.231     0.14    1.55
 119082.682    25.412     0.48    1.36
 119459.531    25.310    -0.27    0.87
 119836.340    25.517     0.55    0.92
 120213.108    25.936     1.11    1.54
 120589.835    26.781     2.24    2.09
 120966.521    27.938     3.07    2.18
 121343.166    29.107     3.10    1.53
 121719.771    29.520     1.10    1.08
 122096.335    29.131    -1.03    1.23
 122472.858    28.787    -0.92    1.29
 122849.340    28.259    -1.40    1.28
 123225.782    27.662    -1.59    1.23
 123602.183    27.018    -1.71    1.37
 123978.543    26.136    -2.34    1.24
 124354.863    25.438    -1.85    1.20
 124731.142    24.740    -1.86    1.13
 125107.380    24.051    -1.83    1.08
 125483.578    23.689    -0.96    1.04
 125859.735    23.524    -0.44    0.99
 126235.852    23.395    -0.34    0.83
 126611.928    23.482     0.23    0.78
 126987.963    23.988     1.34    1.18
 127363.958    24.718     1.94    1.43
 127739.912    25.645     2.46    1.38
 128115.826    26.430     2.09    0.78
 128491.699    26.618     0.50    0.77
 128867.532    26.868     0.67    0.87
 129243.324    27.272     1.07    1.01
 129619.076    28.194     2.45    1.45
 129994.787    29.093     2.39    1.76
 130370.458    30.386     3.44    1.74
 130746.089    31.126     1.97    1.44
 131121.679    30.920    -0.55    1.48
 131497.229    30.324    -1.59    1.36
 131872.738    29.770    -1.48    1.26
 132248.207    29.310    -1.22    1.05
 132623.636    28.955    -0.95    1.32
 132999.024    28.280    -1.80    1.24
 133374.372    27.939    -0.91    1.28
 133749.680    27.593    -0.92    1.34
 134124.947    27.485    -0.29    1.38
 134500.175    27.756     0.72    1.50
 134875.362    28.261     1.34    1.54
 135250.508    28.731     1.25    1.43
 135625.615    29.124     1.05    1.15
 136000.681    29.447     0.86    0.85
 136375.707    29.593     0.39    0.82
 136750.693    29.522    -0.19    0.80
 137125.638    29.552     0.08    0.77
 137500.544    29.535    -0.05    1.06
 137875.409    29.313    -0.59    1.15
 138250.235    29.167    -0.39    1.14
 138625.020    28.886    -0.75    1.07
 138999.765    28.446    -1.17    1.01
 139374.470    28.237    -0.56    1.01
 139749.135    27.833    -1.08    0.94
 140123.760    27.267    -1.51    1.08
 140498.344    26.620    -1.73    1.26
 140872.889    25.976    -1.72    1.14
 141247.394    25.494    -1.29    1.01
 141621.859    25.026    -1.25    0.87
 141996.283    24.781    -0.66    0.98
 142370.668    24.615    -0.44    1.11
 142745.013    24.524    -0.24    1.07
 143119.318    24.289    -0.63    1.16
 143493.583    23.903    -1.03    1.37
 143867.808    23.124    -2.08    1.42
 144241.993    22.511    -1.64    1.23
 144616.139    22.103    -1.09    1.16
 144990.244    21.576    -1.41    0.98
 145364.310    21.570    -0.02    0.97
 145738.336    21.768     0.53    1.01
 146112.322    21.920     0.41    1.04
 146486.268    22.231     0.83    0.85
 146860.174    22.386     0.41    0.82
 147234.041    22.463     0.20    0.77
 147607.867    22.332    -0.35    0.78
 147981.654    22.463     0.35    0.88
 148355.402    22.558     0.25    0.82
 148729.109    22.798     0.64    1.01
 149102.777    23.403     1.62    1.34
 149476.405    23.954     1.47    1.28
 149849.994    24.728     2.07    1.02
 150223.543    24.972     0.65    1.01
 150597.052    25.412     1.18    1.04
 150970.521    25.796     1.03    1.02
 151343.951    26.090     0.79    0.99
 151717.342    26.292     0.54    1.12
 152090.692    26.283    -0.03    1.27
 152464.003    26.202    -0.22    1.43
 152837.275    25.694    -1.36    1.48
 153210.507    24.975    -1.93    1.51
 153583.700    24.167    -2.17    1.30
 153956.852    23.581    -1.57    1.26
 154329.966    23.395    -0.50    1.30
 154703.040    23.231    -0.44    1.29
 155076.074    23.144    -0.23    1.27
 155449.069    23.158     0.04    1.27
 155822.025    23.031    -0.34    1.28
 156194.941    22.987    -0.12    1.24
 156567.818    22.903    -0.22    1.07
 156940.655    22.781    -0.33    1.09
 157313.453    23.056     0.74    1.28
 157686.211    23.214     0.42    1.22
 158058.930    23.359     0.39    1.20
 158431.610    23.207    -0.41    1.23
 158804.251    23.037    -0.46    1.14
 159176.852    23.064     0.07    1.12
 159549.413    23.395     0.89    1.21
 159921.936    23.761     0.98    1.23
 160294.419    24.028     0.72    1.16
 160666.863    24.429     1.07    1.10
 161039.268    24.714     0.76    1.25
 161411.633    24.765     0.14    1.29
 161783.959    24.954     0.51    1.33
 162156.246    25.127     0.47    1.46
 162528.494    25.046    -0.22    1.42
 162900.703    25.158     0.30    1.31
 163272.872    25.089    -0.19    1.26
 163645.002    24.955    -0.36    1.10
 164017.094    25.140     0.50    1.12
 164389.146    25.470     0.89    1.29
 164761.158    25.582     0.30    1.32
 165133.132    25.455    -0.34    1.20
 165505.067    25.530     0.20    1.19
 165876.962    25.679     0.40    1.12
 166248.819    25.783     0.28    1.09
 166620.637    25.802     0.05    1.05
 166992.415    25.636    -0.45    1.00
 167364.154    25.618    -0.05    1.02
 167735.855    25.564    -0.14    0.94
 168107.516    25.957     1.06    0.82
 168479.139    26.237     0.75    0.86
 168850.722    26.522     0.77    0.97
 169222.267    26.921     1.07    1.06
 169593.772    27.283     0.97    0.91
 169965.239    27.530     0.67    0.96
 170336.667    27.447    -0.22    1.02
 170708.056    27.541     0.25    1.07
 171079.406    27.494    -0.13    1.24
 171450.717    27.535     0.11    1.26
 171821.989    27.463    -0.19    1.28
 172193.223    27.237    -0.61    1.10
 172564.417    26.921    -0.85    1.13
 172935.573    26.594    -0.88    0.98
 173306.690    26.487    -0.29    0.89
 173677.768    26.289    -0.53    0.80
 174048.808    26.317     0.07    0.84
 174419.809    26.202    -0.31    0.87
 174790.771    26.114    -0.24    1.01
 175161.694    26.272     0.43    1.14
 175532.578    26.342     0.19    1.13
 175903.424    25.903    -1.18    1.13
 176274.231    25.552    -0.95    1.16
 176645.000    25.182    -1.00    0.99
 177015.729    24.940    -0.65    0.88
 177386.421    24.658    -0.76    0.93
 177757.073    24.626    -0.09    0.92
 178127.687    24.334    -0.79    1.01
 178498.262    24.131    -0.55    0.98
 178868.799    24.039    -0.25    1.09
 179239.297    23.903    -0.37    1.22
 179609.757    23.868    -0.09    1.16
 179980.178    23.768    -0.27    1.07
 180350.560    23.618    -0.41    1.11
 180720.904    23.061    -1.50    1.32
 181091.209    22.535    -1.42    1.34
 181461.840    21.972    -1.52    1.53
 181839.956    21.231    -1.96    1.31
 182218.033    20.969    -0.69    1.24
 182596.069    20.618    -0.93    1.12
 182974.065    20.605    -0.03    0.98
 183352.021    20.191    -1.09    1.08
 183729.936    19.833    -0.95    1.18
 184107.811    19.798    -0.09    1.18
 184485.646    19.440    -0.95    1.06
 184863.441    19.041    -1.06    1.05
 185241.196    18.781    -0.69    1.05
 185618.911    18.613    -0.44    1.05
 185996.585    18.377    -0.62    1.17
 186374.220    18.278    -0.26    1.30
 186751.814    18.270    -0.02    1.47
 187129.368    18.431     0.43    1.36
 187506.882    18.816     1.02    1.21
 187884.356    18.976     0.42    0.96
 188261.790    19.096     0.32    0.79
 188639.184    19.254     0.42    0.90
 189016.538    19.324     0.19    1.05
 189393.852    19.149    -0.46    1.09
 189771.127    19.207     0.15    1.06
 190148.361    19.166    -0.11    1.14
 190525.555    19.136    -0.08    1.19
 190902.709    19.167     0.08    1.13
 191279.823    19.114    -0.14    1.06
 191656.897    19.395     0.74    1.09
 192033.932    20.026     1.67    1.31
 192410.927    20.667     1.70    1.12
 192787.881    21.369     1.86    1.42
 193164.796    22.231     2.29    1.49
 193541.671    23.103     2.32    1.73
 193918.506    23.903     2.12    1.77
 194295.302    24.640     1.96    1.72
 194672.057    25.073     1.15    1.37
 195048.773    25.261     0.50    1.23
 195425.449    25.237    -0.06    1.49
 195802.085    24.626    -1.62    1.66
 196178.682    24.334    -0.77    1.63
 196555.239    23.956    -1.00    1.42
 196931.756    23.641    -0.84    1.34
 197308.233    23.136    -1.34    1.18
 197684.671    22.868    -0.71    1.09
 198061.069    22.203    -1.76    1.09
 198437.427    21.689    -1.37    1.19
 198813.746    21.219    -1.25    1.14
 199190.025    20.737    -1.28    1.04
 199566.265    20.535    -0.54    0.96
 199942.465    20.225    -0.82    0.92
 200318.625    19.869    -0.94    1.07
 200694.746    19.324    -1.45    1.22
 201070.827    18.921    -1.07    1.26
 201446.869    18.231    -1.83    1.97
 201822.871    17.718    -1.36    2.39
 202198.834    17.386    -0.88    2.27
 202574.757    17.212    -0.46    2.20
 202950.640    17.623     1.09    2.29
 203326.485    18.079     1.21    1.05
 203702.289    18.395     0.84    0.93
 204078.055    18.342    -0.14    0.98
 204453.781    18.254    -0.23    0.92
 204829.467    18.149    -0.28    0.81
 205205.114    18.067    -0.22    0.71
 205580.722    17.869    -0.53    0.84
 205956.290    17.921     0.14    0.92
 206331.819    17.956     0.09    0.95
 206707.309    18.009     0.14    1.08
 207082.759    17.745    -0.70    1.21
 207458.170    17.588    -0.42    1.17
 207833.542    17.376    -0.56    1.23
 208208.874    17.444     0.18    1.10
 208584.167    17.743     0.79    1.01
 208959.421    17.798     0.15    0.98
 209334.636    17.903     0.28    0.94
 209709.811    17.781    -0.33    0.89
 210084.947    17.851     0.19    0.72
 210460.044    17.851     0.00    0.81
 210835.102    17.814    -0.10    0.84
 211210.120    17.639    -0.47    0.96
 211585.100    17.293    -0.92    1.07
 211960.040    16.833    -1.23    1.00
 212334.941    16.455    -1.01    0.78
 212709.803    16.334    -0.32    0.77
 213084.626    16.307    -0.07    0.78
 213459.410    16.369     0.17    0.84
 213834.155    16.395     0.07    0.80
 214208.860    16.457     0.17    0.81
 214583.527    16.634     0.47    0.82
 214958.155    16.497    -0.37    0.83
 215332.743    16.482    -0.04    0.89
 215707.293    16.300    -0.49    0.90
 216081.803    16.059    -0.64    0.97
 216456.275    15.903    -0.41    1.04
 216830.708    15.627    -0.74    1.02
 217205.101    15.710     0.22    1.03
 217579.456    16.064     0.94    1.06
 217953.772    16.459     1.05    1.08
 218328.049    16.514     0.15    1.08
 218702.287    16.412    -0.27    1.21
 219076.486    16.141    -0.73    1.21
 219450.646    15.731    -1.09    1.19
 219824.767    15.421    -0.83    1.11
 220198.850    15.352    -0.18    0.78
 220572.894    15.559     0.55    0.93
 220946.898    15.778     0.59    0.92
 221320.865    16.107     0.88    0.94
 221694.792    16.327     0.59    0.97
 222068.680    16.412     0.23    0.90
 222442.530    16.403    -0.02    0.91
 222816.341    16.283    -0.32    0.95
 223190.113    16.044    -0.64    0.93
 223563.847    16.022    -0.06    0.98
 223937.542    16.076     0.14    0.99
 224311.198    16.171     0.26    0.96
 224684.816    16.158    -0.04    0.97
 225058.394    15.988    -0.45    1.09
 225431.935    15.867    -0.32    1.09
 225805.436    16.020     0.41    1.08
 226178.899    15.868    -0.41    1.04
 226552.323    15.728    -0.37    0.93
 226925.709    15.662    -0.18    0.88
 227299.056    15.618    -0.12    0.82
 227672.365    15.710     0.25    0.85
 228045.635    15.546    -0.44    0.94
 228418.866    15.455    -0.24    0.90
 228792.059    15.311    -0.39    0.90
 229165.213    15.231    -0.21    1.04
 229538.329    15.289     0.16    0.98
 229911.407    15.167    -0.33    0.86
 230284.446    14.938    -0.61    0.93
 230657.446    14.710    -0.61    0.90
 231030.408    14.359    -0.94    1.00
 231403.332    14.184    -0.47    1.00
 231776.217    13.868    -0.85    1.00
 232149.064    13.812    -0.15    1.02
 232521.872    13.530    -0.76    0.98
 232894.642    13.485    -0.12    0.90
 233267.374    13.455    -0.08    1.01
 233640.067    13.689     0.63    0.99
 234012.722    13.675    -0.04    1.17
 234385.339    13.627    -0.13    1.20
 234757.917    13.564    -0.17    1.17
 235130.457    13.289    -0.74    1.06
 235502.959    13.265    -0.06    1.02
 235875.422    13.293     0.07    0.91
 236247.847    13.394     0.27    0.94
 236620.234    13.547     0.41    1.08
 236992.583    13.570     0.06    1.08
 237364.893    13.582     0.03    0.96
 237737.166    13.564    -0.05    0.90
 238109.400    13.524    -0.11    0.77
 238481.595    13.679     0.42    0.75
 238853.753    13.834     0.42    0.77
 239225.873    13.921     0.23    0.81
 239597.954    13.778    -0.38    0.83
 239969.998    13.412    -0.98    0.88
 240342.003    13.237    -0.47    0.85
 240713.970    13.079    -0.42    0.78
 241085.899    12.996    -0.22    0.76
 241457.790    12.921    -0.20    0.83
 241829.643    12.816    -0.28    0.91
 242201.458    12.770    -0.12    1.00
 242573.234    12.725    -0.12    0.97
 242944.973    12.535    -0.51    1.06
 243316.674    12.564     0.08    1.06
 243688.337    12.439    -0.34    0.93
 244059.962    12.412    -0.07    0.89
 244431.548    12.485     0.20    0.99
 244803.097    12.500     0.04    1.00
 245174.608    12.570     0.19    1.03
 245546.081    12.530    -0.11    1.03
 245917.517    12.482    -0.13    0.96
 246288.914    12.500     0.05    0.94
 246660.273    12.149    -0.94    0.89
 247031.595    11.798    -0.94    0.99
 247402.878    11.421    -1.01    1.03
 247774.124    11.007    -1.12    1.02
 248145.332    10.671    -0.90    0.97
 248516.502    10.412    -0.70    0.80
 248887.634    10.175    -0.64    0.78
 249258.729    10.171    -0.01    0.82
 249629.785    10.259     0.24    0.80
 250000.804    10.422     0.44    0.88
 250371.786    10.546     0.34    0.84
 250742.729    10.475    -0.19    0.81
 251113.635    10.317    -0.42    0.82
 251484.503    10.535     0.59    0.92
 251855.333    11.024     1.32    1.13
 252226.126    10.658    -0.99    1.78
 252596.881     9.582    -2.90    2.60
 252967.598     7.854    -4.66    2.57
 253338.278     6.582    -3.43    1.56
 253708.920     5.903    -1.83    0.00
 254079.524     5.903     0.00    0.00
 254450.091     5.903     0.00    0.00
 254820.620     5.903     0.00    0.00
 255191.112     5.903     0.00    0.00
 255561.566     5.903     0.00    0.00
 255931.982     5.903     0.00    0.00
 256302.361     5.903     0.00    0.00
 256680.231     5.903     0.00    0.00
 257058.224     6.079     0.46    0.66
 257436.179     6.394     0.83    1.00
 257814.095     6.991     1.58    1.33
 258191.971     7.500     1.35    1.38
 258569.808     7.717     0.58    1.22
 258947.606     7.991     0.73    1.21
 259325.365     8.202     0.56    1.12
 259703.084     8.714     1.36    0.95
 260080.765     8.957     0.64    0.92
 260458.406     8.920    -0.10    0.90
 260836.009     8.711    -0.55    0.97
 261213.572     8.475    -0.63    0.93
 261591.096     8.026    -1.19    1.10
 261968.582     7.493    -1.41    1.23
 262346.028     6.868    -1.65    1.18
 262723.435     6.457    -1.09    0.81
 263100.803     6.658     0.53    0.89
 263478.132     7.103     1.18    0.93
 263855.422     7.412     0.82    0.99
 264232.673     7.403    -0.02    1.10
 264609.886     6.745    -1.74    1.88
 264987.059     4.446    -6.10    5.37
 265364.193     1.689    -7.31    7.36
 265741.289    -2.028    -9.85    9.44
 266118.345    -5.115    -8.19    9.81
 266495.363    -8.204    -8.19    8.72
 266872.342   -10.900    -7.15    6.57
 267249.282   -12.886    -5.27    3.15
 267626.183   -12.886     0.00    3.28
 268003.045   -12.798     0.23    3.34
 268379.869   -12.571     0.60    3.36
 268756.653   -11.597     2.59    2.98
 269133.399   -11.554     0.11    2.92
 269510.106   -11.842    -0.76    2.78
 269886.775   -11.864    -0.06    2.67
 270263.404   -12.623    -2.01    2.09
 270639.995   -12.132     1.30    2.14
 271016.547   -11.329     2.13    2.00
 271393.061   -10.806     1.39    1.93
 271769.536   -11.507    -1.86    2.59
 272145.972   -12.624    -2.97    3.02
 272522.369   -14.114    -3.96    2.84
 272898.728   -15.757    -4.37    1.25
 273275.048   -15.939    -0.48    1.15
 273651.330   -16.266    -0.87    1.30
 274027.573   -16.204     0.17    1.26
 274403.777   -16.269    -0.17    1.20
 274779.943   -15.745     1.39    1.79
 275156.070   -15.007     1.96    2.04
 275532.158   -14.561     1.19    2.05
 275908.209   -14.390     0.46    1.90
 276284.220   -14.886    -1.32    1.18
 276660.193   -15.097    -0.56    1.14
 277036.128   -15.436    -0.90    1.12
 277412.024   -15.543    -0.29    1.26
 277787.881   -15.368     0.47    1.47
 278163.700   -15.021     0.92    1.60
 278539.481   -14.739     0.75    1.69
 278915.223   -14.781    -0.11    1.61
 279290.927   -14.668     0.30    1.63
 279666.593   -14.711    -0.11    1.62
 280042.220   -14.597     0.30    1.66
 280417.808   -14.658    -0.16    1.75
 280793.358   -14.282     1.00    1.91
 281168.870   -13.520     2.03    2.44
 281544.344   -13.329     0.51    2.59
 281919.779   -13.377    -0.13    2.60
 282295.176   -14.183    -2.15    2.33
 282670.535   -14.811    -1.67    2.50
 283045.855   -15.184    -0.99    2.12
 283421.137   -14.624     1.49    2.08
 283796.381   -14.465     0.42    1.73
 284171.587   -14.424     0.11    1.71
 284546.754   -13.959     1.24    1.59
 284921.883   -12.954     2.68    2.55
 285296.974   -12.009     2.52    2.70
 285672.027   -11.483     1.40    2.48
 286047.041   -11.242     0.64    2.25
 286422.018   -12.164    -2.46    2.43
 286796.956   -13.097    -2.49    2.08
 287171.856   -13.293    -0.52    2.00
 287546.718   -13.242     0.14    2.08
 287921.542   -12.833     1.09    2.12
 288296.328   -12.722     0.30    2.02
 288671.075   -13.026    -0.81    2.15
 289045.785   -13.430    -1.08    1.96
 289420.456   -13.132     0.79    2.12
 289795.090   -12.486     1.72    2.20
 290169.685   -12.369     0.31    1.90
 290544.243   -13.430    -2.83    2.39
 290918.762   -15.041    -4.30    2.70
 291293.244   -16.579    -4.11    2.24
 291667.687   -17.816    -3.30    1.08
 292042.093   -17.882    -0.18    1.14
 292416.460   -17.257     1.67    2.35
 292790.790   -16.781     1.27    2.74
 293165.082   -16.235     1.46    2.85
 293539.335   -16.169     0.17    2.79
 293913.551   -15.758     1.10    2.38
 294287.729   -14.722     2.77    2.60
 294661.869   -13.588     3.03    2.87
 295035.972   -12.448     3.05    2.70
 295410.036   -13.219    -2.06    3.21
 295784.063   -14.097    -2.34    3.31
 296158.051   -14.570    -1.27    2.87
 296532.002   -14.757    -0.50    2.67
 296905.915   -14.885    -0.34    2.13
 297279.791   -11.588     8.82    7.85
 297653.628    -5.722    15.69   10.78
 298027.428    -0.181    14.82    9.91
 298401.190     5.296    14.65    4.15
 298774.915     6.044     2.00    0.69
 299148.601     5.833    -0.56    0.70
 299522.250     5.745    -0.23    0.70
 299895.862     5.368    -1.01    0.81
 300269.435     4.977    -1.04    0.97
 300642.971     4.725    -0.68    1.18
 301016.469     4.394    -0.89    1.10
 301389.930     4.472     0.21    1.11
 301763.353     4.612     0.38    1.13
 302136.739     4.693     0.22    1.00
 302510.086     4.675    -0.05    0.95
 302883.397     4.814     0.37    0.94
 303256.669     4.886     0.19    0.90
 303629.904     4.922     0.10    1.00
 304003.102     4.868    -0.15    1.06
 304376.262     4.557    -0.83    1.20
 304749.384     4.395    -0.44    1.10
 305122.469     4.278    -0.31    0.98
 305495.517     4.061    -0.58    1.00
 305868.527     3.868    -0.52    0.83
 306241.499     3.728    -0.37    0.78
 306614.435     3.541    -0.50    0.83
 306987.332     3.457    -0.23    0.85
 307360.192     3.162    -0.79    0.76
 307733.015     3.126    -0.10    0.82
 308105.801     3.082    -0.12    0.79
 308478.549     3.073    -0.02    0.78
 308851.259     3.041    -0.09    0.80
 309223.932     2.725    -0.85    0.86
 309596.568     2.237    -1.31    1.04
 309969.167     1.707    -1.42    1.15
 310341.728     1.171    -1.44    0.96
 310714.252     0.751    -1.13    0.89
 311086.739     0.533    -0.58    0.83
 311459.188     0.342    -0.51    0.89
 311831.600     0.033    -0.83    1.03
 312203.975    -0.364    -1.07    0.96
 312576.313    -0.811    -1.20    1.00
 312948.613    -1.200    -1.04    1.05
 313320.876    -1.418    -0.59    1.03
 313693.102    -1.377     0.11    1.01
 314065.291    -1.150     0.61    1.03
 314437.442    -1.133     0.05    0.92
 314809.556    -1.307    -0.47    1.21
 315181.634    -1.549    -0.65    1.15
 315553.674    -1.900    -0.94    1.10
 315925.677    -1.870     0.08    1.10
 316297.642    -1.886    -0.04    1.01
 316669.571    -1.668     0.59    1.19
 317041.463    -1.407     0.70    1.13
 317413.317    -1.400     0.02    1.08
 317785.134    -1.483    -0.22    1.10
 318156.915    -1.553    -0.19    1.13
 318528.658    -1.722    -0.45    1.23
 318900.364    -1.553     0.45    1.12
 319272.034    -1.642    -0.24    1.12
 319643.666    -1.543     0.27    1.06
 320015.261    -1.808    -0.71    1.02
 320386.820    -2.131    -0.87    1.02
 320758.341    -2.614    -1.30    0.89
 321129.825    -2.855    -0.65    0.71
 321501.273    -2.904    -0.13    0.67
 321872.683    -2.991    -0.24    0.41
 322244.057    -2.847     0.39    0.84
 322615.393    -2.579     0.72    1.28
 322986.693    -2.202     1.01    1.54
 323357.956    -2.078     0.33    1.71
 323729.182    -1.954     0.34    1.72
 324100.371    -2.116    -0.44    1.53
 324471.524    -2.656    -1.45    1.12
 324842.639    -2.715    -0.16    1.08
 325213.718    -2.623     0.25    1.09
 325584.760    -2.467     0.42    1.15
 325955.765    -2.168     0.81    1.36
 326326.733    -1.543     1.68    1.59
 326697.665    -1.007     1.44    1.60
 327068.559    -1.237    -0.62    1.68
 327439.418    -1.518    -0.76    1.67
 327810.239    -2.290    -2.08    1.33
 328181.024    -2.671    -1.03    0.88
 328551.771    -2.535     0.37    1.07
 328922.483    -2.578    -0.12    1.26
 329293.157    -2.763    -0.50    1.35
 329663.795    -3.152    -1.05    1.22
 330034.396    -3.043     0.29    1.30
 330404.961    -2.751     0.79    1.40
 330775.489    -2.676     0.20    1.25
 331145.980    -2.062     1.66    1.32
 331523.330    -1.918     0.38    1.45
 331901.241    -1.904     0.04    1.44
 332279.114    -1.965    -0.16    1.47
 332656.949    -1.816     0.39    1.59
 333034.745    -1.222     1.57    1.58
 333412.503    -0.886     0.89    1.44
 333790.223    -1.079    -0.51    1.38
 334167.905    -1.260    -0.48    1.27
 334545.549    -1.493    -0.62    1.18
 334923.154    -2.000    -1.34    0.98
 335300.722    -1.739     0.69    1.09
 335678.251    -1.745    -0.01    0.97
 336055.743    -1.763    -0.05    0.87
 336433.196    -2.079    -0.84    0.13
 336810.612    -2.097    -0.05    0.00
 337187.989    -2.097     0.00    0.00
 337565.328    -2.097     0.00    0.00
 337942.630    -2.097     0.00    0.00
 338319.893    -2.061     0.09    0.19
 338697.118    -2.044     0.04    0.83
 339074.306    -2.007     0.10    0.96
 339451.455    -1.918     0.24    1.13
 339828.567    -1.816     0.27    1.35
 340205.640    -1.625     0.51    1.32
 340582.676    -1.518     0.28    1.43
 340959.674    -1.504     0.04    1.34
 341336.634    -1.483     0.06    1.19
 341713.556    -1.275     0.55    1.19
 342090.440    -1.062     0.57    1.12
 342467.286    -0.668     1.04    1.22
 342844.095    -0.615     0.14    1.42
 343220.865    -0.792    -0.47    1.63
 343597.598    -1.133    -0.91    1.82
 343974.293    -1.441    -0.82    1.71
 344350.951    -1.406     0.09    1.55
 344727.570    -1.382     0.06    1.44
 345104.152    -1.307     0.20    1.28
 345480.696    -1.226     0.21    1.15
 345857.203    -1.044     0.48    1.23
 346233.671    -1.152    -0.29    1.34
 346610.102    -1.263    -0.30    1.41
