# NaN NaN NaN ;Mean Elev.(m), Avg Gradient(m/km), RMS Gradient(m/km) - SRTM1     
#   25.023  -4.960  13.985 ;Mean Elev.(m), Avg Gradient(m/km), RMS Gradient(m/km) - ASTER GDEM
#   24.936  -5.310  13.503 ;Mean Elev.(m), Avg Gradient(m/km), RMS Gradient(m/km) - GMTED2010 
 23    29.628 53023.74524936 26.17  50.159911  53.367401  9.106
 23    29.698 53023.74525001 27.11  50.158301  53.370621  9.106
 23    29.687 53023.74525065 25.60  50.156691  53.373841  9.106
 23    29.625 53023.74525130 25.51  50.155071  53.377061  9.106
 23    29.725 53023.74525194 26.16  50.153461  53.380281  9.106
 30    29.074 53268.74526122 30.22  50.159387  53.367459 33.762
 30    29.077 53268.74526187 26.65  50.157777  53.370679 33.762
 30    29.099 53268.74526251 24.57  50.156167  53.373899 33.762
 30    28.843 53268.74526315 25.32  50.154557  53.377119 33.762
 30    29.138 53268.74526380 26.44  50.152947  53.380329 33.762
 33    29.440 53373.74522231 41.82  50.160924  53.367477 21.435
 33    29.544 53373.74522295 41.75  50.159314  53.370697 21.435
 33    29.581 53373.74522360 43.87  50.157704  53.373917 21.435
 33    29.585 53373.74522424 46.74  50.156094  53.377137 21.435
 33    29.612 53373.74522488 39.42  50.154484  53.380357 21.435
 39    28.398 53583.74531470 25.64  50.156797  53.361151 18.797
 39    28.538 53583.74531534 26.00  50.155187  53.364361 18.797
 39    28.534 53583.74531599 26.98  50.153577  53.367581 18.797
 39    28.745 53583.74531663 26.96  50.151967  53.370801 18.797
 39    28.896 53583.74531728 26.45  50.150357  53.374021 18.797
 39    28.813 53583.74531792 26.68  50.148747  53.377241 18.797
 39    28.857 53583.74531856 26.72  50.147127  53.380461 18.797
 39    28.922 53583.74531921 26.02  50.145517  53.383671 18.797
 39    28.995 53583.74531985 25.75  50.143907  53.386891 18.797
 40    28.506 53618.74527136 24.62  50.158648  53.362710 26.128
 40    28.661 53618.74527200 25.56  50.157038  53.365930 26.128
 40    28.452 53618.74527265 28.01  50.155428  53.369150 26.128
 40    28.586 53618.74527329 28.28  50.153818  53.372370 26.128
 40    28.871 53618.74527394 28.07  50.152208  53.375590 26.128
 40    28.910 53618.74527458 27.63  50.150598  53.378810 26.128
 40    29.030 53618.74527522 28.09  50.148988  53.382030 26.128
 40    29.068 53618.74527587 29.06  50.147378  53.385240 26.128
 44    29.506 53758.74515481 28.09  50.156949  53.353988 11.520
 44    29.633 53758.74515546 27.63  50.155340  53.357211 11.941
 44    29.576 53758.74515610 27.29  50.153730  53.360431 11.941
 44    29.516 53758.74515675 28.27  50.152120  53.363641 11.941
 44    29.404 53758.74515739 27.95  50.150500  53.366861 11.941
 44    29.290 53758.74515803 27.62  50.148890  53.370081 11.941
 45    29.204 53793.74517781 19.44  50.157804  53.365276  5.348
 45    29.164 53793.74517846 19.04  50.156194  53.368496  5.348
 45    29.160 53793.74517910 18.35  50.154584  53.371716  5.348
 45    29.251 53793.74517975 18.18  50.152964  53.374936  5.348
 45    29.262 53793.74518039 18.50  50.151354  53.378156  5.348
 45    29.311 53793.74518104 17.71  50.149744  53.381366  5.348
 45    29.294 53793.74518168 16.74  50.148134  53.384586  5.348
 59   166.641 54283.74525237  3.58  50.156275  53.356903  3.525
 59   171.109 54283.74525301  4.02  50.154665  53.360113  3.525
 59   164.577 54283.74525366  3.47  50.153055  53.363333  3.525
 59   164.341 54283.74525430  2.69  50.151445  53.366553  3.525
 59   162.480 54283.74525495  2.03  50.149825  53.369773  3.525
 59   155.986 54283.74525559  2.37  50.148215  53.372993  3.525
 59   159.616 54283.74525624  1.65  50.146605  53.376213  3.525
 59   157.143 54283.74525688  1.06  50.144995  53.379423  3.525
 59   150.518 54283.74525753  0.71  50.143385  53.382643  3.525
 59   147.967 54283.74525817  0.68  50.141765  53.385863  3.525
 59   148.825 54283.74525882  0.67  50.140155  53.389083  3.525
 60    28.591 54318.74525030 27.36  50.156812  53.358883 18.073
 60    28.692 54318.74525094 27.18  50.155202  53.362093 18.073
 60    28.774 54318.74525159 26.99  50.153592  53.365313 18.073
 60    28.789 54318.74525223 27.18  50.151982  53.368533 18.073
 60    28.859 54318.74525288 26.58  50.150372  53.371753 18.073
 60    28.837 54318.74525352 25.86  50.148762  53.374973 18.073
 60    28.836 54318.74525416 26.77  50.147142  53.378193 18.073
 60    28.887 54318.74525481 26.20  50.145532  53.381403 18.073
 60    28.959 54318.74525545 25.24  50.143922  53.384623 18.073
 60    28.955 54318.74525610 24.85  50.142312  53.387843 18.073
 67   180.134 54563.74517613  0.90  50.158946  53.361959  1.979
 67   179.929 54563.74517678  0.40  50.157336  53.365179  1.979
 75    30.072 54843.74513485 30.08  50.157430  53.358190 14.658
 75    30.098 54843.74513550 31.53  50.155820  53.361410 14.658
 75    29.999 54843.74513614 30.08  50.154210  53.364630 14.658
 75    29.972 54843.74513679 30.81  50.152600  53.367850 14.658
 75    29.957 54843.74513743 29.67  50.150990  53.371070 14.658
 75    30.134 54843.74513807 27.75  50.149380  53.374280 14.658
 75    29.976 54843.74513872 27.94  50.147770  53.377500 14.658
 75    29.986 54843.74513936 28.65  50.146160  53.380720 14.658
 75    30.071 54843.74514001 27.59  50.144540  53.383940 14.658
 75    30.169 54843.74514065 28.42  50.142930  53.387160 14.658
 80   173.075 55018.74516371  3.72  50.157198  53.354757  3.178
 80   174.160 55018.74516435  3.46  50.155588  53.357977  3.178
 80   172.731 55018.74516500  2.76  50.153978  53.361197  3.178
 80   172.409 55018.74516564  2.64  50.152368  53.364417  3.178
 80   163.679 55018.74516629  2.30  50.150748  53.367637  3.178
 80   157.975 55018.74516693  2.15  50.149138  53.370857  3.178
 80   156.868 55018.74516758  2.08  50.147528  53.374067  3.178
 80   153.348 55018.74516822  2.34  50.145918  53.377287  3.178
 80   155.298 55018.74516887  1.61  50.144308  53.380507  3.178
 80   153.195 55018.74516951  1.45  50.142688  53.383727  3.178
 80   150.725 55018.74517016  0.28  50.141078  53.386947  3.178
 81   123.060 55053.74516042  6.73  50.157293  53.358238 14.225
 81    30.359 55053.74516429 11.69  50.147623  53.377548 14.225
 81    30.561 55053.74516494 17.64  50.146013  53.380768 14.225
 81    33.644 55053.74516558 21.58  50.144393  53.383988 14.225
 81    30.617 55053.74516623 22.42  50.142783  53.387208 14.225
 88   164.230 55298.74506857  1.95  50.158643  53.362339  2.540
 88   163.524 55298.74506921  1.15  50.157033  53.365559  2.540
 88   162.859 55298.74506986  0.85  50.155423  53.368779  2.540
 88   161.804 55298.74507050  0.15  50.153813  53.371999  2.540
 88   158.544 55298.74507179  0.07  50.150593  53.378429  2.540
 89    31.294 55333.74505979 36.27  50.156469  53.354616 17.269
 89    31.068 55333.74506044 32.79  50.154859  53.357836 17.269
 89    31.002 55333.74506108 33.35  50.153239  53.361056 17.269
 89    30.906 55333.74506173 34.35  50.151629  53.364276 17.269
