# NaN NaN NaN ;Mean Elev.(m), Avg Gradient(m/km), RMS Gradient(m/km) - SRTM1     
#   25.226  -6.354  21.504 ;Mean Elev.(m), Avg Gradient(m/km), RMS Gradient(m/km) - ASTER GDEM
#   24.247  -6.703  21.180 ;Mean Elev.(m), Avg Gradient(m/km), RMS Gradient(m/km) - GMTED2010 
  7  50.042317  53.421544    34.530    33.919  4 52458.31001272 23.933
  8  50.047572  53.421354    28.251    28.246  4 52493.30999184 27.016
 12  50.046897  53.423151    43.975    50.882  3 52633.30997906 24.557
 16  50.038725  53.422712    33.782    33.691  3 52773.30996935 35.768
 18  50.048124  53.422189    28.939    28.885  4 52843.31009232 31.831
 19  50.042310  53.420945    28.931    28.931  2 52878.31013098 23.807
 20  50.042007  53.421715    30.789    30.876  4 52913.31008903 16.858
 21  50.055092  53.417561    29.332    29.031  3 52948.31004744 16.857
 23  50.038298  53.422929    37.675    30.704  3 53018.31007256 29.102
 25  50.029781  53.425477    41.976    43.285  3 53088.31009160 11.996
 26  50.047853  53.423083    44.670    44.670  2 53123.31006148 14.710
 27  50.040618  53.426649    30.866    30.866  2 53158.31011872 32.384
 28  50.044331  53.419219    37.291    37.291  2 53193.31011407  9.896
 31  50.037481  53.423378    29.586    29.639  4 53298.31012259 41.359
 33  50.036952  53.422804    76.883    79.384  3 53368.31003702  2.303
 34  50.045445  53.421144    52.040    52.040  2 53403.31006695  6.057
 37  50.040806  53.422101    33.619    33.586  4 53508.31013655 35.400
 38  50.037951  53.423513    31.024    31.229  4 53543.31014716 22.502
 40  50.032918  53.424856    30.681    30.656  3 53613.31008342 22.006
 41  50.048424  53.420419    28.990    29.023  3 53648.31008944 24.222
 42  50.035773  53.423947    30.124    29.821  3 53683.31010412 26.902
 43  50.038637  53.421205    28.642    28.642  2 53718.31003161 23.651
 47  50.041490  53.421453    32.759    32.706  4 53858.31002995 44.770
 48  50.048224  53.421737    30.770    30.802  3 53893.31004466 30.615
 49  50.033555  53.424266    29.412    29.322  3 53928.31010236 30.485
 50  50.032662  53.424524    29.027    29.105  4 53963.31008442 35.780
 51  50.056517  53.420007    29.823    29.761  4 53998.31003331 16.078
 52  50.048841  53.422200    30.498    30.627  4 54033.31008178 19.444
 54  50.034863  53.423405    70.064    75.453  3 54103.31003418  4.445
 55  50.046600  53.422619    64.323    53.382  3 54138.31000510  4.669
 57  50.046143  53.423216    34.313    34.538  4 54208.31001091 27.083
 58  50.043325  53.422760    33.346    33.474  4 54243.31004260 28.784
 60  50.042861  53.422138    29.863    30.061  4 54313.31005623 30.683
 61  50.037927  53.425218    28.859    28.859  2 54348.31002680 22.783
 62  50.047147  53.422449    30.039    29.958  4 54383.30999372 18.570
 63  50.038492  53.423891    28.948    28.690  4 54418.30997663 26.039
 64  50.048501  53.419336    61.796    61.796  2 54453.30996451  1.825
 65  50.042578  53.422797    30.499    30.539  3 54488.30997505 15.587
 66  50.046751  53.421428    62.953    51.348  3 54523.30997732  6.476
 67  50.038438  53.424005    64.806    65.481  4 54558.30998453  5.282
 68  50.042690  53.422159    31.477    31.378  3 54593.30997308 21.266
 69  50.041196  53.422807    30.376    30.690  3 54628.30998814 21.902
 70  50.041525  53.423167    29.936    30.669  4 54663.30999531 32.103
 71  50.038641  53.423103    29.243    28.667  4 54698.30996888 33.724
 72  50.046846  53.420994    28.514    28.528  4 54733.30995289 19.540
 73  50.041587  53.421646    30.268    30.782  4 54768.30994903 24.404
 74  50.046166  53.422011    29.213    29.486  3 54803.30994673 23.414
 75  50.042797  53.422705    30.037    30.039  3 54838.30994192 39.436
 77  50.034475  53.423016    51.193    51.499  4 54908.30994925 13.107
 78  50.046330  53.424002    85.091    85.091  2 54943.30993831  1.602
 79  50.040779  53.421667    31.527    31.530  4 54978.30996628 37.449
 81  50.043051  53.421527    30.194    30.137  4 55048.30996517 27.318
 82  50.035639  53.423648    29.519    29.441  4 55083.30993495 22.515
 83  50.048544  53.423126    28.937    28.841  4 55118.30989675 20.491
 84  50.039350  53.423014    28.638    28.631  3 55153.30989380 31.286
 85  50.046714  53.422447    29.381    29.395  4 55188.30988505 30.667
 86  50.038479  53.419293    74.943    74.943  2 55223.30989363  0.647
 88  50.036385  53.423057    75.797    74.894  3 55293.30988008  1.559
 89  50.041421  53.423591    33.984    33.897  4 55328.30986397 19.313
 90  50.039552  53.423392    31.038    31.092  3 55363.30985956 30.046
 91  50.046200  53.421228    30.548    30.644  4 55398.30986861 20.132
 92  50.043379  53.421621    29.649    29.486  3 55433.30987536 19.795
 93  50.035529  53.423850    29.650    29.918  4 55468.30983254 25.115
