-306074.132    -7.925     0.00    0.45
-305699.676    -8.015    -0.24    0.57
-305325.183    -8.218    -0.54    0.53
-304950.652    -8.384    -0.44    0.56
-304576.084    -8.409    -0.07    0.53
-304201.479    -8.286     0.33    0.47
-303826.837    -8.165     0.33    0.44
-303452.157    -7.988     0.47    0.50
-303077.440    -7.870     0.31    0.58
-302702.686    -7.848     0.06    0.72
-302327.894    -7.926    -0.21    0.87
-301953.065    -7.848     0.21    1.06
-301578.198    -7.629     0.58    1.06
-301203.294    -7.200     1.14    1.12
-300828.353    -6.550     1.73    1.02
-300453.374    -6.020     1.41    0.99
-300078.358    -5.004     2.71    1.71
-299703.304    -3.833     3.12    2.01
-299328.213    -2.415     3.78    2.29
-298953.084    -0.647     4.71    2.04
-298577.918     0.424     2.85    1.82
-298202.714     1.710     3.43    1.51
-297827.473     2.800     2.90    1.74
-297452.195     4.503     4.54    2.40
-297076.878     6.071     4.18    2.80
-296701.525     8.556     6.62    3.27
-296326.133    11.024     6.57    3.09
-295950.704    12.800     4.73    2.54
-295575.238    13.943     3.04    1.74
-295199.734    14.380     1.17    1.31
-294824.192    14.222    -0.42    1.15
-294448.612    14.450     0.61    0.93
-294072.995    14.924     1.26    1.34
-293697.341    16.134     3.22    1.52
-293321.648    17.310     3.13    1.82
-292945.918    18.744     3.81    1.75
-292570.151    20.064     3.51    1.39
-292194.345    20.996     2.48    1.22
-291818.502    21.639     1.71    1.19
-291442.621    21.977     0.90    1.26
-291066.702    22.352     1.00    1.30
-290690.746    22.246    -0.28    1.31
-290314.752    22.352     0.28    1.13
-289938.720    21.096    -3.34    2.43
-289562.650    18.835    -6.01    3.99
-289186.542    16.310    -6.71    5.33
-288810.397    14.486    -4.85    5.24
-288434.213    13.996    -1.30    4.87
-288057.992    13.044    -2.53    4.03
-287681.733    12.671    -0.99    3.55
-287305.436    12.047    -1.66    4.22
-286929.101    11.606    -1.17    4.65
-286552.728    11.996     1.04    5.05
-286176.318    12.872     2.32    4.86
-285799.869    13.764     2.37    4.27
-285423.383    15.282     4.03    3.10
-285046.858    16.380     2.92    2.18
-284670.296    16.925     1.45    1.54
-284293.695    17.304     1.01    1.42
-283917.057    17.768     1.23    1.45
-283540.380    18.460     1.84    1.45
-283163.666    19.193     1.94    1.61
-282786.913    19.959     2.03    1.67
-282410.123    20.443     1.28    1.51
-282033.294    20.994     1.46    1.52
-281656.427    21.178     0.49    1.38
-281279.522    21.193     0.04    1.29
-280902.579    21.228     0.09    1.24
-280525.598    21.205    -0.06    1.53
-280148.579    20.959    -0.65    1.56
-279771.522    20.942    -0.05    1.56
-279394.426    20.643    -0.79    1.42
-279017.292    20.342    -0.80    1.34
-278640.120    20.079    -0.70    1.36
-278262.910    19.453    -1.66    1.37
-277885.662    18.784    -1.77    1.53
-277508.375    17.907    -2.32    1.67
-277131.051    17.162    -1.97    1.59
-276753.688    16.363    -2.12    1.54
-276376.286    15.812    -1.46    1.27
-275998.847    15.978     0.44    1.39
-275621.369    16.344     0.97    1.68
-275243.853    17.100     2.00    1.67
-274866.298    17.977     2.32    1.30
-274488.705    18.380     1.07    1.09
-274111.074    18.679     0.79    1.06
-273733.405    19.115     1.16    1.22
-273355.697    19.486     0.98    1.27
-272977.950    19.616     0.35    1.27
-272600.166    19.591    -0.07    1.16
-272222.342    19.608     0.05    1.08
-271844.481    19.580    -0.08    1.05
-271466.581    20.012     1.14    1.07
-271088.642    20.293     0.74    1.00
-270715.836    20.300     0.02    1.01
-270345.369    20.371     0.19    1.02
-269974.865    20.579     0.56    1.05
-269604.324    20.744     0.44    1.18
-269233.746    20.959     0.58    1.08
-268863.132    21.157     0.53    1.04
-268492.480    21.117    -0.11    1.04
-268121.792    20.924    -0.52    1.11
-267751.067    20.816    -0.29    1.09
-267380.305    20.959     0.39    1.10
-267009.505    20.980     0.06    0.99
-266638.669    21.064     0.23    0.97
-266267.796    21.139     0.20    0.88
-265896.886    20.872    -0.72    1.01
-265525.939    20.568    -0.82    1.11
-265154.955    20.160    -1.10    1.08
-264783.934    19.639    -1.40    1.15
-264412.876    19.139    -1.35    0.84
-264041.780    18.801    -0.91    0.79
-263670.648    18.532    -0.73    0.82
-263299.479    18.293    -0.64    0.96
-262928.272    17.889    -1.09    1.02
-262557.029    17.257    -1.70    0.99
-262185.748    16.625    -1.70    1.06
-261814.430    16.100    -1.41    1.10
-261443.075    15.525    -1.55    1.34
-261071.683    14.889    -1.71    1.50
-260700.254    14.328    -1.51    1.56
-260328.787    14.050    -0.75    1.33
-259957.284    13.639    -1.11    1.15
-259585.743    13.538    -0.27    1.23
-259214.165    13.121    -1.12    1.54
-258842.549    12.389    -1.97    1.82
-258470.897    11.372    -2.74    2.15
-258099.207     9.943    -3.84    2.25
-257727.480     6.957    -8.03    3.78
-257355.716     4.062    -7.78    4.19
-256983.914     1.318    -7.38    3.56
-256612.075    -1.111    -6.53    1.74
-256240.199    -1.339    -0.61    1.54
-255868.285    -0.665     1.81    1.87
-255496.334     0.643     3.52    2.45
-255124.346     3.047     6.46    3.66
-254752.320     4.942     5.09    4.01
-254380.257     6.889     5.23    3.21
-254008.156     7.621     1.97    2.38
-253636.018     7.630     0.02    1.94
-253263.843     7.581    -0.13    2.12
-252891.630     7.907     0.87    2.50
-252519.380     8.125     0.59    2.46
-252147.092     8.556     1.16    1.83
-251774.767     8.175    -1.02    1.49
-251402.404     6.977    -3.22    1.89
-251030.004     5.591    -3.72    2.13
-250657.566     4.089    -4.03    1.99
-250285.091     2.751    -3.59    1.48
-249912.578     2.248    -1.35    1.13
-249540.028     2.264     0.04    0.95
-249167.440     2.408     0.39    0.93
-248794.814     2.568     0.43    0.94
-248422.151     3.085     1.39    1.23
-248049.451     4.100     2.72    1.95
-247676.712     6.135     5.46    2.85
-247303.936     7.835     4.56    2.57
-246931.123     9.596     4.72    1.74
-246558.271    10.675     2.89    1.25
-246185.383    11.737     2.85    1.40
-245812.456    12.562     2.21    1.32
-245439.492    13.152     1.58    1.16
-245066.489    13.507     0.95    1.08
-244693.450    13.749     0.65    1.14
-244320.372    13.798     0.13    1.11
-243947.257    13.751    -0.13    1.15
-243574.104    13.573    -0.48    1.10
-243200.913    13.532    -0.11    1.27
-242827.685    13.414    -0.31    1.33
-242454.418    13.144    -0.73    1.25
-242081.114    12.835    -0.83    0.90
-241707.772    12.852     0.04    0.95
-241334.392    13.050     0.53    0.99
-240960.974    13.121     0.19    0.91
-240587.519    13.310     0.51    0.92
-240214.025    13.415     0.28    0.93
-239840.494    13.328    -0.23    0.96
-239466.924    13.286    -0.11    0.92
-239093.317    13.193    -0.25    0.89
-238719.672    13.075    -0.31    0.96
-238345.989    13.101     0.07    0.96
-237972.268    13.228     0.34    0.75
-237598.509    13.125    -0.28    0.74
-237224.712    13.047    -0.21    0.80
-236850.876    12.907    -0.37    0.73
-236477.003    12.889    -0.05    0.78
-236103.092    12.626    -0.70    0.81
-235729.143    12.371    -0.68    0.79
-235355.156    12.126    -0.65    0.95
-234981.131    11.759    -0.98    0.89
-234607.067    11.710    -0.13    0.86
-234232.966    11.489    -0.59    0.83
-233858.826    11.193    -0.79    0.93
-233484.649    10.835    -0.95    1.09
-233110.433    10.591    -0.65    1.02
-232736.179    10.293    -0.80    0.98
-232361.887    10.246    -0.12    0.80
-231987.556    10.211    -0.09    0.78
-231613.188    10.050    -0.43    0.87
-231238.781     9.957    -0.25    0.87
-230864.336     9.832    -0.33    0.89
-230489.853     9.800    -0.09    0.88
-230115.332     9.800     0.00    0.84
-229740.772     9.746    -0.14    0.90
-229366.174     9.749     0.01    0.93
-228991.538     9.679    -0.19    0.84
-228616.863     9.544    -0.36    0.91
-228242.151     9.416    -0.34    0.92
-227867.399     9.330    -0.23    0.91
-227492.610     9.318    -0.03    0.91
-227117.782     9.468     0.40    0.98
-226742.916     9.573     0.28    1.04
-226368.011     9.626     0.14    1.03
-225993.068     9.573    -0.14    1.02
-225618.087     9.460    -0.30    0.83
-225243.067     9.468     0.02    0.75
-224868.009     9.351    -0.31    0.78
-224492.912     9.262    -0.24    0.85
-224117.777     9.300     0.10    0.80
-223742.604     9.320     0.05    0.86
-223367.392     9.458     0.37    0.84
-222992.141     9.561     0.28    0.89
-222616.852     9.493    -0.18    0.95
-222241.524     9.519     0.07    0.90
-221866.158     9.468    -0.13    0.86
-221490.754     9.278    -0.51    0.74
-221115.310     9.042    -0.63    0.85
-220739.828     8.532    -1.36    0.88
-220364.308     8.029    -1.34    1.01
-219988.749     7.275    -2.01    1.22
-219613.151     6.598    -1.80    1.38
-219237.515     5.584    -2.70    1.61
-218861.840     4.474    -2.95    1.59
-218486.126     3.371    -2.93    1.53
-218110.374     2.362    -2.69    1.20
-217734.583     1.450    -2.42    1.72
-217358.754     0.621    -2.21    1.96
-216982.885     0.152    -1.25    1.89
-216606.978    -0.041    -0.51    1.60
-216231.032     0.246     0.76    1.48
-215855.048     0.770     1.39    0.98
-215479.024     0.907     0.36    1.05
-215102.962     1.165     0.69    1.01
-214726.861     1.222     0.15    1.19
-214350.721     1.187    -0.09    1.44
-213974.543     1.182    -0.01    1.44
-213598.325     1.415     0.62    1.26
-213222.069     1.603     0.50    1.25
-212845.774     1.741     0.37    1.07
-212469.440     1.720    -0.06    1.02
-212093.067     1.907     0.50    0.90
-211716.655     1.906    -0.00    0.85
-211340.204     2.027     0.32    0.87
-210963.715     2.012    -0.04    0.95
-210587.186     2.075     0.17    1.06
-210210.618     2.271     0.52    0.93
-209834.012     2.503     0.62    1.00
-209457.366     2.630     0.34    0.96
-209080.681     2.643     0.04    0.95
-208703.958     2.780     0.36    0.88
-208327.195     2.993     0.56    0.95
-207950.394     3.152     0.42    1.04
-207573.553     3.300     0.39    0.99
-207196.673     3.245    -0.15    1.05
-206819.754     3.222    -0.06    1.20
-206442.796     3.441     0.58    1.37
-206065.799     3.538     0.26    1.33
-205688.763     3.889     0.93    0.96
-205311.687     3.801    -0.23    0.95
-204934.573     3.556    -0.65    0.89
-204557.419     3.210    -0.92    0.90
-204180.226     2.735    -1.26    1.06
-203802.994     2.398    -0.89    1.09
-203425.723     1.907    -1.30    1.37
-203048.412     1.786    -0.32    1.76
-202671.063     1.906     0.32    1.82
-202293.674     2.603     1.85    1.29
-201916.245     2.720     0.31    1.16
-201538.778     2.352    -0.97    1.46
-201161.271     1.889    -1.23    1.47
-200783.725     1.489    -1.06    1.27
-200406.139     1.613     0.33    1.36
-200028.514     2.010     1.05    1.48
-199650.850     2.286     0.73    1.59
-199273.147     2.182    -0.27    1.73
-198895.404     2.016    -0.44    1.87
-198517.621     1.872    -0.38    1.49
-198139.800     1.963     0.24    1.30
-197761.938     2.275     0.83    1.29
-197384.038     3.044     2.04    1.41
-197006.098     3.960     2.42    1.65
-196628.118     5.047     2.87    1.41
-196250.099     5.925     2.32    1.17
-195876.584     6.603     1.81    1.00
-195506.233     7.344     2.00    1.00
-195135.845     8.006     1.79    0.98
-194765.419     8.621     1.66    0.86
-194394.955     9.187     1.53    0.94
-194024.453     9.731     1.47    1.00
-193653.913    10.240     1.37    1.04
-193283.335    10.907     1.80    0.95
-192912.720    11.415     1.37    1.04
-192542.066    11.924     1.37    1.05
-192171.375    12.193     0.72    1.16
-191800.646    12.572     1.02    1.16
-191429.879    12.598     0.07    1.15
-191059.074    12.836     0.64    1.09
-190688.231    13.019     0.49    0.87
-190317.350    13.012    -0.02    0.87
-189946.431    13.050     0.10    0.85
-189575.474    12.956    -0.25    0.80
-189204.480    12.978     0.06    0.88
-188833.447    13.044     0.18    0.83
-188462.376    13.245     0.54    0.87
-188091.267    13.286     0.11    0.88
-187720.120    13.165    -0.33    0.89
-187348.935    13.246     0.22    0.96
-186977.712    13.139    -0.29    1.00
-186606.451    13.037    -0.27    1.04
-186235.151    13.042     0.01    0.87
-185863.814    12.960    -0.22    0.85
-185492.438    12.957    -0.01    0.78
-185121.025    13.014     0.15    0.72
-184749.573    13.032     0.05    0.77
-184378.083    12.974    -0.16    0.77
-184006.555    12.872    -0.28    0.83
-183634.988    12.889     0.05    0.85
-183263.384    12.942     0.14    0.81
-182891.741    13.010     0.18    0.80
-182520.060    13.152     0.38    0.92
-182148.340    13.194     0.11    0.99
-181776.583    13.331     0.37    1.02
-181404.787    13.415     0.23    0.97
-181032.953    13.289    -0.34    0.93
-180661.080    13.182    -0.29    1.01
-180289.170    13.068    -0.31    0.92
-179917.220    13.234     0.45    0.71
-179545.233    13.468     0.63    0.73
-179173.207    13.603     0.36    0.78
-178801.143    13.758     0.42    0.81
-178429.040    13.853     0.26    0.81
-178056.899    13.994     0.38    0.77
-177684.720    14.056     0.16    0.80
-177312.502    14.064     0.02    0.78
-176940.246    14.103     0.10    0.80
-176567.951    14.143     0.11    0.86
-176195.618    14.205     0.17    0.87
-175823.246    14.275     0.19    0.75
-175450.836    14.126    -0.40    0.75
-175078.388    14.139     0.03    0.74
-174705.900    14.222     0.22    0.79
-174333.375    14.289     0.18    0.93
-173960.810    14.286    -0.01    0.94
-173588.208    14.556     0.72    0.82
-173215.566    14.439    -0.31    0.83
-172842.886    14.450     0.03    0.87
-172470.168    14.328    -0.33    0.73
-172097.410    14.503     0.47    0.75
-171724.615    14.714     0.56    1.00
-171351.780    14.836     0.33    1.03
-170978.907    14.994     0.42    1.01
-170605.995    15.064     0.19    1.04
-170233.045    15.162     0.26    0.99
-169860.056    15.313     0.40    0.70
-169487.028    15.300    -0.03    0.78
-169113.961    15.296    -0.01    0.77
-168740.856    15.353     0.15    0.79
-168367.712    15.380     0.07    0.85
-167994.529    15.337    -0.12    0.84
-167621.307    15.441     0.28    0.80
-167248.047    15.398    -0.12    0.89
-166874.747    15.345    -0.14    0.87
-166501.409    15.228    -0.31    0.80
-166128.032    15.125    -0.27    0.88
-165754.616    15.025    -0.27    0.80
-165381.162    14.707    -0.85    0.75
-165007.668    14.621    -0.23    0.73
-164634.136    14.424    -0.53    0.82
-164260.565    14.381    -0.11    0.77
-163886.954    14.187    -0.52    0.76
-163513.305    14.148    -0.11    0.69
-163139.617    14.122    -0.07    0.74
-162765.890    14.170     0.13    0.80
-162392.124    14.211     0.11    0.78
-162018.319    14.222     0.03    0.78
-161644.475    14.157    -0.18    0.77
-161270.592    14.047    -0.29    0.70
-160896.670    14.113     0.18    0.70
-160522.709    14.027    -0.23    0.71
-160148.709    13.993    -0.09    0.77
-159774.669    13.889    -0.28    0.84
-159400.591    13.943     0.14    0.84
-159026.474    14.109     0.45    0.79
-158652.317    14.111     0.01    0.74
-158278.121    14.139     0.07    0.81
-157903.887    14.064    -0.20    0.80
-157529.613    13.906    -0.42    0.85
-157155.300    13.786    -0.32    0.83
-156780.947    13.682    -0.28    0.83
-156406.556    13.734     0.14    0.85
-156032.125    13.693    -0.11    0.82
-155657.655    13.618    -0.20    0.87
-155283.146    13.389    -0.61    0.91
-154908.598    13.205    -0.49    0.98
-154534.010    13.032    -0.46    0.94
-154159.383    12.940    -0.25    0.88
-153784.717    12.958     0.05    0.77
-153410.011    13.044     0.23    0.79
-153035.266    13.251     0.55    0.87
-152660.482    13.157    -0.25    0.86
-152285.659    12.923    -0.62    0.79
-151910.796    12.704    -0.58    0.80
-151535.893    12.415    -0.77    0.93
-151160.952    12.187    -0.61    0.91
-150785.971    12.217     0.08    1.00
-150410.950    12.199    -0.05    0.98
-150035.890    12.079    -0.32    1.12
-149660.791    11.527    -1.47    1.45
-149285.652    11.282    -0.65    1.64
-148910.473    11.465     0.49    1.56
-148535.256    11.852     1.03    1.24
-148159.998    12.318     1.24    0.91
-147784.701    12.521     0.54    0.98
-147409.365    12.665     0.38    0.96
-147033.989    12.889     0.60    0.96
-146658.574    13.075     0.50    0.97
-146283.119    13.199     0.33    1.06
-145907.624    13.345     0.39    0.98
-145532.090    13.414     0.18    0.86
-145156.516    13.445     0.08    0.69
-144780.902    13.603     0.42    0.68
-144405.249    13.618     0.04    0.72
-144029.556    13.686     0.18    0.71
-143653.824    13.734     0.13    0.70
-143278.052    13.838     0.28    0.71
-142902.240    13.772    -0.18    0.67
-142526.388    13.675    -0.26    0.65
-142150.497    13.703     0.07    0.68
-141774.566    13.635    -0.18    0.73
-141398.595    13.657     0.06    0.74
-141022.585    13.699     0.11    0.87
-140646.534    13.872     0.46    0.94
-140270.444    13.889     0.05    0.94
-139894.314    13.993     0.27    0.93
-139518.144    13.957    -0.09    0.87
-139141.934    13.853    -0.28    0.85
-138765.685    13.872     0.05    0.94
-138389.395    13.835    -0.10    1.03
-138013.066    13.819    -0.04    1.00
-137636.697    13.749    -0.19    1.01
-137260.288    13.787     0.10    0.84
-136883.839    13.784    -0.01    0.84
-136507.350    13.996     0.56    0.87
-136130.821    14.025     0.08    0.92
-135754.252    14.068     0.11    1.01
-135377.643    14.096     0.08    1.00
-135000.994    14.008    -0.23    0.97
-134624.305    14.199     0.51    0.88
-134247.576    14.165    -0.09    0.83
-133870.807    14.139    -0.07    0.86
-133493.998    14.117    -0.06    0.78
-133117.149    14.035    -0.22    0.76
-132740.260    13.839    -0.52    0.67
-132363.330    13.764    -0.20    0.69
-131986.361    13.803     0.10    0.73
-131609.351    13.787    -0.04    0.80
-131232.302    13.782    -0.01    0.89
-130855.212    13.601    -0.48    0.85
-130478.082    13.500    -0.27    0.86
-130100.911    13.503     0.01    0.82
-129723.701    13.478    -0.07    0.73
-129346.450    13.421    -0.15    0.78
-128969.159    13.486     0.17    0.82
-128591.828    13.486     0.00    0.86
-128214.457    13.406    -0.21    0.83
-127837.045    13.435     0.08    0.83
-127459.593    13.618     0.49    0.93
-127082.101    13.707     0.24    0.90
-126704.568    13.784     0.20    0.88
-126326.995    13.871     0.23    0.88
-125949.382    13.872     0.00    0.92
-125571.728    13.977     0.28    0.97
-125194.034    14.103     0.34    0.80
-124816.299    14.151     0.13    0.79
-124438.525    14.085    -0.17    0.80
-124060.709    14.240     0.41    0.81
-123682.854    14.345     0.28    0.85
-123304.957    14.538     0.51    0.81
-122927.021    14.749     0.56    0.85
-122549.044    14.889     0.37    0.72
-122171.026    14.940     0.13    0.75
-121792.968    15.053     0.30    0.79
-121414.869    15.072     0.05    0.72
-121040.536    15.182     0.29    0.70
-120670.298    15.380     0.54    0.76
-120300.022    15.567     0.50    0.82
-119929.707    15.717     0.40    0.92
-119559.353    15.854     0.37    0.87
-119188.960    16.100     0.66    0.92
-118818.528    16.330     0.62    0.97
-118448.058    16.486     0.42    0.90
-118077.549    16.689     0.55    0.78
-117707.001    16.853     0.44    0.76
-117336.414    16.941     0.24    0.80
-116965.788    17.071     0.35    0.80
-116595.124    17.106     0.09    0.87
-116224.420    17.193     0.23    0.87
-115853.678    17.279     0.23    0.85
-115482.896    17.347     0.18    0.88
-115112.076    17.441     0.25    0.90
-114741.217    17.516     0.20    0.74
-114370.319    17.550     0.09    0.84
-113999.381    17.639     0.24    0.94
-113628.405    17.717     0.21    0.94
-113257.390    18.092     1.01    0.89
-112886.336    18.318     0.61    0.85
-112515.243    18.194    -0.33    0.88
-112144.110    18.089    -0.28    1.04
-111772.939    17.819    -0.73    1.07
-111401.729    17.731    -0.24    1.05
-111030.479    17.906     0.47    1.11
-110659.190    18.130     0.61    0.98
-110287.863    18.441     0.84    0.92
-109916.496    18.446     0.02    1.04
-109545.090    18.353    -0.25    0.95
-109173.645    18.199    -0.41    0.94
-108802.160    18.162    -0.10    0.80
-108430.637    18.096    -0.18    0.77
-108059.074    17.963    -0.36    0.93
-107687.472    17.774    -0.51    0.97
-107315.831    17.749    -0.07    1.01
-106944.151    17.836     0.24    0.93
-106572.431    17.573    -0.71    0.76
-106200.672    17.630     0.15    0.74
-105828.874    17.503    -0.34    0.80
-105457.036    17.320    -0.49    0.88
-105085.159    17.130    -0.51    1.01
-104713.243    16.942    -0.51    0.93
-104341.288    16.742    -0.54    0.91
-103969.293    16.728    -0.04    0.95
-103597.259    16.855     0.34    0.92
-103225.185    17.019     0.44    0.91
-102853.072    17.072     0.14    0.97
-102480.919    17.117     0.12    0.95
-102108.728    17.239     0.33    0.90
-101736.496    17.448     0.56    0.82
-101364.226    17.527     0.21    0.83
-100991.915    17.550     0.06    0.94
-100619.566    17.584     0.09    0.97
-100247.176    17.496    -0.24    0.87
 -99874.748    17.443    -0.14    1.01
 -99502.279    17.381    -0.17    1.09
 -99129.772    17.496     0.31    1.04
 -98757.224    17.506     0.03    1.09
 -98384.637    17.380    -0.34    1.00
 -98012.011    17.398     0.05    0.91
 -97639.345    17.355    -0.12    0.80
 -97266.639    17.330    -0.07    0.79
 -96893.894    17.275    -0.15    0.80
 -96521.109    17.486     0.56    0.82
 -96148.284    17.660     0.47    0.72
 -95775.420    17.798     0.37    0.70
 -95402.516    18.042     0.65    0.71
 -95029.573    18.056     0.04    0.69
 -94656.589    17.974    -0.22    0.90
 -94283.566    17.836    -0.37    0.93
 -93910.503    17.857     0.06    0.93
 -93537.401    17.889     0.09    1.00
 -93164.258    18.152     0.71    0.86
 -92791.076    18.486     0.89    0.80
 -92417.854    18.573     0.23    0.78
 -92044.593    18.643     0.19    0.83
 -91671.291    18.556    -0.23    0.80
 -91297.950    18.584     0.08    0.88
 -90924.568    18.728     0.39    0.85
 -90551.147    18.873     0.39    0.87
 -90177.686    18.855    -0.05    0.81
 -89804.185    18.820    -0.09    0.81
 -89430.645    18.957     0.37    0.93
 -89057.064    19.194     0.64    0.99
 -88683.443    19.538     0.92    0.94
 -88309.783    19.665     0.34    0.88
 -87936.082    19.689     0.06    0.84
 -87562.341    19.568    -0.32    0.96
 -87188.561    19.589     0.06    0.94
 -86814.740    19.764     0.47    0.94
 -86440.880    19.836     0.19    0.93
 -86066.979    19.958     0.33    1.01
 -85693.038    19.855    -0.28    1.02
 -85319.058    19.714    -0.38    1.00
 -84945.037    19.665    -0.13    0.94
 -84570.976    19.742     0.20    0.96
 -84196.875    19.925     0.49    0.88
 -83822.734    20.245     0.85    0.89
 -83448.552    20.489     0.65    0.99
 -83074.331    21.251     2.04    1.32
 -82700.069    21.872     1.66    1.52
 -82325.767    22.106     0.63    1.51
 -81951.425    22.044    -0.16    1.50
 -81577.043    21.514    -1.42    1.29
 -81202.620    21.020    -1.32    1.30
 -80828.158    20.657    -0.97    1.10
 -80453.655    20.579    -0.21    1.08
 -80079.111    20.616     0.10    1.15
 -79704.528    21.184     1.52    1.53
 -79329.904    22.210     2.74    1.70
 -78955.240    22.770     1.49    1.65
 -78580.535    23.059     0.77    1.46
 -78205.791    23.029    -0.08    1.22
 -77831.005    22.601    -1.14    1.13
 -77456.180    22.435    -0.44    1.12
 -77081.314    22.320    -0.31    0.96
 -76706.407    22.187    -0.35    0.91
 -76331.461    22.414     0.60    0.96
 -75956.473    22.415     0.00    0.80
 -75581.446    22.786     0.99    0.95
 -75206.378    23.332     1.46    1.32
 -74831.269    23.993     1.76    1.56
 -74456.120    24.661     1.78    1.39
 -74080.930    25.035     1.00    1.22
 -73705.700    25.177     0.38    1.05
 -73330.429    25.121    -0.15    1.06
 -72955.118    25.206     0.23    1.11
 -72579.766    25.092    -0.30    1.19
 -72204.374    24.561    -1.41    1.33
 -71828.941    24.006    -1.48    1.12
 -71453.467    23.313    -1.85    0.93
 -71077.953    22.818    -1.32    0.99
 -70702.398    22.435    -1.02    0.88
 -70326.803    22.020    -1.10    0.78
 -69951.167    21.978    -0.11    0.69
 -69575.490    22.211     0.62    0.80
 -69199.772    22.330     0.32    0.77
 -68824.014    22.579     0.66    0.86
 -68448.215    23.130     1.47    1.01
 -68072.375    23.573     1.18    0.97
 -67696.495    24.025     1.20    0.86
 -67320.574    24.344     0.85    0.74
 -66944.612    24.414     0.19    0.70
 -66568.609    24.424     0.03    0.68
 -66192.565    24.380    -0.12    0.76
 -65816.480    24.279    -0.27    0.74
 -65440.355    24.228    -0.14    0.78
 -65064.189    24.275     0.12    0.77
 -64687.982    24.345     0.19    0.85
 -64311.734    24.381     0.09    0.94
 -63935.445    24.568     0.50    1.01
 -63559.115    24.578     0.03    0.90
 -63182.744    24.804     0.60    0.82
 -62806.333    24.993     0.50    0.81
 -62429.880    25.177     0.49    0.79
 -62053.386    25.364     0.50    0.68
 -61676.852    25.556     0.51    0.72
 -61300.276    25.556     0.00    0.76
 -60923.659    25.692     0.36    0.85
 -60547.001    25.801     0.29    0.87
 -60170.303    25.734    -0.18    0.85
 -59793.563    25.838     0.28    0.84
 -59416.782    26.044     0.55    0.79
 -59039.960    26.205     0.43    0.85
 -58663.096    26.544     0.90    0.82
 -58286.192    26.906     0.96    0.89
 -57909.247    27.353     1.19    0.99
 -57532.260    27.807     1.20    1.08
 -57155.232    28.279     1.25    1.14
 -56778.163    28.768     1.30    1.14
 -56401.053    29.364     1.58    1.15
 -56023.902    29.533     0.45    1.08
 -55646.709    29.608     0.20    1.01
 -55269.475    29.068    -1.43    1.28
 -54892.200    28.069    -2.65    1.65
 -54514.883    26.819    -3.31    1.69
 -54137.526    25.458    -3.61    1.76
 -53760.126    24.372    -2.88    1.84
 -53382.686    23.262    -2.94    1.79
 -53005.204    22.717    -1.44    1.59
 -52627.681    22.471    -0.65    1.52
 -52250.117    22.245    -0.60    1.28
 -51872.511    21.978    -0.71    1.23
 -51494.863    21.627    -0.93    1.11
 -51117.175    21.245    -1.01    1.08
 -50739.445    21.079    -0.44    0.95
 -50361.673    20.758    -0.85    0.99
 -49983.860    20.257    -1.32    1.01
 -49606.005    19.475    -2.07    1.59
 -49228.109    18.538    -2.48    1.61
 -48850.172    17.454    -2.87    1.74
 -48472.193    16.679    -2.05    1.78
 -48094.172    16.406    -0.72    2.12
 -47716.110    16.841     1.15    2.08
 -47338.006    17.027     0.49    2.43
 -46959.861    15.422    -4.24    5.51
 -46581.674    12.222    -8.46    7.83
 -46206.428     8.506    -9.90    7.86
 -45836.312     4.801   -10.01    6.17
 -45466.157     2.512    -6.18    3.03
 -45095.963     2.550     0.10    2.11
 -44725.728     3.441     2.41    2.21
 -44355.454     4.381     2.54    1.63
 -43985.140     4.872     1.33    1.11
 -43614.786     4.786    -0.23    1.09
 -43244.392     4.092    -1.87    1.74
 -42873.959     3.599    -1.33    2.76
 -42503.486     3.205    -1.06    3.27
 -42132.973     2.639    -1.53    3.62
 -41762.420     2.482    -0.42    3.90
 -41391.827     2.056    -1.15    3.69
 -41021.194     1.222    -2.25    3.16
 -40650.521     0.430    -2.14    2.09
 -40279.809    -0.111    -1.46    0.00
 -39909.056    -0.111     0.00    0.00
 -39538.263    -0.111     0.00    0.00
 -39167.431    -0.111     0.00    0.00
 -38796.558    -0.111     0.00    0.00
 -38425.646    -0.111     0.00    0.00
 -38054.693    -0.111     0.00    0.00
 -37683.701    -0.111     0.00    0.00
 -37312.668    -0.111     0.00    0.00
 -36941.596    -0.111     0.00    0.00
 -36570.483    -0.111     0.00    0.00
 -36199.330    -0.111     0.00    0.00
 -35828.138    -0.111     0.00    0.00
 -35456.905    -0.111     0.00    0.00
 -35085.631    -0.111     0.00    0.00
 -34714.318    -0.111     0.00    0.00
 -34342.965    -0.111     0.00    0.00
 -33971.571    -0.111     0.00    0.00
 -33600.137    -0.111     0.00    0.00
 -33228.664    -0.111     0.00    0.00
 -32857.149    -0.111     0.00    0.00
 -32485.595    -0.111     0.00    0.00
 -32114.000    -0.111     0.00    0.00
 -31742.365     0.957     2.87    3.35
 -31370.690     3.608     7.13    5.87
 -30998.975     7.955    11.69    7.73
 -30627.219    14.872    18.61    8.88
 -30255.423    21.389    17.53    9.38
 -29883.586    28.635    19.49   12.09
 -29511.710    35.804    19.28   13.39
 -29139.793    42.251    17.33   13.57
 -28767.835    48.296    16.25   14.23
 -28395.837    51.971     9.88   16.60
 -28023.799    54.993     8.12   18.69
 -27651.720    61.272    16.88   20.64
 -27279.601    65.482    11.31   19.11
 -26907.441    70.527    13.56   18.73
 -26535.241    77.113    17.69   16.95
 -26163.001    80.454     8.97   15.68
 -25790.720    84.703    11.41   13.27
 -25418.398    86.803     5.64   11.38
 -25046.036    88.479     4.50    9.51
 -24673.633    89.753     3.42    8.57
 -24301.190    93.836    10.96    9.34
 -23928.706    98.372    12.18    9.77
 -23556.182   105.938    20.31   10.60
 -23183.617   113.121    19.28   10.65
 -22811.012   120.092    18.71   11.31
 -22438.365   126.835    18.09    9.41
 -22065.679   129.696     7.68   10.70
 -21692.951   131.821     5.70   13.53
 -21320.183   134.191     6.36   16.74
 -20947.374   137.025     7.60   20.61
 -20574.525   143.957    18.59   22.64
 -20201.634   144.762     2.16   27.60
 -19828.703   139.262   -14.75   30.84
 -19455.732   129.152   -27.11   28.98
 -19082.719   114.744   -38.63   19.93
 -18709.666   108.756   -16.05   13.26
 -18336.572   104.978   -10.12   15.01
 -17963.437   101.987    -8.02   17.93
 -17590.261    89.482   -33.51   29.52
 -17217.045    73.924   -41.69   36.39
 -16843.787    56.689   -46.17   32.66
 -16470.489    42.676   -37.54   22.94
 -16097.150    36.355   -16.93   19.23
 -15723.770    35.958    -1.06   22.72
 -15350.349    34.283    -4.49   24.37
 -14976.887    35.064     2.09   23.57
 -14603.384    45.303    27.41   33.14
 -14229.841    57.425    32.45   40.25
 -13856.256    62.086    12.48   42.78
 -13482.630    55.907   -16.54   46.41
 -13108.964    46.652   -24.77   40.50
 -12735.256    41.339   -14.22   35.84
 -12361.507    48.635    19.52   43.00
 -11987.717    51.268     7.05   45.03
 -11613.886    43.616   -20.47   43.16
 -11240.014    30.989   -33.77   34.19
 -10866.101    21.960   -24.15   22.07
 -10492.147    24.446     6.65   28.81
 -10118.152    31.618    19.18   40.12
  -9744.116    32.958     3.58   44.04
  -9370.038    23.957   -24.06   42.88
  -8995.919    11.160   -34.20   27.35
  -8621.759     2.389   -23.44   11.96
  -8247.558    -0.111    -6.68    0.00
  -7873.316    -0.111     0.00    0.00
  -7499.033    -0.111     0.00    0.00
  -7124.708    -0.111     0.00    0.00
  -6750.342    -0.111     0.00    0.00
  -6375.934    -0.111     0.00    0.00
  -6001.486    -0.111     0.00    0.00
  -5626.996    -0.111     0.00    0.00
  -5252.465    -0.111     0.00    0.00
  -4877.892    -0.111     0.00    0.00
  -4503.278    -0.111     0.00    0.00
  -4128.623    -0.111     0.00    0.00
  -3753.926    -0.111     0.00    0.00
  -3379.188    -0.111     0.00    0.00
  -3004.409    -0.111     0.00    0.00
  -2629.588    -0.111     0.00    0.00
  -2254.726    -0.111     0.00    0.00
  -1879.822    -0.111     0.00    0.00
  -1504.877    -0.111     0.00    0.00
  -1129.890    -0.111     0.00    0.00
   -754.862    -0.111     0.00    0.00
   -379.792    -0.111     0.00    0.00
     -4.680    -0.111     0.00    0.00
    370.472    -0.111     0.00    0.00
    745.667    -0.111     0.00    0.00
   1120.903    -0.111     0.00    0.00
   1496.180    -0.111     0.00    0.00
   1871.500    -0.111     0.00    0.00
   2246.860    -0.111     0.00    0.00
   2622.263    -0.111     0.00    0.00
   2997.707    -0.111     0.00    0.00
   3373.193    -0.111     0.00    0.00
   3748.720    -0.111     0.00    0.00
   4124.289    -0.111     0.00    0.00
   4499.900    -0.111     0.00    0.00
   4875.553    -0.111     0.00    0.00
   5251.247    -0.111     0.00    0.00
   5626.983    -0.111     0.00    0.00
   6002.761    -0.111     0.00    0.00
   6378.581    -0.111     0.00    0.00
   6754.443    -0.111     0.00    0.00
   7130.346    -0.111     0.00    0.00
   7506.291    -0.111     0.00    0.00
   7882.278     1.194     3.47    6.11
   8258.307     6.283    13.53   15.46
   8634.378     8.347     5.49   16.04
   9010.491    10.635     6.08   14.86
   9386.645    17.556    18.40   17.42
   9762.842    31.991    38.37   23.41
  10139.080    50.130    48.21   24.52
  10515.361    67.728    46.77   19.07
  10891.683    80.499    33.94   13.85
  11268.048    84.751    11.30   15.03
  11644.454    82.635    -5.62   19.47
  12020.903    75.398   -19.23   21.28
  12397.393    75.143    -0.68   20.39
  12773.926    85.010    26.20   30.93
  13150.501   111.102    69.29   46.19
  13527.118   136.313    66.94   38.30
  13903.776   148.567    32.53   30.16
  14280.477   148.228    -0.90   34.84
  14657.221   129.059   -50.88   41.36
  15034.006   110.251   -49.92   36.51
  15410.833    95.975   -37.88   21.82
  15787.703    96.725     1.99   12.55
  16164.615   108.648    31.63   15.94
  16541.569   131.165    59.74   29.48
  16918.565   153.465    59.15   32.63
  17295.604   177.089    62.66   33.90
  17672.685   205.753    76.02   30.91
  18049.808   221.855    42.70   24.15
  18426.973   231.470    25.49   22.41
  18804.181   238.800    19.43   21.79
  19181.431   240.606     4.79   22.63
  19558.724   241.837     3.26   24.53
  19936.058   245.803    10.51   24.69
  20313.435   248.737     7.77   25.11
  20690.855   255.381    17.60   21.92
  21068.317   264.135    23.19   16.33
  21445.821   271.889    20.54   12.07
  21823.368   276.643    12.59    6.36
  22200.957   276.889     0.65    5.14
  22578.589   276.584    -0.81    3.94
  22956.263   275.239    -3.56    4.19
  23333.980   272.578    -7.05    5.59
  23711.739   267.958   -12.23    7.13
  24089.541   262.821   -13.60    7.25
  24467.385   256.905   -15.66    6.62
  24845.272   252.714   -11.09    6.33
  25223.202   251.596    -2.96    6.64
  25601.174   252.855     3.33    7.31
  25979.188   254.056     3.18    6.88
  26357.246   254.669     1.62    6.08
  26735.346   254.025    -1.70    6.55
  27113.488   250.840    -8.42    7.20
  27491.674   246.734   -10.86    6.58
  27869.902   242.245   -11.87    6.28
  28248.172   237.804   -11.74    5.37
  28624.453   234.446    -8.92    4.56
  28994.444   230.820    -9.80    4.23
  29364.477   228.347    -6.68    4.56
  29734.550   225.405    -7.95    5.12
  30104.664   222.109    -8.91    5.39
  30474.819   218.355   -10.14    5.55
  30845.014   213.925   -11.97    5.50
  31215.250   209.135   -12.94    5.96
  31585.527   203.621   -14.89    6.43
  31955.845   199.348   -11.54    6.75
  32326.204   196.585    -7.46    7.56
  32696.604   195.398    -3.21    8.60
  33067.044   193.737    -4.48   10.06
  33437.526   190.405    -8.99   10.34
  33808.048   185.339   -13.67    9.88
  34178.611   181.025   -11.64    7.26
  34549.216   179.020    -5.41    6.03
  34919.861   177.533    -4.01    6.54
  35290.547   177.406    -0.34    7.46
  35661.274   176.804    -1.62    7.92
  36032.042   173.937    -7.73    7.65
  36402.851   170.665    -8.83    7.15
  36773.701   166.556   -11.08    6.12
  37144.592   162.167   -11.83    5.31
  37515.525   158.160   -10.80    4.45
  37886.498   156.187    -5.32    3.26
  38257.512   157.002     2.20    4.48
  38628.568   160.008     8.10    6.82
  38999.665   164.448    11.97   10.16
  39370.802   169.372    13.27   12.68
  39741.981   172.938     9.61   14.64
  40113.201   174.689     4.72   13.61
  40484.463   174.313    -1.01   12.56
  40855.765   172.778    -4.13   12.43
  41227.109   170.177    -7.00   12.95
  41598.494   166.751    -9.23   12.84
  41969.920   163.527    -8.68   13.93
  42341.387   159.135   -11.82   12.65
  42712.896   154.717   -11.89   10.25
  43084.446   151.222    -9.40    7.22
  43456.037   148.407    -7.58    3.79
  43827.669   147.184    -3.29    2.47
  44199.343   146.493    -1.86    2.31
  44571.059   145.660    -2.24    1.68
  44942.815   145.347    -0.84    1.98
  45314.613   145.499     0.41    2.67
  45686.453   145.601     0.27    3.08
  46058.333   146.122     1.40    3.84
  46430.256   146.739     1.66    4.16
  46802.219   147.320     1.56    4.60
  47174.224   147.627     0.82    4.54
  47546.271   147.643     0.04    4.70
  47918.359   147.703     0.16    4.57
  48290.489   148.008     0.82    4.97
  48662.660   148.334     0.88    5.34
  49034.872   148.522     0.51    5.38
  49407.126   148.222    -0.81    4.95
  49779.422   148.414     0.51    6.23
  50151.759   148.489     0.20    6.88
  50524.138   147.160    -3.57    6.73
  50896.559   145.516    -4.41    5.07
  51269.021   143.594    -5.16    2.47
  51641.525   143.406    -0.50    2.38
  52014.070   146.472     8.23    5.76
  52386.657   152.180    15.32    9.48
  52759.286   159.266    19.02   10.57
  53131.957   165.579    16.94    9.83
  53504.669   169.857    11.48    9.66
  53877.423   170.652     2.13    9.93
  54250.218   169.872    -2.09    9.55
  54623.056   168.957    -2.45    8.91
  54995.935   169.739     2.10    9.01
  55368.856   173.489    10.06    7.65
  55741.819   175.906     6.48    5.61
  56114.824   175.791    -0.31    5.85
  56487.870   174.152    -4.39    5.99
  56860.958   170.974    -8.52    5.98
  57234.089   166.364   -12.36    7.06
  57607.261   161.080   -14.16    8.60
  57980.475   157.528    -9.52    6.25
  58353.731   158.556     2.75    8.84
  58727.029   166.683    21.77   13.66
  59100.368   175.222    22.88   13.01
  59473.750   180.516    14.18    8.51
  59847.174   181.047     1.42    6.35
  60220.640   177.791    -8.72    5.80
  60594.148   174.544    -8.69    2.85
  60967.697   173.906    -1.71    3.52
  61341.289   172.739    -3.12    5.11
  61714.923   168.839   -10.44    9.27
  62088.599   160.109   -23.36   13.46
  62462.317   152.584   -20.14   11.69
  62836.078   149.492    -8.27    6.78
  63209.880   152.787     8.82    8.84
  63583.724   159.539    18.06    9.48
  63957.611   165.852    16.89    6.45
  64331.540   166.512     1.77    4.99
  64705.511   164.682    -4.89    5.27
  65079.524   162.276    -6.43    4.57
  65453.579   162.262    -0.04    4.68
  65827.677   164.923     7.11    5.75
  66201.817   168.938    10.73    6.66
  66575.999   172.496     9.51    5.33
  66950.224   173.956     3.90    4.79
  67324.490   173.522    -1.16    4.68
  67698.799   173.069    -1.21    3.96
  68073.151   172.389    -1.82    2.97
  68447.544   171.347    -2.78    5.12
  68821.981   169.279    -5.52    7.54
  69196.459   166.143    -8.37    9.55
  69570.980   161.789   -11.63   10.13
  69945.543   156.618   -13.81   10.32
  70320.149   149.970   -17.75    9.78
  70694.797   145.006   -13.25    9.01
  71069.488   139.406   -14.95    6.15
  71444.221   135.959    -9.20    3.55
  71818.996   135.315    -1.72    3.31
  72193.814   136.510     3.19    5.02
  72568.675   137.889     3.68    5.02
  72943.578   138.279     1.04    4.55
  73318.524   136.905    -3.66    4.85
  73693.512   133.618    -8.77    4.47
  74068.543   131.239    -6.34    3.64
  74443.616   129.502    -4.63    2.56
  74818.732   128.974    -1.41    2.10
  75193.891   129.069     0.25    2.05
  75569.092   128.960    -0.29    2.48
  75944.336   128.373    -1.57    2.52
  76319.623   129.217     2.25    5.42
  76694.952   135.991    18.05   17.10
  77070.324   147.381    30.35   24.10
  77445.739   160.539    35.05   25.05
  77821.197   173.770    35.24   20.21
  78196.697   182.630    23.60   10.91
  78572.240   192.807    27.10   17.13
  78947.826   203.907    29.55   22.73
  79323.455   215.004    29.55   21.03
  79699.126   222.676    20.42   12.14
  80074.840   219.506    -8.44   12.59
  80450.598   207.008   -33.26   15.71
  80826.398   195.177   -31.48   14.52
  81202.241   182.196   -34.54   12.14
  81578.127   172.372   -26.14   10.17
  81954.055   163.083   -24.71   11.06
  82330.027   152.598   -27.89    9.99
  82706.042   142.873   -25.87   10.57
  83082.100   135.703   -19.07    7.81
  83458.200   131.808   -10.36    4.74
  83834.344   133.315     4.01    6.65
  84210.531   140.268    18.48   11.05
  84586.760   154.315    37.34   20.18
  84963.033   168.962    38.93   20.54
  85339.349   180.122    29.66   18.46
  85715.708   191.313    29.74   16.97
  86092.110   199.518    21.80   18.18
  86468.555   211.787    32.60   17.15
  86845.044   220.635    23.50   11.64
  87221.575   226.025    14.32    4.85
  87598.150   226.381     0.95    3.68
  87974.767   224.168    -5.88    5.83
  88351.428   221.303    -7.61    7.41
  88728.133   215.955   -14.20   11.63
  89104.880   207.618   -22.13   14.71
  89481.671   204.245    -8.95   15.32
  89858.505   206.676     6.45   16.30
  90235.382   211.791    13.57   13.71
  90612.303   216.256    11.85   11.69
  90989.266   216.262     0.02   13.34
  91366.274   216.856     1.58   14.02
  91743.324   216.621    -0.62   11.20
  92120.418   207.956   -22.98   15.15
  92497.555   197.606   -27.45   16.32
  92874.736   191.921   -15.07   15.05
  93251.960   192.856     2.48   18.64
  93629.228   195.217     6.26   19.43
  94006.539   193.534    -4.46   18.37
  94383.893   189.068   -11.84   16.67
  94761.291   185.873    -8.47   17.15
  95138.732   184.279    -4.22   19.10
  95516.217   185.984     4.52   21.00
  95893.746   185.339    -1.71   18.88
  96271.318   184.339    -2.65   16.97
  96648.933   185.233     2.37   14.98
  97026.593   188.679     9.12   15.72
  97404.295   190.578     5.03   16.25
  97782.042   191.406     2.19   14.54
  98159.832   195.776    11.57   13.72
  98537.665   198.922     8.33   14.94
  98915.543   203.347    11.71   14.20
  99293.464   209.006    14.98   10.55
  99671.428   213.206    11.11    7.41
 100049.437   221.823    22.80   14.77
 100427.489   231.717    26.17   14.58
 100805.585   238.147    17.01   10.11
 101183.724   238.806     1.74    8.16
 101561.908   232.618   -16.36   10.12
 101940.135   225.020   -20.09    9.89
 102318.406   220.250   -12.61    8.51
 102696.721   215.840   -11.66    8.79
 103075.079   212.544    -8.71   11.34
 103452.512   208.496   -10.73   13.66
 103822.375   200.958   -20.38   13.51
 104192.280   195.758   -14.06   11.71
 104562.227   192.872    -7.80   10.11
 104932.216   191.794    -2.91    8.86
 105302.247   192.506     1.92    9.69
 105672.319   195.172     7.21   12.85
 106042.433   200.266    13.76   13.82
 106412.589   204.463    11.34   12.40
 106782.787   206.172     4.62   10.00
 107153.027   205.306    -2.34    8.01
 107523.309   203.147    -5.83    6.31
 107893.633   199.787    -9.07    5.21
 108263.998   195.856   -10.62    4.76
 108634.406   191.527   -11.69    4.45
 109004.855   187.660   -10.44    5.26
 109375.347   183.975    -9.95    5.38
 109745.880   180.083   -10.51    5.81
 110116.455   175.493   -12.39    5.70
 110487.073   172.599    -7.81    5.81
 110857.732   169.533    -8.27    5.32
 111228.434   166.889    -7.13    4.59
 111599.178   164.364    -6.81    4.52
 111969.963   162.250    -5.70    4.93
 112340.791   159.822    -6.55    4.88
 112711.661   157.472    -6.34    4.83
 113082.573   154.111    -9.06    4.83
 113453.527   151.245    -7.73    4.38
 113824.524   148.772    -6.67    2.93
 114195.562   147.047    -4.65    1.36
 114566.643   148.004     2.58    3.59
 114937.766   151.079     8.29    7.30
 115308.931   157.905    18.39   11.61
 115680.139   165.573    20.66   13.87
 116051.388   175.037    25.49   16.72
 116422.680   187.075    32.43   17.41
 116794.015   200.760    36.86   22.17
 117165.391   217.971    46.35   24.83
 117536.810   231.189    35.59   21.89
 117908.271   241.872    28.76   13.41
 118279.775   244.004     5.74    8.23
 118651.321   240.857    -8.47    6.43
 119022.909   239.422    -3.86    4.82
 119394.540   239.518     0.26    4.08
 119766.213   240.764     3.35    3.66
 120137.929   240.610    -0.41    4.12
 120509.687   238.924    -4.54    5.38
 120881.488   235.792    -8.42    6.61
 121253.331   232.406    -9.11    6.87
 121625.216   229.448    -7.95    5.97
 121997.144   228.022    -3.83    5.20
 122369.115   227.545    -1.28    4.58
 122741.128   228.050     1.36    3.87
 123113.183   229.211     3.12    3.33
 123485.282   231.179     5.29    3.60
 123857.423   232.872     4.55    3.37
 124229.606   233.739     2.33    2.71
 124601.832   233.596    -0.38    2.67
 124974.101   232.069    -4.10    2.81
 125346.412   229.958    -5.67    2.80
 125718.766   227.589    -6.36    3.14
 126091.163   225.056    -6.80    3.11
 126463.603   222.746    -6.20    3.29
 126836.085   220.168    -6.92    3.27
 127208.610   218.025    -5.75    3.76
 127581.177   216.115    -5.13    3.61
 127953.788   214.656    -3.92    3.52
 128326.441   213.970    -1.84    4.07
 128699.137   213.855    -0.31    4.21
 129071.876   214.676     2.20    5.10
 129444.658   216.837     5.80    6.02
 129817.482   220.002     8.49    6.46
 130190.350   222.737     7.33    5.24
 130563.260   223.889     3.09    3.19
 130936.213   223.489    -1.07    2.71
 131309.209   222.431    -2.84    3.06
 131682.249   220.454    -5.30    3.66
 132055.331   218.381    -5.56    4.60
 132428.456   214.622   -10.07    6.02
 132801.624   210.770   -10.32    6.48
 133174.835   206.725   -10.84    6.66
 133548.089   203.303    -9.17    6.48
 133921.386   201.397    -5.11    6.33
 134294.726   198.872    -6.76    5.26
 134668.109   196.429    -6.54    4.76
 135041.535   193.389    -8.14    5.47
 135415.004   189.364   -10.78    7.05
 135788.517   182.470   -18.46    8.16
 136162.072   177.119   -14.33    7.94
 136535.671   171.706   -14.49    7.80
 136909.313   166.550   -13.80    7.64
 137282.998   161.260   -14.16    8.05
 137656.726   156.544   -12.62    7.19
 138030.498   152.873    -9.82    6.45
 138404.313   151.527    -3.60    8.10
 138778.171   157.556    16.13   14.09
 139152.072   166.256    23.27   17.09
 139526.016   175.606    25.01   16.48
 139900.004   187.405    31.55   11.30
 140274.035   191.364    10.59    9.30
 140648.110   194.322     7.91    6.84
 141022.227   194.739     1.11    6.64
 141396.389   194.315    -1.13    6.43
 141770.593   195.113     2.13    5.61
 142144.841   196.445     3.56    4.90
 142519.132   198.330     5.04    3.32
 142893.467   198.445     0.31    3.33
 143267.845   197.522    -2.46    3.58
 143642.267   195.156    -6.32    4.28
 144016.732   191.873    -8.77    5.03
 144391.241   188.266    -9.63    5.33
 144765.793   183.825   -11.86    5.49
 145140.389   179.855   -10.60    5.22
 145515.028   175.955   -10.41    5.55
 145889.711   171.819   -11.04    5.94
 146264.437   167.389   -11.82    6.08
 146639.207   163.398   -10.65    5.84
 147014.021   159.937    -9.23    4.70
 147388.878   156.397    -9.44    4.33
 147763.779   153.239    -8.43    4.99
 148138.723   150.325    -7.77    4.65
 148513.711   148.618    -4.55    4.14
 148888.743   146.776    -4.91    4.17
 149263.819   147.561     2.09    5.30
 149638.938   150.292     7.28    6.66
 150014.101   153.109     7.51    6.24
 150389.308   152.689    -1.12    5.56
 150764.558   150.839    -4.93    5.86
 151139.853   148.397    -6.51    4.60
 151515.191   147.437    -2.56    3.31
 151890.573   148.545     2.95    3.03
 152265.999   150.018     3.92    2.86
 152641.469   151.234     3.24    2.78
 153016.982   153.083     4.92    3.57
 153392.540   154.037     2.54    4.37
 153768.141   153.744    -0.78    4.45
 154143.787   153.283    -1.23    4.34
 154519.476   151.643    -4.36    4.20
 154895.209   150.506    -3.03    3.27
 155270.987   152.938     6.47    7.17
 155646.808   156.679     9.96    8.97
 156022.673   160.769    10.88    9.49
