# NaN NaN NaN ;Mean Elev.(m), Avg Gradient(m/km), RMS Gradient(m/km) - SRTM1     
#    5.044  -2.247   5.988 ;Mean Elev.(m), Avg Gradient(m/km), RMS Gradient(m/km) - ASTER GDEM
#    8.563  -2.145   4.418 ;Mean Elev.(m), Avg Gradient(m/km), RMS Gradient(m/km) - GMTED2010 
  7    15.341 52456.75881237 23.62  46.025464  51.485084  5.997
  7    14.562 52456.75881301 24.22  46.023964  51.488314  5.997
  7    14.500 52456.75881366 23.75  46.022464  51.491544  5.997
  7    14.069 52456.75881430 23.66  46.020964  51.494764  5.997
  7    13.996 52456.75881494 23.36  46.019464  51.497994  5.997
  7    14.292 52456.75881559 22.60  46.017964  51.501224  5.997
  7    15.026 52456.75881623 21.52  46.016464  51.504454  5.997
  7    15.243 52456.75881688 20.52  46.014964  51.507684  5.997
  7    15.410 52456.75881752 20.13  46.013464  51.510904  5.997
  7    15.556 52456.75881817 19.66  46.011964  51.514134  5.997
  8    15.392 52491.75878462 25.11  46.034024  51.489367 25.029
  8    14.781 52491.75878526 20.43  46.032524  51.492597 25.029
  8    14.392 52491.75878591 18.41  46.031024  51.495827 25.029
  8    13.941 52491.75878655 17.65  46.029524  51.499047 25.029
  8    14.241 52491.75878720 18.53  46.028024  51.502277 25.029
  8    14.607 52491.75878784 17.21  46.026524  51.505507 25.029
  8    14.926 52491.75878849 16.81  46.025024  51.508737 25.029
  8    15.212 52491.75878913 16.09  46.023524  51.511957 25.029
  8    15.227 52491.75878978 28.37  46.022025  51.515194  5.168
 10    15.334 52561.75881265 26.84  46.024649  51.482425  8.959
 10    14.792 52561.75881329 19.41  46.023149  51.485655  8.959
 10    14.728 52561.75881394 19.21  46.021649  51.488885  8.959
 10    13.915 52561.75881458 21.95  46.020149  51.492115  8.959
 10    14.355 52561.75881523 21.97  46.018649  51.495335  8.959
 10    14.752 52561.75881587 22.98  46.017149  51.498565  8.959
 10    15.109 52561.75881652 22.45  46.015649  51.501795  8.959
 10    15.227 52561.75881716 23.48  46.014149  51.505025  8.959
 10    15.383 52561.75881781 22.44  46.012649  51.508245  8.959
 10    15.439 52561.75881845 24.35  46.011149  51.511475  8.959
 12    15.592 52631.75876673 28.53  46.023452  51.481058  8.326
 12    15.620 52631.75876738 29.59  46.021952  51.484288  8.326
 12    15.639 52631.75876802 30.19  46.020452  51.487508  8.326
 12    15.585 52631.75876867 29.88  46.018952  51.490738  8.326
 12    15.593 52631.75876931 31.12  46.017452  51.493968  8.326
 12    15.548 52631.75876996 31.26  46.015952  51.497198  8.326
 12    15.554 52631.75877060 31.43  46.014452  51.500428  8.326
 12    15.552 52631.75877125 31.44  46.012952  51.503648  8.326
 12    15.604 52631.75877189 32.12  46.011459  51.506882  4.496
 12    15.646 52631.75877254 31.31  46.009949  51.510112  4.496
 14    15.102 52701.75875907 14.30  46.027950  51.484062  3.648
 14    15.086 52701.75875971 13.64  46.026450  51.487292  3.648
 14    15.115 52701.75876036 13.32  46.024951  51.490519  2.268
 14    15.146 52701.75876100 13.07  46.023451  51.493739  2.268
 14    15.176 52701.75876165 12.73  46.021951  51.496969  2.268
 14    15.073 52701.75876229 12.75  46.020451  51.500199  2.268
 14    15.142 52701.75876294 11.93  46.018951  51.503429  2.268
 14    15.293 52701.75876358 11.03  46.017451  51.506659  2.268
 14    15.311 52701.75876423 10.96  46.015941  51.509879  2.268
 14    15.548 52701.75876487 11.81  46.014441  51.513109  2.268
 15    15.591 52736.75880045 28.21  46.030690  51.488328 14.936
 15    15.618 52736.75880110 24.69  46.029190  51.491548 14.936
 15    15.611 52736.75880174 24.08  46.027690  51.494778 14.936
 15    15.638 52736.75880239 23.93  46.026190  51.498008 14.936
 15    15.666 52736.75880303 24.40  46.024690  51.501238 14.936
 15    15.743 52736.75880368 26.07  46.023190  51.504468 14.936
 15    15.686 52736.75880432 27.90  46.021694  51.507695  5.926
 15    15.822 52736.75880497 28.81  46.020194  51.510915  5.926
 15    15.919 52736.75880561 38.97  46.018694  51.514145  5.926
 16    16.229 52771.75877259 29.74  46.033500  51.489175 28.043
 16    16.096 52771.75877324 28.93  46.032000  51.492405 28.043
 16    15.969 52771.75877388 28.58  46.030500  51.495625 28.043
 16    16.103 52771.75877453 28.23  46.029000  51.498855 28.043
 16    16.122 52771.75877517 28.02  46.027500  51.502085 28.043
 16    16.207 52771.75877582 27.58  46.026000  51.505315 28.043
 16    16.231 52771.75877646 26.98  46.024500  51.508545 28.043
 16    16.283 52771.75877711 26.86  46.023009  51.511774  2.285
 16    16.298 52771.75877775 26.28  46.021509  51.514994  2.285
 17    14.779 52806.75882300 26.30  46.019561  51.480479 28.119
 17    14.404 52806.75882364 26.13  46.018061  51.483709 28.119
 17    14.361 52806.75882429 25.21  46.016561  51.486929 28.119
 17    14.555 52806.75882493 25.14  46.015061  51.490159 28.119
 17    14.871 52806.75882557 25.50  46.013561  51.493389 28.119
 17    14.783 52806.75882622 25.59  46.012061  51.496619 28.119
 17    14.570 52806.75882686 25.83  46.010561  51.499849 28.119
 17    14.622 52806.75882751 24.23  46.009061  51.503069 28.119
 17    14.725 52806.75882815 23.57  46.007563  51.506304  3.500
 17    14.870 52806.75882880 22.82  46.006063  51.509524  3.500
 18    15.359 52841.75888240 25.00  46.022998  51.481843 27.319
 18    14.817 52841.75888304 21.74  46.021498  51.485073 27.319
 18    14.671 52841.75888368 18.47  46.019998  51.488303 27.319
 18    14.188 52841.75888433 19.47  46.018498  51.491523 27.319
 18    13.697 52841.75888497 18.55  46.016998  51.494753 27.319
 18    14.768 52841.75888562 17.44  46.015498  51.497983 27.319
 18    15.010 52841.75888626 16.20  46.013998  51.501213 27.319
 18    15.170 52841.75888691 15.42  46.012498  51.504433 27.319
 18    15.211 52841.75888755 15.41  46.011003  51.507668  3.099
 18    15.612 52841.75888820 13.74  46.009503  51.510888  3.099
 19    15.277 52876.75892109 24.37  46.023842  51.482238 23.267
 19    14.847 52876.75892173 21.64  46.022342  51.485468 23.267
 19    14.714 52876.75892238 22.08  46.020842  51.488698 23.267
 19    14.707 52876.75892302 22.84  46.019342  51.491918 23.267
 19    14.968 52876.75892367 22.80  46.017842  51.495148 23.267
 19    15.078 52876.75892431 22.77  46.016342  51.498378 23.267
 19    15.286 52876.75892496 22.58  46.014842  51.501608 23.267
 19    15.401 52876.75892560 23.64  46.013342  51.504828 23.267
 19    15.367 52876.75892624 22.26  46.011843  51.508064  3.322
 19    15.447 52876.75892689 23.85  46.010343  51.511284  3.322
 20    15.381 52911.75888304 32.84  46.036279  51.492128 16.363
 20    15.205 52911.75888368 33.22  46.034779  51.495358 16.363
 20    15.293 52911.75888433 32.51  46.033279  51.498578 16.363
 20    15.210 52911.75888497 32.60  46.031779  51.501808 16.363
 20    15.084 52911.75888562 32.04  46.030279  51.505038 16.363
 20    15.187 52911.75888626 31.92  46.028779  51.508268 16.363
 20    15.232 52911.75888690 30.84  46.027279  51.511498 16.363
 20    15.286 52911.75888755 30.36  46.025780  51.514727  2.170
 21    15.946 52946.75883590 41.52  46.023909  51.482480 27.953
 21    15.707 52946.75883655 38.46  46.022409  51.485700 27.953
 21    15.322 52946.75883719 33.46  46.020909  51.488930 27.953
 21    14.876 52946.75883784 35.36  46.019409  51.492160 27.953
 21    14.346 52946.75883848 32.56  46.017909  51.495390 27.953
 21    14.076 52946.75883913 30.16  46.016409  51.498610 27.953
 21    13.406 52946.75883977 27.53  46.014912  51.501844  4.276
 21    12.594 52946.75884042 25.68  46.013412  51.505074  4.276
 21    11.605 52946.75884106 25.29  46.011912  51.508294  4.276
 21    11.123 52946.75884171 24.43  46.010402  51.511524  4.276
 23    15.418 53016.75887171 37.41  46.029169  51.487137 12.518
 23    15.347 53016.75887235 39.15  46.027669  51.490367 12.518
 23    15.303 53016.75887300 38.51  46.026169  51.493587 12.518
 23    15.468 53016.75887364 37.43  46.024669  51.496817 12.518
 23    15.529 53016.75887429 38.08  46.023169  51.500047 12.518
 23    15.591 53016.75887493 36.42  46.021669  51.503277 12.518
 23    15.685 53016.75887557 36.46  46.020169  51.506507 12.518
 23    15.625 53016.75887622 32.41  46.018674  51.509734  3.687
 23    15.593 53016.75887686 30.60  46.017174  51.512954  3.687
 24    15.416 53051.75884951 24.83  46.023884  51.483544  5.173
 24    15.403 53051.75885016 24.42  46.022384  51.486774  5.173
 24    15.399 53051.75885080 24.23  46.020884  51.490004  5.173
 24    15.370 53051.75885145 23.74  46.019384  51.493224  5.173
 24    15.247 53051.75885209 24.41  46.017884  51.496454  5.173
 24    15.219 53051.75885274 24.26  46.016384  51.499684  5.173
 24    15.409 53051.75885338 23.65  46.014884  51.502914  5.173
 24    15.420 53051.75885402 22.44  46.013384  51.506134  5.173
 24    15.506 53051.75885467 25.12  46.011885  51.509370  4.624
 24    15.435 53051.75885531 39.51  46.010385  51.512590  4.624
 25    15.803 53086.75888598 36.63  46.024325  51.483197 20.128
 25    15.757 53086.75888662 37.24  46.022835  51.486427 20.128
 25    15.782 53086.75888727 37.58  46.021335  51.489657 20.128
 25    15.647 53086.75888791 39.08  46.019835  51.492877 20.128
 25    15.677 53086.75888856 38.96  46.018335  51.496107 20.128
 25    15.583 53086.75888920 41.39  46.016835  51.499337 20.128
 25    15.509 53086.75888985 41.77  46.015335  51.502567 20.128
 25    15.654 53086.75889049 41.60  46.013835  51.505797 20.128
 25    15.606 53086.75889114 39.91  46.012342  51.509025  7.231
 25    15.430 53086.75889178 35.71  46.010842  51.512245  7.231
 26    16.334 53121.75885612 27.88  46.022000  51.482354 24.172
 26    15.727 53121.75885677 22.74  46.020500  51.485584 24.172
 26    15.541 53121.75885741 20.21  46.019000  51.488804 24.172
 26    15.083 53121.75885806 20.02  46.017500  51.492034 24.172
 26    14.832 53121.75885870 18.91  46.016000  51.495264 24.172
 26    15.619 53121.75885935 17.57  46.014500  51.498494 24.172
 26    15.972 53121.75885999 16.57  46.013000  51.501724 24.172
 26    16.156 53121.75886064 15.95  46.011500  51.504944 24.172
 26    16.149 53121.75886128 15.24  46.010006  51.508179  4.034
 26    15.976 53121.75886192 14.84  46.008496  51.511409  4.034
 27    15.144 53156.75891085 31.31  46.020561  51.478236 31.563
 27    15.045 53156.75891149 29.75  46.019061  51.481465  3.891
 27    14.877 53156.75891214 29.70  46.017561  51.484685  3.891
 27    14.822 53156.75891278 29.77  46.016061  51.487915  3.891
 27    14.731 53156.75891343 29.77  46.014561  51.491145  3.891
 27    14.698 53156.75891407 30.11  46.013061  51.494375  3.891
 27    14.761 53156.75891472 30.64  46.011561  51.497605  3.891
 27    14.978 53156.75891536 29.69  46.010061  51.500825  3.891
 27    14.974 53156.75891601 29.12  46.008561  51.504055  3.891
 27    14.998 53156.75891665 28.51  46.007061  51.507285  3.891
 27    15.134 53156.75891730 27.08  46.005561  51.510515  3.891
 28    15.309 53191.75890425 26.46  46.031043  51.486575 27.533
 28    15.094 53191.75890490 18.73  46.029543  51.489805 27.533
 28    14.749 53191.75890554 15.58  46.028043  51.493025 27.533
 28    14.633 53191.75890619 16.58  46.026553  51.496255 27.533
 28    15.034 53191.75890683 16.65  46.025053  51.499485 27.533
 28    15.711 53191.75890748 15.33  46.023553  51.502715 27.533
 28    15.199 53191.75890812 15.15  46.022053  51.505945 27.533
 29    15.201 53226.75890720 22.19  46.030757  51.488073 26.669
 29    14.593 53226.75890785 18.65  46.029267  51.491303 26.669
 29    14.134 53226.75890849 21.00  46.027767  51.494523 26.669
 29    14.033 53226.75890914 19.74  46.026267  51.497753 26.669
 29    13.546 53226.75890978 20.55  46.024767  51.500983 26.669
 29    14.392 53226.75891043 18.39  46.023267  51.504213 26.669
 29    14.886 53226.75891107 17.93  46.021767  51.507443 26.669
 29    15.123 53226.75891172 16.17  46.020265  51.510671  3.856
 29    15.319 53226.75891236 19.40  46.018765  51.513891  3.856
 30    15.358 53261.75888030 29.21  46.030217  51.485154 23.572
 30    14.867 53261.75888094 24.82  46.028727  51.488384 23.572
 30    13.403 53261.75888159 23.46  46.027227  51.491614 23.572
 30    13.854 53261.75888223 23.29  46.025727  51.494834 23.572
 30    13.564 53261.75888288 22.05  46.024227  51.498064 23.572
 30    13.685 53261.75888352 21.44  46.022727  51.501294 23.572
 30    14.269 53261.75888416 21.05  46.021227  51.504524 23.572
 30    14.794 53261.75888481 20.16  46.019727  51.507754 23.572
 30    14.756 53261.75888545 19.22  46.018236  51.510973  2.004
 30    14.994 53261.75888610 18.55  46.016736  51.514203  2.004
 31    16.754 53296.75891373 20.15  46.017375  51.477441 17.478
 31    16.292 53296.75891438 17.88  46.015875  51.480671 17.478
 31    44.898 53296.75891502 17.04  46.014375  51.483901 17.478
 31    50.668 53296.75891567 16.28  46.012875  51.487131 17.478
 31    59.282 53296.75891631 15.17  46.011375  51.490351 17.478
 31    65.977 53296.75891696 14.22  46.009875  51.493581 17.478
 31    73.227 53296.75891760 13.13  46.008375  51.496811 17.478
 31    81.242 53296.75891825 12.32  46.006875  51.500041 17.478
 31    84.472 53296.75891889 12.61  46.005375  51.503261 17.478
 31    86.882 53296.75891954 13.03  46.003875  51.506497  4.710
 31    92.567 53296.75892018 13.52  46.002375  51.509717  4.710
 32    15.080 53331.75888674 27.39  46.027711  51.483776 25.846
 32    14.798 53331.75888739 20.86  46.026211  51.487006 25.846
 32    14.058 53331.75888803 18.76  46.024711  51.490226 25.846
 32    13.714 53331.75888868 20.94  46.023221  51.493456 25.846
 32    12.786 53331.75888932 23.66  46.021721  51.496686 25.846
 32    13.505 53331.75888997 24.22  46.020221  51.499916 25.846
 32    14.366 53331.75889061 22.53  46.018721  51.503146 25.846
 32    14.818 53331.75889126 22.71  46.017221  51.506366 25.846
 32    15.079 53331.75889190 23.46  46.015716  51.509602  6.045
 32    15.213 53331.75889255 22.93  46.014216  51.512822  6.045
 33    15.649 53366.75883365 31.61  46.034670  51.489046 11.274
 33    15.603 53366.75883430 32.36  46.033170  51.492276 11.274
 33    15.533 53366.75883494 29.32  46.031670  51.495496 11.274
 33    15.365 53366.75883559 26.92  46.030170  51.498726 11.274
 33    15.250 53366.75883623 26.21  46.028670  51.501956 11.274
 33    15.317 53366.75883688 26.76  46.027170  51.505186 11.274
 33    15.486 53366.75883752 28.16  46.025670  51.508416 11.274
 33    15.440 53366.75883817 30.16  46.024168  51.511645  6.861
 33    15.401 53366.75883881 34.43  46.022668  51.514865  6.861
 34    15.382 53401.75886032 30.09  46.024292  51.483169  5.899
 34    15.370 53401.75886097 31.56  46.022792  51.486399  5.899
 34    15.362 53401.75886161 31.50  46.021292  51.489619  5.899
 34    15.286 53401.75886225 32.39  46.019792  51.492849  5.899
 34    15.279 53401.75886290 32.76  46.018292  51.496079  5.899
 34    15.299 53401.75886354 32.75  46.016792  51.499309  5.899
 34    15.343 53401.75886419 32.88  46.015292  51.502539  5.899
 34    15.337 53401.75886483 31.94  46.013792  51.505759  5.899
 34    15.556 53401.75886548 31.74  46.012291  51.508995  3.372
 34    15.565 53401.75886612 31.42  46.010791  51.512215  3.372
 35    15.517 53436.75885029 21.53  46.032163  51.488012  4.012
 35    15.391 53436.75885093 21.47  46.030663  51.491242  4.012
 35    15.328 53436.75885158 22.40  46.029163  51.494462  4.012
 35    15.329 53436.75885222 22.25  46.027663  51.497692  4.012
 35    15.435 53436.75885287 22.90  46.026163  51.500922  4.012
 35    15.475 53436.75885351 22.46  46.024663  51.504152  4.012
 35    15.495 53436.75885416 22.76  46.023163  51.507372  4.012
 35    15.444 53436.75885480 21.66  46.021669  51.510609  2.744
 35    15.591 53436.75885544 21.20  46.020169  51.513829  2.744
 36    16.058 53471.75890051 48.48  46.021250  51.480626 32.033
 36    16.177 53471.75890116 48.97  46.019750  51.483856 32.033
 36    15.657 53471.75890180 52.37  46.018250  51.487076 32.033
 36    15.645 53471.75890245 52.51  46.016750  51.490306 32.033
 36    15.655 53471.75890309 52.44  46.015250  51.493536 32.033
 36    15.889 53471.75890374 47.37  46.013750  51.496766 32.033
 36    15.628 53471.75890438 34.85  46.012250  51.499996 32.033
 36    15.436 53471.75890503 31.85  46.010750  51.503216 32.033
 36    15.519 53471.75890567 31.92  46.009250  51.506450 12.834
 36    15.583 53471.75890632 50.77  46.007750  51.509680 12.834
 37    16.475 53506.75893343 28.18  46.024160  51.484627 27.439
 37    16.253 53506.75893407 25.51  46.022660  51.487857 27.439
 37    15.889 53506.75893472 23.17  46.021160  51.491087 27.439
 37    15.259 53506.75893536 21.62  46.019670  51.494307 27.439
 37    15.780 53506.75893601 20.10  46.018170  51.497537 27.439
 37    15.940 53506.75893665 21.16  46.016670  51.500767 27.439
 37    16.443 53506.75893730 20.29  46.015170  51.503997 27.439
 37    16.589 53506.75893794 21.89  46.013670  51.507217 27.439
 37    16.941 53506.75893859 25.26  46.012165  51.510455  8.036
 37    17.754 53506.75893923 26.45  46.010665  51.513675  8.036
 38    15.349 53541.75893860 27.22  46.025348  51.482339 20.950
 38    15.044 53541.75893925 21.91  46.023848  51.485569 20.950
 38    14.800 53541.75893989 17.32  46.022358  51.488799 20.950
 38    14.724 53541.75894054 15.93  46.020858  51.492019 20.950
 38    15.198 53541.75894118 14.48  46.019358  51.495249 20.950
 38    15.309 53541.75894182 13.52  46.017858  51.498479 20.950
 38    15.266 53541.75894247 12.96  46.016358  51.501709 20.950
 38    19.524 53541.75894311 12.13  46.014858  51.504939 20.950
 38    22.823 53541.75894376 11.12  46.013356  51.508168  3.051
 39    15.634 53576.75892728 28.22  46.029239  51.484103 25.711
 39    14.922 53576.75892793 26.32  46.027749  51.487333 25.711
 39    14.601 53576.75892857 26.21  46.026249  51.490563 25.711
 39    14.121 53576.75892922 28.13  46.024749  51.493783 25.711
 39    14.405 53576.75892986 27.64  46.023249  51.497013 25.711
 39    14.351 53576.75893051 27.49  46.021749  51.500243 25.711
 39    14.685 53576.75893115 27.01  46.020249  51.503473 25.711
 39    14.919 53576.75893180 26.82  46.018749  51.506703 25.711
 39    15.165 53576.75893244 25.81  46.017253  51.509931  2.642
 39    15.125 53576.75893309 24.70  46.015753  51.513151  2.642
 40    15.115 53611.75887990 23.48  46.030393  51.487835 27.803
 40    14.368 53611.75888054 20.96  46.028893  51.491065 27.803
 40    12.475 53611.75888119 25.23  46.027393  51.494285 27.803
 40    12.878 53611.75888183 27.21  46.025893  51.497515 27.803
 40    13.571 53611.75888248 29.08  46.024393  51.500745 27.803
 40    14.352 53611.75888312 28.28  46.022893  51.503975 27.803
 40    14.876 53611.75888377 29.03  46.021393  51.507205 27.803
 40    15.141 53611.75888441 29.72  46.019894  51.510424  9.743
 40    15.463 53611.75888506 32.82  46.018394  51.513654  9.743
 41    15.659 53646.75888356 43.39  46.023181  51.482511 25.132
 41    15.547 53646.75888420 43.10  46.021681  51.485741 25.132
 41    15.644 53646.75888485 41.31  46.020181  51.488971 25.132
 41    15.587 53646.75888549 35.93  46.018681  51.492191 25.132
 41    15.043 53646.75888613 35.25  46.017181  51.495421 25.132
 41    14.639 53646.75888678 33.78  46.015681  51.498651 25.132
 41    14.358 53646.75888742 31.57  46.014181  51.501881 25.132
 41    14.334 53646.75888807 31.39  46.012681  51.505101 25.132
 41    14.996 53646.75888871 29.49  46.011184  51.508337  4.053
 41    15.567 53646.75888936 36.62  46.009684  51.511557  4.053
 42    15.428 53681.75889952 25.69  46.024163  51.482997 31.225
 42    12.615 53681.75890016 24.91  46.022663  51.486227 31.225
 42    13.510 53681.75890081 23.04  46.021173  51.489457 31.225
 42    13.398 53681.75890145 22.32  46.019673  51.492677 31.225
 42    13.357 53681.75890210 21.97  46.018173  51.495907 31.225
 42    12.141 53681.75890274 21.55  46.016673  51.499137 31.225
 42    13.926 53681.75890339 21.20  46.015173  51.502367 31.225
 42    14.786 53681.75890403 19.82  46.013673  51.505597 31.225
 42    15.113 53681.75890467 19.07  46.012174  51.508824  2.320
 42    15.151 53681.75890532 19.40  46.010674  51.512054  2.320
 43    15.443 53716.75882792 28.41  46.033837  51.488953 21.093
 43    15.012 53716.75882857 21.25  46.032337  51.492183 21.093
 43    14.790 53716.75882921 17.59  46.030837  51.495403 21.093
 43    14.459 53716.75882985 17.03  46.029337  51.498633 21.093
 43    14.849 53716.75883050 15.81  46.027837  51.501863 21.093
 43    15.291 53716.75883114 14.39  46.026337  51.505093 21.093
 43    15.302 53716.75883179 13.80  46.024837  51.508313 21.093
 43    15.279 53716.75883243 13.14  46.023342  51.511551  2.065
 43    15.348 53716.75883308 12.41  46.021842  51.514771  2.065
 44    14.934 53751.75874588 26.65  46.026321  51.483447  4.428
 44    14.834 53751.75874653 27.47  46.024821  51.486677  4.428
 44    14.854 53751.75874717 28.33  46.023321  51.489907  4.428
 44    14.859 53751.75874782 27.93  46.021821  51.493127  4.428
 44    14.855 53751.75874846 29.08  46.020321  51.496357  4.428
 44    14.760 53751.75874911 29.61  46.018821  51.499587  4.428
 44    14.808 53751.75874975 29.06  46.017321  51.502817  4.428
 44    14.819 53751.75875040 28.24  46.015821  51.506047  4.428
 44    14.778 53751.75875104 27.46  46.014321  51.509267  4.428
 44    14.687 53751.75875168 27.05  46.012817  51.512501  2.620
 45    15.305 53786.75877671 20.64  46.031623  51.487655  3.382
 45    15.286 53786.75877735 20.52  46.030133  51.490885  3.382
 45    15.125 53786.75877800 21.12  46.028633  51.494105  3.382
 45    15.116 53786.75877864 21.11  46.027133  51.497335  3.382
 45    15.051 53786.75877929 21.47  46.025633  51.500565  3.382
 45    15.115 53786.75877993 21.31  46.024133  51.503795  3.382
 45    15.194 53786.75878058 20.81  46.022633  51.507015  3.382
 45    15.194 53786.75878122 20.52  46.021132  51.510252  2.387
 45    15.171 53786.75878187 19.71  46.019632  51.513472  2.387
 46    15.561 53821.75873280 25.34  46.037205  51.491700 10.992
 46    15.498 53821.75873345 23.96  46.035705  51.494930 10.992
 46    15.260 53821.75873409 22.14  46.034205  51.498160 10.992
 46    14.953 53821.75873473 22.39  46.032705  51.501380 10.992
 46    14.683 53821.75873538 25.09  46.031205  51.504610 10.992
 46    15.009 53821.75873602 23.81  46.029705  51.507840 10.992
 46    15.224 53821.75873667 27.47  46.028215  51.511070 10.992
 46    15.452 53821.75873731 31.49  46.026708  51.514300  8.063
 46    15.696 53821.75873796 30.82  46.025208  51.517520  8.063
 47    15.728 53856.75882107 33.61  46.021103  51.481116 22.568
 47    15.697 53856.75882171 32.26  46.019603  51.484346 22.568
 47    15.636 53856.75882236 33.61  46.018103  51.487576 22.568
 47    15.540 53856.75882300 33.38  46.016603  51.490806 22.568
 47    15.541 53856.75882365 33.99  46.015103  51.494036 22.568
 47    15.487 53856.75882429 34.36  46.013603  51.497256 22.568
 47    15.525 53856.75882493 34.39  46.012103  51.500486 22.568
 47    15.533 53856.75882558 34.46  46.010603  51.503716 22.568
 47    15.646 53856.75882622 33.26  46.009103  51.506946 22.568
 47    15.660 53856.75882687 32.44  46.007603  51.510166 22.568
 48    15.023 53891.75883427 28.26  46.029495  51.485798 19.866
 48    14.781 53891.75883491 28.43  46.027995  51.489028 19.866
 48    14.661 53891.75883555 28.02  46.026495  51.492248 19.866
 48    14.766 53891.75883620 28.10  46.024995  51.495478 19.866
 48    14.830 53891.75883684 28.35  46.023505  51.498708 19.866
 48    14.913 53891.75883749 28.49  46.022005  51.501938 19.866
 48    15.062 53891.75883813 28.41  46.020495  51.505158 19.866
 48    15.097 53891.75883878 27.97  46.018997  51.508395  2.762
 48    15.076 53891.75883942 27.54  46.017497  51.511615  2.762
 48    15.034 53891.75884007 26.64  46.015997  51.514845  2.762
 49    14.929 53926.75889440 31.03  46.018758  51.477156 29.939
 49    14.734 53926.75889504 24.25  46.017258  51.480386 29.939
 49    14.286 53926.75889569 24.27  46.015758  51.483616 29.939
 49    14.439 53926.75889633 24.22  46.014258  51.486846 29.939
 49    14.807 53926.75889698 24.05  46.012758  51.490076 29.939
 49    15.076 53926.75889762 26.75  46.011268  51.493296 29.939
 49    14.884 53926.75889827 22.61  46.009768  51.496526 29.939
 49    14.763 53926.75889891 22.27  46.008268  51.499756 29.939
 49    14.766 53926.75889955 21.54  46.006768  51.502986 29.939
 49    14.820 53926.75890020 23.14  46.005268  51.506216 29.939
 49    14.959 53926.75890084 26.68  46.003760  51.509445  4.069
 50    15.971 53961.75888031 38.32  46.025115  51.482686 21.323
 50    15.423 53961.75888096 38.12  46.023615  51.485916 21.323
 50    15.016 53961.75888160 39.70  46.022125  51.489146 21.323
 50    15.077 53961.75888225 38.68  46.020625  51.492376 21.323
 50    14.948 53961.75888289 38.84  46.019125  51.495606 21.323
 50    14.917 53961.75888354 38.11  46.017625  51.498826 21.323
 50    15.085 53961.75888418 38.97  46.016125  51.502056 21.323
 50    15.335 53961.75888483 40.74  46.014625  51.505286 21.323
 50    15.406 53961.75888547 41.82  46.013125  51.508516 21.323
 50    15.298 53961.75888612 39.77  46.011627  51.511746  3.806
 51    15.077 53996.75882232 23.63  46.019796  51.479955 25.488
 51    14.641 53996.75882296 21.21  46.018296  51.483185 25.488
 51    14.381 53996.75882361 19.07  46.016796  51.486415 25.488
 51    14.889 53996.75882425 19.94  46.015296  51.489635 25.488
 51    15.181 53996.75882490 18.41  46.013796  51.492865 25.488
 51    15.198 53996.75882554 18.66  46.012296  51.496095 25.488
 51    15.092 53996.75882619 17.54  46.010796  51.499325 25.488
 51    15.125 53996.75882683 15.94  46.009296  51.502555 25.488
 51    15.141 53996.75882748 15.21  46.007786  51.505775 25.488
 51    15.180 53996.75882812 14.07  46.006285  51.509008  4.499
 52    14.796 54031.75887524 30.19  46.025494  51.483617 23.751
 52    13.358 54031.75887589 29.12  46.023994  51.486847 23.751
 52    13.556 54031.75887653 28.73  46.022494  51.490077 23.751
 52    13.972 54031.75887718 30.54  46.020994  51.493307 23.751
 52    14.570 54031.75887782 31.12  46.019494  51.496527 23.751
 52    15.005 54031.75887847 32.13  46.017994  51.499757 23.751
 52    15.127 54031.75887911 32.13  46.016494  51.502987 23.751
 52    15.166 54031.75887976 32.88  46.014994  51.506217 23.751
 52    15.236 54031.75888040 33.94  46.013494  51.509437 23.751
 52    15.351 54031.75888105 33.46  46.011996  51.512673  4.238
 53    15.164 54066.75886927 27.70  46.030439  51.486436 25.396
 53    14.900 54066.75886992 24.90  46.028939  51.489666 25.396
 53    14.651 54066.75887056 19.36  46.027449  51.492896 25.396
 53    14.177 54066.75887121 17.30  46.025949  51.496116 25.396
 53    14.860 54066.75887185 15.11  46.024449  51.499346 25.396
 53    14.830 54066.75887250 14.58  46.022949  51.502576 25.396
 53    15.119 54066.75887314 13.53  46.021449  51.505806 25.396
 53    15.083 54066.75887379 12.31  46.019949  51.509026 25.396
 53    15.066 54066.75887443 11.48  46.018446  51.512262  2.180
 53    14.995 54066.75887507 10.50  46.016946  51.515492  2.180
 54    15.482 54101.75883082 44.90  46.031862  51.487335 27.905
 54    15.535 54101.75883146 44.61  46.030372  51.490565 27.905
 54    15.467 54101.75883211 45.59  46.028872  51.493795 27.905
 54    15.442 54101.75883275 47.20  46.027372  51.497015 27.905
 54    15.555 54101.75883340 45.38  46.025872  51.500245 27.905
 54    15.473 54101.75883404 49.73  46.024372  51.503475 27.905
 54    15.417 54101.75883469 51.13  46.022872  51.506705 27.905
 54    15.457 54101.75883533 47.78  46.021372  51.509925 27.905
 54    15.532 54101.75883598 51.12  46.019878  51.513163  8.887
 55    15.371 54136.75879623 31.09  46.023699  51.481158 11.928
 55    15.379 54136.75879688 32.24  46.022199  51.484388 11.928
 55    15.375 54136.75879752 32.40  46.020699  51.487618 11.928
 55    15.373 54136.75879817 33.36  46.019199  51.490848 11.928
 55    15.321 54136.75879881 31.63  46.017699  51.494068 11.928
 55    15.562 54136.75879945 33.41  46.016199  51.497298 11.928
 55    15.623 54136.75880010 38.66  46.014699  51.500528 11.928
 55    15.620 54136.75880074 44.37  46.013199  51.503758 11.928
 55    15.354 54136.75880139 33.59  46.011699  51.506978 11.928
 55    15.516 54136.75880203 33.29  46.010202  51.510214  4.339
 56    15.397 54171.75880752 18.83  46.029634  51.487096  4.354
 56    15.371 54171.75880817 18.12  46.028134  51.490326  4.354
 56    15.248 54171.75880881 18.35  46.026634  51.493546  4.354
 56    15.284 54171.75880946 17.58  46.025134  51.496776  4.354
 56    15.240 54171.75881010 18.47  46.023634  51.500006  4.354
 56    15.347 54171.75881075 20.58  46.022134  51.503236  4.354
 56    15.098 54171.75881139 16.91  46.020634  51.506466  4.354
 56    15.039 54171.75881203 17.01  46.019139  51.509694  2.729
 56    15.227 54171.75881268 18.57  46.017639  51.512914  2.729
 57    16.357 54206.75880138 35.36  46.021966  51.481199 26.901
 57    16.298 54206.75880203 35.52  46.020466  51.484429 26.901
 57    16.245 54206.75880267 35.80  46.018966  51.487649 26.901
 57    16.205 54206.75880332 35.60  46.017466  51.490879 26.901
 57    16.191 54206.75880396 35.60  46.015966  51.494109 26.901
 57    16.115 54206.75880461 35.50  46.014466  51.497339 26.901
 57    16.365 54206.75880525 35.33  46.012966  51.500569 26.901
 57    16.527 54206.75880590 35.94  46.011466  51.503789 26.901
 57    16.495 54206.75880654 33.81  46.009962  51.507023  3.336
 57    16.520 54206.75880719 33.38  46.008462  51.510253  3.336
 58    15.665 54241.75883519 30.24  46.026478  51.485945 21.816
 58    15.509 54241.75883584 29.59  46.024978  51.489175 21.816
 58    15.399 54241.75883648 29.75  46.023478  51.492395 21.816
 58    15.488 54241.75883713 28.86  46.021988  51.495625 21.816
 58    15.554 54241.75883777 29.42  46.020488  51.498855 21.816
 58    15.728 54241.75883842 28.76  46.018988  51.502085 21.816
 58    15.681 54241.75883906 28.65  46.017488  51.505315 21.816
 58    15.855 54241.75883971 28.21  46.015983  51.508543  2.293
 58    15.785 54241.75884035 27.31  46.014483  51.511763  2.293
 59    16.157 54276.75884920 24.20  46.027410  51.483461 21.728
 59    14.761 54276.75884985 21.38  46.025910  51.486691 21.728
 59    14.492 54276.75885049 18.63  46.024410  51.489921 21.728
 59    14.435 54276.75885114 18.78  46.022920  51.493141 21.728
 59    14.825 54276.75885178 17.42  46.021420  51.496371 21.728
 59    14.737 54276.75885243 17.61  46.019920  51.499601 21.728
 59    14.944 54276.75885307 16.74  46.018420  51.502831 21.728
 59    19.778 54276.75885372 15.38  46.016920  51.506061 21.728
 59    21.237 54276.75885436 15.42  46.015414  51.509289  2.888
 59    21.271 54276.75885501 15.89  46.013914  51.512509  2.888
 60    15.291 54311.75885013 32.54  46.028021  51.484667 25.353
 60    15.259 54311.75885078 33.60  46.026521  51.487897 25.353
 60    15.232 54311.75885142 33.70  46.025021  51.491127 25.353
 60    15.068 54311.75885207 34.98  46.023521  51.494347 25.353
 60    15.014 54311.75885271 35.64  46.022031  51.497577 25.353
 60    15.131 54311.75885336 35.69  46.020531  51.500807 25.353
 60    15.210 54311.75885400 34.73  46.019031  51.504037 25.353
 60    15.189 54311.75885465 34.70  46.017531  51.507257 25.353
 60    15.073 54311.75885529 33.86  46.016025  51.510494  2.989
 60    15.141 54311.75885594 32.84  46.014525  51.513714  2.989
 61    15.283 54346.75882399 26.07  46.032521  51.488396 25.783
 61    14.427 54346.75882464 22.02  46.031021  51.491626 25.783
 61    14.171 54346.75882528 19.51  46.029521  51.494846 25.783
 61    14.370 54346.75882593 18.23  46.028021  51.498076 25.783
 61    14.460 54346.75882657 17.22  46.026521  51.501306 25.783
 61    14.630 54346.75882722 17.36  46.025021  51.504536 25.783
 61    14.767 54346.75882786 16.77  46.023521  51.507766 25.783
 61    14.908 54346.75882850 16.06  46.022019  51.510995  2.172
 61    15.306 54346.75882915 15.46  46.020519  51.514215  2.172
 62    16.084 54381.75878660 26.31  46.024856  51.481924 18.050
 62    14.610 54381.75878724 21.38  46.023356  51.485154 18.050
 62    14.884 54381.75878789 22.28  46.021856  51.488384 18.050
 62    15.024 54381.75878853 19.12  46.020356  51.491604 18.050
 62    15.200 54381.75878918 17.62  46.018856  51.494834 18.050
 62    15.246 54381.75878982 15.93  46.017356  51.498064 18.050
 62    15.201 54381.75879047 15.48  46.015856  51.501294 18.050
 62    19.618 54381.75879111 14.55  46.014356  51.504524 18.050
 63    15.062 54416.75877261 28.86  46.029567  51.486497 25.675
 63    14.834 54416.75877325 25.31  46.028067  51.489727 25.675
 63    14.574 54416.75877390 21.14  46.026577  51.492957 25.675
 63    14.218 54416.75877454 20.68  46.025077  51.496177 25.675
 63    13.617 54416.75877519 21.37  46.023577  51.499407 25.675
 63    12.897 54416.75877583 20.12  46.022077  51.502637 25.675
 63    12.251 54416.75877648 19.06  46.020577  51.505867 25.675
 63    11.430 54416.75877712 18.81  46.019077  51.509087 25.675
 63    10.991 54416.75877777 17.55  46.017577  51.512324  2.925
 64    15.476 54451.75875549 36.83  46.022420  51.481156  8.599
 64    15.203 54451.75875613 32.74  46.020920  51.484386  8.599
 64    15.315 54451.75875678 32.06  46.019420  51.487616  8.599
 64    15.163 54451.75875742 33.29  46.017920  51.490836  8.599
 64    15.185 54451.75875807 33.74  46.016420  51.494066  8.599
 64    15.199 54451.75875871 33.48  46.014920  51.497296  8.599
 64    15.201 54451.75875936 33.33  46.013420  51.500526  8.599
 64    15.261 54451.75876000 34.62  46.011920  51.503756  8.599
 64    15.300 54451.75876064 34.77  46.010420  51.506976  8.599
 64    15.350 54451.75876129 32.77  46.008921  51.510211  3.453
 65    15.133 54486.75876936 21.57  46.028419  51.486315  4.721
 65    15.302 54486.75877001 21.93  46.026919  51.489545  4.721
 65    15.270 54486.75877065 21.64  46.025429  51.492775  4.721
 65    15.220 54486.75877130 23.03  46.023929  51.495995  4.721
 65    15.166 54486.75877194 22.91  46.022429  51.499225  4.721
 65    15.143 54486.75877258 22.77  46.020929  51.502455  4.721
 65    15.202 54486.75877323 22.48  46.019429  51.505685  4.721
 65    15.157 54486.75877387 21.91  46.017929  51.508905  4.721
 65    15.168 54486.75877452 21.04  46.016422  51.512142  2.425
 66    15.635 54521.75876883 40.66  46.026158  51.482370 18.048
 66    15.674 54521.75876948 43.64  46.024658  51.485590 18.048
 66    16.002 54521.75877012 41.32  46.023158  51.488820 18.048
 66    15.546 54521.75877077 43.40  46.021658  51.492050 18.048
 66    15.497 54521.75877141 44.11  46.020158  51.495280 18.048
 66    15.489 54521.75877206 43.16  46.018658  51.498500 18.048
 66    15.410 54521.75877270 41.35  46.017155  51.501736  8.871
 66    15.300 54521.75877335 41.36  46.015655  51.504956  8.871
 66    15.426 54521.75877399 41.07  46.014155  51.508186  8.871
 66    15.315 54521.75877464 42.89  46.012655  51.511416  8.871
 67    14.951 54556.75878002 26.82  46.030210  51.487239 32.338
 67    14.384 54556.75878067 20.65  46.028710  51.490469 32.338
 67    14.512 54556.75878131 18.18  46.027210  51.493699 32.338
 67    14.500 54556.75878196 16.87  46.025710  51.496929 32.338
 67    14.439 54556.75878260 16.79  46.024210  51.500159 32.338
 67    14.539 54556.75878324 17.16  46.022712  51.503388  2.468
 67    14.555 54556.75878389 15.41  46.021212  51.506608  2.468
 67    14.665 54556.75878453 15.59  46.019712  51.509838  2.468
 67    15.008 54556.75878518 15.15  46.018212  51.513068  2.468
 68    16.076 54591.75876520 32.56  46.025857  51.482436 22.662
 68    15.933 54591.75876585 30.39  46.024357  51.485656 22.662
 68    15.967 54591.75876649 30.60  46.022857  51.488886 22.662
 68    15.834 54591.75876713 30.88  46.021357  51.492116 22.662
 68    15.869 54591.75876778 30.77  46.019857  51.495346 22.662
 68    15.861 54591.75876842 31.07  46.018357  51.498576 22.662
 68    16.046 54591.75876907 31.11  46.016857  51.501805  2.699
 68    16.064 54591.75876971 30.08  46.015357  51.505025  2.699
 68    16.189 54591.75877036 29.62  46.013857  51.508255  2.699
 68    16.144 54591.75877100 29.96  46.012357  51.511485  2.699
 69    14.033 54626.75878146 32.11  46.027251  51.486267 31.808
 69    14.019 54626.75878211 24.84  46.025751  51.489487 31.808
 69    13.667 54626.75878275 22.51  46.024251  51.492717 31.808
 69    14.171 54626.75878340 19.19  46.022751  51.495947 31.808
 69    14.306 54626.75878404 18.12  46.021251  51.499177 31.808
 69    14.441 54626.75878469 17.95  46.019756  51.502406  2.111
 69    14.482 54626.75878533 17.60  46.018256  51.505626  2.111
 69    14.700 54626.75878598 16.74  46.016756  51.508856  2.111
 69    14.713 54626.75878662 16.46  46.015256  51.512086  2.111
 70    15.055 54661.75878865 27.69  46.024855  51.482722 25.757
 70    14.589 54661.75878930 22.86  46.023355  51.485942 25.757
 70    14.281 54661.75878994 21.93  46.021855  51.489172 25.757
 70    14.661 54661.75879059 22.28  46.020355  51.492402 25.757
 70    14.467 54661.75879123 23.44  46.018855  51.495632 25.757
 70    14.501 54661.75879188 23.36  46.017355  51.498862 25.757
 70    14.515 54661.75879252 25.69  46.015856  51.502089  5.103
 70    14.844 54661.75879316 24.13  46.014356  51.505309  5.103
 70    15.067 54661.75879381 23.19  46.012856  51.508539  5.103
 70    15.197 54661.75879445 27.02  46.011356  51.511769  5.103
 71    15.060 54696.75876571 23.59  46.031084  51.487934 28.646
 71    14.239 54696.75876636 23.05  46.029584  51.491154 28.646
 71    14.625 54696.75876700 17.99  46.028084  51.494384 28.646
 71    14.728 54696.75876764 17.78  46.026584  51.497614 28.646
 71    14.548 54696.75876829 17.51  46.025094  51.500844 28.646
 71    14.646 54696.75876893 17.24  46.023585  51.504074  2.311
 71    14.814 54696.75876958 17.14  46.022085  51.507294  2.311
 71    14.707 54696.75877022 16.65  46.020585  51.510524  2.311
 71    14.596 54696.75877087 16.64  46.019085  51.513754  2.311
 72    15.029 54731.75874493 25.26  46.023515  51.482666 29.320
 72    14.484 54731.75874557 21.37  46.022015  51.485886 29.320
 72    13.493 54731.75874622 19.62  46.020515  51.489116 29.320
 72    14.855 54731.75874686 15.51  46.019025  51.492346 29.320
 72    14.866 54731.75874751 15.28  46.017525  51.495576 29.320
 72    14.770 54731.75874815 14.91  46.016025  51.498806 29.320
 72    15.115 54731.75874880 12.58  46.014518  51.502033  2.853
 72    15.138 54731.75874944 11.59  46.013018  51.505253  2.853
 72    15.456 54731.75875008 10.61  46.011518  51.508483  2.853
 72    15.826 54731.75875073 10.03  46.010018  51.511713  2.853
 73    15.691 54766.75874365 31.13  46.028471  51.483606 28.217
 73    15.017 54766.75874430 24.96  46.026971  51.486826 28.217
 73    14.794 54766.75874494 24.15  46.025471  51.490056 28.217
 73    14.627 54766.75874559 24.09  46.023971  51.493286 28.217
 73    14.421 54766.75874623 24.38  46.022471  51.496516 28.217
 73    14.300 54766.75874688 25.13  46.020971  51.499736 28.217
 73    14.209 54766.75874752 24.91  46.019475  51.502973  2.589
 73    14.297 54766.75874816 24.35  46.017975  51.506193  2.589
 73    14.193 54766.75874881 23.76  46.016475  51.509423  2.589
 73    14.889 54766.75874945 23.25  46.014975  51.512653  2.589
 74    15.387 54801.75873837 24.14  46.022291  51.481422 25.153
 74    14.126 54801.75873902 22.20  46.020791  51.484642 25.153
 74    15.006 54801.75873966 18.52  46.019291  51.487872 25.153
 74    14.822 54801.75874030 18.62  46.017791  51.491102 25.153
 74    14.883 54801.75874095 17.74  46.016291  51.494332 25.153
 74    15.099 54801.75874159 16.27  46.014791  51.497552 25.153
 74    15.145 54801.75874224 15.63  46.013285  51.500786  4.183
 74    15.136 54801.75874288 16.01  46.011785  51.504016  4.183
 74    15.006 54801.75874353 14.91  46.010285  51.507236  4.183
 74    19.771 54801.75874417 13.84  46.008785  51.510466  4.183
 75    15.433 54836.75873620 37.07  46.028118  51.483782 14.785
 75    15.444 54836.75873685 39.02  46.026618  51.487002 14.785
 75    15.480 54836.75873749 38.24  46.025118  51.490232 14.785
 75    15.367 54836.75873814 38.27  46.023618  51.493462 14.785
 75    15.430 54836.75873878 37.29  46.022118  51.496692 14.785
 75    15.385 54836.75873943 35.89  46.020618  51.499922 14.785
 75    15.763 54836.75874007 35.62  46.019122  51.503150  4.470
 75    15.633 54836.75874072 33.73  46.017622  51.506370  4.470
 75    15.655 54836.75874136 32.39  46.016122  51.509600  4.470
 75    15.609 54836.75874201 31.13  46.014622  51.512830  4.470
 76    15.461 54871.75873690 26.09  46.023507  51.482136  7.240
 76    15.526 54871.75873755 25.23  46.022017  51.485366  7.240
 76    15.504 54871.75873819 25.03  46.020517  51.488596  7.240
 76    15.343 54871.75873884 25.69  46.019017  51.491826  7.240
 76    15.301 54871.75873948 24.43  46.017517  51.495056  7.240
 76    15.184 54871.75874013 24.38  46.016017  51.498276  7.240
 76    15.281 54871.75874077 23.43  46.014511  51.501512  2.966
 76    15.344 54871.75874142 22.87  46.013011  51.504732  2.966
 76    15.429 54871.75874206 22.55  46.011511  51.507962  2.966
 76    15.619 54871.75874270 20.99  46.010011  51.511192  2.966
 77    15.581 54906.75874435 24.49  46.030334  51.486847  8.445
 77    15.553 54906.75874500 24.17  46.028834  51.490077  8.445
 77    15.481 54906.75874564 24.60  46.027344  51.493307  8.445
 77    15.362 54906.75874629 24.45  46.025844  51.496537  8.445
 77    15.304 54906.75874693 24.23  46.024344  51.499757  8.445
 77    15.437 54906.75874758 25.01  46.022841  51.502994  6.163
 77    15.451 54906.75874822 23.86  46.021341  51.506214  6.163
 77    15.417 54906.75874887 24.43  46.019841  51.509444  6.163
 77    15.347 54906.75874951 24.00  46.018341  51.512674  6.163
 78    15.774 54941.75872958 27.92  46.023636  51.481024 34.639
 78    15.375 54941.75873023 25.52  46.022136  51.484244 34.639
 78    15.107 54941.75873087 24.70  46.020636  51.487474 34.639
 78    15.235 54941.75873152 22.86  46.019136  51.490704 34.639
 78    15.147 54941.75873216 23.01  46.017636  51.493934 34.639
 78    14.695 54941.75873281 24.61  46.016136  51.497154 34.639
 78    14.767 54941.75873345 23.08  46.014632  51.500391  2.992
 78    14.731 54941.75873410 23.86  46.013132  51.503611  2.992
 78    13.808 54941.75873474 23.63  46.011632  51.506841  2.992
 78    15.176 54941.75873539 23.09  46.010132  51.510071  2.992
 79    16.772 54976.75875804 24.89  46.026144  51.482932 27.270
 79    15.926 54976.75875868 22.86  46.024644  51.486152 27.270
 79    14.519 54976.75875933 20.66  46.023144  51.489382 27.270
 79    14.091 54976.75875997 20.60  46.021644  51.492612 27.270
 79    14.776 54976.75876062 19.82  46.020144  51.495842 27.270
 79    15.001 54976.75876126 18.30  46.018644  51.499072 27.270
 79    15.232 54976.75876191 17.61  46.017145  51.502301  2.647
 79    19.399 54976.75876255 16.53  46.015645  51.505521  2.647
 79    20.102 54976.75876320 15.91  46.014145  51.508751  2.647
 79    21.883 54976.75876384 15.69  46.012645  51.511981  2.647
 80    14.484 55011.75876732 28.14  46.026875  51.486527 29.954
 80    12.840 55011.75876797 23.35  46.025375  51.489757 29.954
 80    13.814 55011.75876861 20.77  46.023875  51.492987 29.954
 80    13.881 55011.75876926 21.22  46.022375  51.496217 29.954
 80    14.231 55011.75876990 19.37  46.020875  51.499447 29.954
 80    14.444 55011.75877055 19.18  46.019381  51.502675  2.357
 80    14.764 55011.75877119 18.73  46.017881  51.505895  2.357
 80    15.124 55011.75877184 17.86  46.016381  51.509125  2.357
 80    15.175 55011.75877248 17.62  46.014881  51.512355  2.357
 81    15.522 55046.75875859 29.35  46.027292  51.483046 26.996
 81    14.844 55046.75875923 26.36  46.025792  51.486266 26.996
 81    14.549 55046.75875988 25.91  46.024292  51.489496 26.996
 81    14.270 55046.75876052 26.75  46.022792  51.492726 26.996
 81    14.081 55046.75876117 28.61  46.021292  51.495956 26.996
 81    14.400 55046.75876181 28.13  46.019792  51.499186 26.996
 81    14.612 55046.75876246 28.29  46.018293  51.502413  3.614
 81    14.694 55046.75876310 27.51  46.016793  51.505633  3.614
 81    14.780 55046.75876375 26.98  46.015293  51.508863  3.614
 81    14.935 55046.75876439 28.12  46.013793  51.512093  3.614
 82    15.288 55081.75873194 25.89  46.032132  51.488102 30.142
 82    14.785 55081.75873258 23.30  46.030632  51.491322 30.142
 82    14.105 55081.75873323 20.29  46.029132  51.494552 30.142
 82    14.642 55081.75873387 15.94  46.027642  51.497782 30.142
 82    14.834 55081.75873452 14.99  46.026142  51.501012 30.142
 82    14.986 55081.75873516 14.77  46.024637  51.504243  2.602
 82    15.027 55081.75873581 14.69  46.023137  51.507463  2.602
 82    15.020 55081.75873645 14.72  46.021637  51.510693  2.602
 82    15.031 55081.75873710 14.39  46.020137  51.513923  2.602
 83    15.105 55116.75869032 27.24  46.024919  51.482542 23.097
 83    14.712 55116.75869096 22.78  46.023429  51.485762 23.097
 83    14.753 55116.75869160 21.54  46.021929  51.488992 23.097
 83    14.839 55116.75869225 21.85  46.020429  51.492222 23.097
 83    15.014 55116.75869289 19.81  46.018929  51.495452 23.097
 83    15.125 55116.75869354 19.65  46.017429  51.498672 23.097
 83    14.944 55116.75869418 18.82  46.015924  51.501907  2.311
 83    14.986 55116.75869483 18.41  46.014424  51.505127  2.311
 83    14.918 55116.75869547 18.13  46.012924  51.508357  2.311
 83    15.147 55116.75869612 17.37  46.011424  51.511587  2.311
 85    14.830 55186.75867670 33.74  46.022762  51.481657 18.171
 85    14.899 55186.75867734 33.11  46.021262  51.484877 18.171
 85    14.877 55186.75867799 35.25  46.019772  51.488107 18.171
 85    14.870 55186.75867863 34.58  46.018272  51.491337 18.171
 85    14.929 55186.75867928 33.63  46.016772  51.494567 18.171
 85    14.964 55186.75867992 34.10  46.015272  51.497787 18.171
 85    14.977 55186.75868057 35.41  46.013766  51.501023  4.927
 85    14.925 55186.75868121 34.48  46.012266  51.504243  4.927
 85    14.908 55186.75868185 31.87  46.010766  51.507473  4.927
 85    14.930 55186.75868250 32.51  46.009266  51.510703  4.927
 86    14.820 55221.75868710 26.76  46.028781  51.483599  6.231
 86    14.875 55221.75868775 26.04  46.027281  51.486829  6.231
 86    14.880 55221.75868839 26.20  46.025781  51.490049  6.231
 86    14.756 55221.75868904 26.44  46.024281  51.493279  6.231
 86    14.723 55221.75868968 26.63  46.022781  51.496509  6.231
 86    14.679 55221.75869032 26.17  46.021281  51.499739  6.231
 86    14.765 55221.75869097 25.35  46.019788  51.502967  2.587
 86    14.867 55221.75869161 24.46  46.018288  51.506187  2.587
 86    14.903 55221.75869226 23.50  46.016788  51.509417  2.587
 86    14.906 55221.75869290 22.82  46.015278  51.512647  2.587
 87    15.348 55256.75867261 14.29  46.026183  51.482835  4.580
 87    15.307 55256.75867326 13.87  46.024683  51.486065  4.580
 87    15.310 55256.75867390 13.96  46.023183  51.489295  4.580
 87    15.310 55256.75867455 13.96  46.021683  51.492525  4.580
 87    15.255 55256.75867519 13.86  46.020183  51.495755  4.580
 87    15.217 55256.75867584 14.55  46.018683  51.498975  4.580
 87    15.108 55256.75867648 14.61  46.017181  51.502209  2.854
 87    15.208 55256.75867713 15.07  46.015681  51.505439  2.854
 87    15.341 55256.75867777 15.56  46.014181  51.508659  2.854
 87    15.456 55256.75867841 15.50  46.012681  51.511889  2.854
 88    15.497 55291.75867633 35.37  46.030987  51.487625 21.136
 88    15.517 55291.75867697 38.86  46.029487  51.490855 21.136
 88    15.898 55291.75867761 30.96  46.027987  51.494085 21.136
 88    15.386 55291.75867826 31.56  46.026497  51.497315 21.136
 88    15.477 55291.75867890 34.58  46.024997  51.500545 21.136
 88    15.386 55291.75867955 33.83  46.023492  51.503774  9.264
 88    15.413 55291.75868019 34.91  46.021992  51.506994  9.264
 88    15.134 55291.75868084 30.49  46.020492  51.510224  9.264
 88    15.347 55291.75868148 28.82  46.018992  51.513454  9.264
 89    16.257 55326.75865766 30.07  46.025184  51.482998 26.574
 89    15.868 55326.75865830 25.63  46.023684  51.486218 26.574
 89    15.631 55326.75865895 24.04  46.022184  51.489448 26.574
 89    15.974 55326.75865959 23.71  46.020684  51.492678 26.574
 89    16.032 55326.75866024 21.90  46.019184  51.495908 26.574
 89    16.141 55326.75866088 21.17  46.017684  51.499138 26.574
 89    16.275 55326.75866152 21.17  46.016185  51.502367  2.126
 89    16.084 55326.75866217 20.60  46.014685  51.505587  2.126
 89    16.009 55326.75866281 20.01  46.013185  51.508817  2.126
 89    15.768 55326.75866346 19.70  46.011685  51.512047  2.126
 90    14.156 55361.75865443 26.95  46.028305  51.486733 28.670
 90    14.198 55361.75865508 23.42  46.026805  51.489963 28.670
 90    13.874 55361.75865572 22.80  46.025305  51.493193 28.670
 90    12.582 55361.75865637 24.29  46.023805  51.496423 28.670
 90    13.091 55361.75865701 24.21  46.022305  51.499653 28.670
 90    13.658 55361.75865766 23.29  46.020803  51.502882  3.821
 90    13.933 55361.75865830 23.00  46.019303  51.506102  3.821
 90    19.622 55361.75865895 22.79  46.017813  51.509332  3.821
 90    20.336 55361.75865959 23.28  46.016303  51.512562  3.821
 91    14.891 55396.75866073 25.76  46.023715  51.482129 25.839
 91    14.305 55396.75866137 21.48  46.022225  51.485359 25.839
 91    14.320 55396.75866201 17.57  46.020725  51.488589 25.839
 91    14.602 55396.75866266 19.22  46.019225  51.491819 25.839
 91    14.634 55396.75866330 18.17  46.017725  51.495049 25.839
 91    14.422 55396.75866395 21.10  46.016225  51.498269 25.839
 91    14.876 55396.75866459 17.68  46.014720  51.501505  3.669
 91    14.821 55396.75866524 17.76  46.013220  51.504725  3.669
 91    14.739 55396.75866588 17.31  46.011720  51.507955  3.669
 91    14.672 55396.75866653 17.48  46.010220  51.511185  3.669
 92    14.669 55431.75866957 26.41  46.027808  51.486057 28.720
 92    14.381 55431.75867022 25.27  46.026318  51.489277 28.720
 92    13.983 55431.75867086 25.46  46.024818  51.492507 28.720
 92    14.035 55431.75867151 25.80  46.023318  51.495737 28.720
 92    14.153 55431.75867215 25.24  46.021818  51.498967 28.720
 92    14.349 55431.75867280 24.76  46.020318  51.502197 28.720
 92    14.350 55431.75867344 24.80  46.018816  51.505425  3.281
 92    14.498 55431.75867408 23.60  46.017316  51.508645  3.281
 92    14.603 55431.75867473 23.58  46.015816  51.511875  3.281
 93    14.480 55466.75862970 30.24  46.034511  51.488608 27.583
 93    14.311 55466.75863035 29.00  46.033011  51.491828 27.583
 93    14.267 55466.75863099 29.14  46.031521  51.495058 27.583
 93    14.244 55466.75863164 30.86  46.030021  51.498288 27.583
 93    14.341 55466.75863228 30.26  46.028521  51.501518 27.583
 93    14.364 55466.75863293 29.99  46.027018  51.504739  3.684
 93    14.366 55466.75863357 29.71  46.025518  51.507969  3.684
 93    14.529 55466.75863421 29.73  46.024018  51.511199  3.684
 93    14.368 55466.75863486 29.39  46.022518  51.514429  3.684
