# NaN NaN NaN ;Mean Elev.(m), Avg Gradient(m/km), RMS Gradient(m/km) - SRTM1     
#  -26.069  -2.643   4.022 ;Mean Elev.(m), Avg Gradient(m/km), RMS Gradient(m/km) - ASTER GDEM
#  -19.702   0.038   1.919 ;Mean Elev.(m), Avg Gradient(m/km), RMS Gradient(m/km) - GMTED2010 
  8  46.134358  47.957346   -18.337   -18.315  6 52496.31508388 43.849
 11  46.129402  47.968730   -18.388   -18.381  3 52601.31510309 43.419
 12  46.135286  47.956273   -15.772   -15.759  6 52636.31506873 28.343
 13  46.131478  47.959985   -15.910   -15.918  5 52671.31507384 48.785
 15  46.130240  47.963469   -17.402   -17.453  5 52741.31510309 15.107
 16  46.131225  47.961736   -12.889   -12.888  5 52776.31504726 34.985
 17  46.135843  47.956857   -17.798   -17.996  6 52811.31512511 45.543
 19  46.131616  47.958726   -18.370   -18.255  5 52881.31521721 30.959
 20  46.131959  47.958684   -18.229   -18.392  6 52916.31517448 31.103
 23  46.133916  47.958265   -16.807   -16.812  7 53021.31514367 43.782
 27  46.130413  47.962799   -14.621   -14.621  5 53161.31520288 32.580
 28  46.135293  47.957102   -17.198   -17.174  7 53196.31520191 45.751
 31  46.130632  47.963248   -18.711   -18.718  5 53301.31520442 16.928
 32  46.132007  47.958359   -18.079   -18.175  5 53336.31517591 19.982
 33  46.130445  47.963672   -17.249   -17.239  5 53371.31511194 49.656
 35  46.129575  47.964191   -14.448   -14.444  4 53441.31513373 25.421
 36  46.132304  47.959908   -16.333   -16.331  6 53476.31520174 49.184
 38  46.129791  47.965320   -16.801   -17.466  4 53546.31523170 25.426
 39  46.131261  47.960878   -18.040   -18.149  5 53581.31520564 17.430
 42  46.130501  47.963506   -18.926   -18.908  4 53686.31518106 42.258
 45  46.135441  47.956579   -16.757   -16.757  6 53791.31506400 34.433
 50  46.128867  47.968733   -18.938   -18.938  2 53966.31516024 23.621
 53  46.133850  47.956739   -18.365   -18.418  7 54071.31515861 30.458
 54  46.129131  47.968519   -17.851   -17.851  2 54106.31510820 50.617
 55  46.137192  47.959406   -17.715   -17.671  4 54141.31509110 23.905
 56  46.130516  47.962976   -16.436   -16.431  4 54176.31509052 42.435
 57  46.134773  47.957643   -13.920   -13.992  7 54211.31509841 21.375
 58  46.134447  47.958279   -13.912   -13.903  7 54246.31512784 35.180
 60  46.133830  47.958215   -18.073   -18.072  6 54316.31513727 47.615
 61  46.130626  47.961327   -18.445   -18.427  6 54351.31510393 20.282
 62  46.136167  47.957202   -18.559   -18.551  5 54386.31507656 18.451
 63  46.130870  47.961810   -18.731   -18.787  5 54421.31505378 16.921
 65  46.131539  47.957240   -16.578   -16.542  6 54491.31505609 25.230
 67  46.130356  47.961627   -18.687   -18.671  5 54561.31506355 36.597
 68  46.133008  47.956966   -13.332   -13.365  6 54596.31505789 33.381
 69  46.132537  47.958158   -18.283   -18.304  6 54631.31507162 31.197
 70  46.132323  47.959459   -18.430   -18.427  6 54666.31507746 42.143
 71  46.130632  47.959570   -18.577   -18.587  6 54701.31504584 31.906
 73  46.132368  47.958238   -19.054   -18.975  6 54771.31502709 20.435
 74  46.138778  47.962629   -18.368   -18.368  2 54806.31503029 21.278
 75  46.133287  47.957819   -14.677   -14.701  6 54841.31502268 28.241
 76  46.134433  47.958035   -14.559   -14.561  7 54876.31503276 46.485
 77  46.129860  47.965557   -17.112   -17.120  4 54911.31502675 44.879
 78  46.134302  47.956886   -15.912   -15.929  7 54946.31502519 50.301
 79  46.132728  47.959901   -14.544   -14.422  5 54981.31505090 19.991
 80  46.133309  47.958187   -18.385   -18.388  6 55016.31505240 49.954
 81  46.133626  47.957726   -18.607   -18.576  6 55051.31504691 25.470
 82  46.129788  47.965123   -18.341   -18.442  4 55086.31501074 15.298
 84  46.130713  47.961499   -19.017   -19.076  6 55156.31497171 17.925
 86  46.130974  47.960354   -15.916   -15.878  6 55226.31497260 25.222
 87  46.134616  47.957089   -16.255   -16.251  6 55261.31496650 26.440
 88  46.131273  47.963443   -18.811   -18.846  3 55296.31495674 16.318
 89  46.132132  47.960182   -12.765   -12.751  6 55331.31494616 40.933
 90  46.131890  47.958841   -18.949   -18.978  6 55366.31493966 30.340
 92  46.133043  47.956628   -19.086   -19.072  6 55436.31495704 44.621
 93  46.129815  47.963688   -19.533   -19.519  4 55471.31490767 21.190
