# NaN NaN NaN ;Mean Elev.(m), Avg Gradient(m/km), RMS Gradient(m/km) - SRTM1     
#   19.868  -2.365  13.533 ;Mean Elev.(m), Avg Gradient(m/km), RMS Gradient(m/km) - ASTER GDEM
#   23.093  -2.015  12.835 ;Mean Elev.(m), Avg Gradient(m/km), RMS Gradient(m/km) - GMTED2010 
  7  48.054777  52.288100    28.282    28.307 47 52461.31421950 13.121
  8  48.049704  52.287947    28.277    28.330 48 52496.31422066 12.159
  9  48.056764  52.288421    28.208    28.273 47 52531.31420641 13.346
 11  48.033013  52.273436    28.261    28.337 43 52601.31424502 43.564
 12  48.052552  52.288251    28.102    28.115 47 52636.31420518 26.752
 13  48.043327  52.282433    28.462    28.402 46 52671.31421223  8.087
 14  48.056421  52.289583    27.995    27.964 48 52706.31420718 11.668
 15  48.041388  52.284291   141.650   141.630 39 52741.31424180  4.536
 16  48.039160  52.277986    28.242    28.274 44 52776.31418694 26.050
 17  48.053279  52.288877    28.066    28.105 47 52811.31426156 24.478
 18  48.055433  52.289786    28.251    28.252 47 52846.31431659 12.503
 19  48.045222  52.284420    28.048    28.107 46 52881.31435496 34.440
 20  48.044746  52.284473    28.248    28.290 47 52916.31431222 12.394
 21  48.065107  52.292340    28.127    28.185 46 52951.31427086 14.232
 22  48.057845  52.289046    28.084    28.167 47 52986.31429063 37.105
 23  48.048454  52.287284    28.012    28.011 48 53021.31428077 26.751
 24  48.059581  52.288916    27.947    27.920 47 53056.31426974 14.656
 25  48.014578  52.246016    32.674    28.767 29 53091.31431679 32.691
 26  48.058252  52.290488    28.294    28.317 47 53126.31427762 12.604
 27  48.039763  52.278796    27.929    27.961 44 53161.31434256 13.486
 28  48.051814  52.289221    28.433    28.471 48 53196.31433837 12.392
 29  48.053934  52.289528    28.254    28.270 48 53231.31432120 14.414
 31  48.041238  52.280712    29.545    28.256 45 53301.31434377 11.464
 32  48.046066  52.285640    28.095    28.118 47 53336.31431333 16.154
 33  48.036895  52.276563    27.855    27.869 44 53371.31425227 25.737
 34  48.054560  52.288213    28.198    28.209 47 53406.31428516 23.339
 35  48.034640  52.273861    27.638    27.607 43 53441.31427470 14.436
 36  48.047202  52.287150    28.180    28.195 48 53476.31433916 29.494
 38  48.035706  52.274902    27.781    27.802 43 53546.31437266 13.332
 39  48.042883  52.283372    29.194    28.301 46 53581.31434403 10.401
 40  48.030573  52.272923    27.685    27.824 44 53616.31430127 17.880
 41  48.053414  52.288037    28.063    28.085 48 53651.31431222 12.883
 42  48.038023  52.276226    27.951    28.055 43 53686.31432138 16.190
 44  48.065093  52.292850    27.954    27.951 44 53756.31417247 28.128
 45  48.050848  52.287116    28.103    28.085 48 53791.31420078 17.889
 46  48.065660  52.293364    28.382    28.378 44 53826.31416014 24.247
 48  48.053600  52.289315    28.026    28.041 48 53896.31427149 13.212
 49  48.031075  52.272714    28.298    28.330 44 53931.31432602 13.530
 50  48.031812  52.271849    27.951    27.952 43 53966.31430249 20.579
 51  48.064995  52.292672    28.171    28.195 44 54001.31425866 34.258
 52  48.055450  52.289679    28.219    28.226 47 54036.31430032 11.544
 53  48.050204  52.288822    27.927    28.275 48 54071.31429506 46.360
 54  48.031277  52.271812    28.353    28.346 43 54106.31425046 40.567
 56  48.037420  52.275760    28.409    27.561 43 54176.31423084 11.008
 57  48.049454  52.284937    30.071    28.386 45 54211.31423583 11.467
 58  48.049690  52.287280    28.362    28.441 48 54246.31426495 18.480
 60  48.049371  52.288774    28.141    28.132 48 54316.31427405 27.057
 61  48.039704  52.279100    27.939    27.934 44 54351.31424329 19.526
 62  48.052954  52.289283    28.010    27.971 48 54386.31421301 12.080
 63  48.039346  52.277874    31.476    32.320 44 54421.31419345 12.393
 64  48.058252  52.290300    28.254    28.257 47 54456.31418547 31.791
 65  48.045268  52.284543    28.054    28.046 46 54491.31419351 17.379
 66  48.054495  52.288608    28.519    28.525 47 54526.31419875 37.202
 67  48.037981  52.276185    28.619    28.628 43 54561.31420355 51.233
 68  48.048753  52.287559    28.626    28.673 48 54596.31419467 39.174
 69  48.046761  52.285408    28.157    28.167 48 54631.31420904 24.486
 70  48.046648  52.286785    28.045    28.029 48 54666.31421488 12.443
 71  48.039535  52.277382    27.878    27.912 44 54701.31418520 13.646
 72  48.054650  52.288466    27.929    27.924 48 54736.31417418 13.491
 73  48.046194  52.285476    28.135    28.142 48 54771.31416451 12.875
 74  48.053277  52.288194    28.147    28.110 47 54806.31416803 11.532
 75  48.048930  52.288344    28.082    28.076 48 54841.31415946 30.441
 76  48.049711  52.286760    27.976    27.965 48 54876.31416986 19.720
 77  48.035290  52.275195    29.309    28.269 43 54911.31416772 11.617
 78  48.051301  52.289092    28.541    28.492 48 54946.31416165 16.277
 79  48.046274  52.285591    28.269    28.245 48 54981.31418865 12.108
 80  48.049047  52.288682    28.123    28.116 48 55016.31418917 15.051
 81  48.049289  52.288364    28.028    28.066 48 55051.31418368 12.093
 82  48.034991  52.274806    28.128    28.152 43 55086.31415171 18.397
 83  48.055411  52.289667    27.742    27.921 47 55121.31411763 21.089
 84  48.040033  52.279161    28.055    28.084 44 55156.31411107 11.187
 85  48.054486  52.289326    27.850    27.847 48 55191.31410700 24.631
 86  48.041013  52.279522    27.990    27.972 45 55226.31411164 16.614
 87  48.038856  52.263373    28.383    28.347 33 55261.31410812 13.494
 88  48.039771  52.279674    28.360    28.346 44 55296.31409642 19.123
 89  48.044900  52.284296    27.761    28.311 46 55331.31408422 33.420
 90  48.044989  52.284535    27.838    27.833 47 55366.31407741 12.720
 91  48.054192  52.288806    27.873    27.888 48 55401.31408926 13.326
 92  48.048465  52.287261    27.955    27.981 48 55436.31409382 11.652
 93  48.034821  52.273322    28.215    28.097 43 55471.31404864 10.621
