-315634.601    30.446     0.00    1.05
-315263.489    30.298    -0.40    1.10
-314892.339    30.035    -0.71    1.09
-314521.150    29.732    -0.82    1.21
-314149.924    29.318    -1.11    1.42
-313778.659    28.716    -1.62    1.61
-313407.357    27.894    -2.21    1.69
-313036.016    26.973    -2.48    1.76
-312664.637    25.553    -3.82    2.36
-312293.221    23.982    -4.23    2.56
-311921.766    21.865    -5.70    3.02
-311550.272    19.125    -7.37    3.74
-311178.741    16.606    -6.78    4.16
-310807.171    13.343    -8.78    4.77
-310435.564    11.389    -5.26    4.51
-310063.918    11.089    -0.81    4.46
-309692.234    12.357     3.41    4.50
-309320.511    14.940     6.95    3.92
-308948.751    17.459     6.78    2.84
-308576.952    19.296     4.94    2.18
-308205.115    20.729     3.85    1.79
-307833.240    21.521     2.13    1.45
-307461.326    21.910     1.05    1.44
-307089.374    22.203     0.79    1.47
-306717.383    21.928    -0.74    1.64
-306345.355    21.785    -0.38    1.73
-305973.288    21.185    -1.61    1.75
-305601.182    20.680    -1.36    1.71
-305229.039    19.975    -1.89    2.08
-304856.857    19.404    -1.53    2.30
-304484.636    18.289    -2.99    2.53
-304112.377    16.870    -3.81    3.03
-303740.080    15.431    -3.86    3.66
-303367.744    13.378    -5.51    4.14
-302995.369    11.501    -5.04    4.43
-302622.957     9.063    -6.55    4.54
-302250.505     6.992    -5.56    4.40
-301878.016     4.220    -7.44    5.23
-301505.487     1.500    -7.30    5.78
-301132.921    -2.208    -9.95    5.68
-300760.315    -5.072    -7.68    4.20
-300387.671    -6.513    -3.87    2.80
-300014.989    -7.120    -1.63    2.23
-299642.268    -7.536    -1.12    1.78
-299269.508    -7.463     0.20    1.90
-298896.710    -7.648    -0.50    1.80
-298523.873    -7.727    -0.21    1.77
-298150.998    -7.670     0.15    1.99
-297778.083    -7.494     0.47    1.72
-297405.131    -7.323     0.46    1.62
-297032.139    -7.208     0.31    1.34
-296659.109    -7.300    -0.25    1.22
-296286.040    -7.340    -0.11    1.35
-295912.933    -6.739     1.61    2.35
-295539.786    -6.187     1.48    3.15
-295166.601    -5.118     2.86    4.04
-294793.377    -3.842     3.42    4.75
-294420.115    -2.601     3.32    4.98
-294046.813    -0.768     4.91    4.71
-293673.473     1.080     4.95    3.41
-293300.094     2.441     3.64    1.47
-292926.676     2.744     0.81    1.54
-292553.220     3.171     1.14    1.75
-292179.724     3.470     0.80    1.75
-291806.190     2.785    -1.83    2.37
-291432.616     0.744    -5.46    3.67
-291059.004    -2.239    -7.98    3.86
-290685.353    -4.340    -5.62    2.62
-290311.663    -5.294    -2.55    1.08
-289937.934    -5.090     0.55    0.88
-289564.166    -4.756     0.89    0.81
-289190.359    -4.244     1.37    1.00
-288816.514    -3.750     1.32    1.18
-288442.629    -3.358     1.05    1.33
-288068.705    -3.089     0.72    1.27
-287694.742    -3.201    -0.30    1.13
-287320.740    -3.049     0.41    1.12
-286946.699    -1.919     3.02    2.09
-286572.619    -0.429     3.98    2.73
-286198.500     2.203     7.03    3.49
-285824.342     4.941     7.32    2.92
-285450.145     7.030     5.58    2.51
-285075.908     8.536     4.02    2.16
-284701.633     9.722     3.17    2.72
-284327.318    10.882     3.10    2.76
-283952.965    11.589     1.89    2.80
-283578.572    11.789     0.53    3.01
-283204.139    11.975     0.50    2.93
-282829.668    12.431     1.22    2.95
-282455.157    12.941     1.36    2.95
-282080.608    13.962     2.73    2.77
-281706.019    14.431     1.25    2.58
-281331.390    14.687     0.68    2.66
-280956.723    14.985     0.80    2.26
-280582.016    15.256     0.72    1.83
-280207.270    13.933    -3.53    3.66
-279832.484    13.396    -1.43    3.96
-279457.659    13.694     0.80    3.95
-279082.795    14.570     2.34    4.01
-278707.892    16.691     5.65    2.05
-278332.949    17.992     3.47    1.70
-277957.967    19.122     3.01    1.43
-277582.945    19.852     1.95    1.22
-277207.884    20.330     1.27    1.13
-276832.783    21.015     1.83    1.07
-276457.643    21.410     1.05    1.19
-276082.464    21.870     1.22    1.08
-275707.245    22.200     0.88    0.92
-275331.987    22.419     0.58    1.00
-274956.689    22.571     0.40    0.95
-274581.352    22.839     0.71    1.00
-274205.975    23.054     0.57    0.98
-273830.558    23.273     0.58    1.00
-273455.103    23.835     1.50    0.98
-273079.607    24.080     0.65    1.03
-272704.072    24.501     1.12    1.04
-272328.497    24.681     0.48    0.96
-271952.883    24.860     0.48    1.01
-271577.229    24.964     0.28    0.91
-271201.535    24.996     0.08    0.98
-270825.802    25.003     0.02    1.01
-270450.029    25.053     0.13    0.99
-270074.217    24.972    -0.22    0.96
-269698.365    25.107     0.36    0.93
-269322.473    25.115     0.02    1.00
-268946.541    25.116     0.00    1.14
-268570.570    24.934    -0.49    1.07
-268194.558    24.899    -0.09    0.98
-267818.508    24.945     0.12    0.96
-267442.417    25.072     0.34    0.84
-267066.286    25.220     0.40    0.82
-266690.116    25.385     0.44    0.80
-266313.906    25.480     0.25    0.88
-265937.656    25.607     0.34    0.90
-265561.366    25.466    -0.37    0.96
-265185.036    25.468     0.01    0.97
-264808.667    25.519     0.13    0.94
-264432.257    25.519     0.00    0.90
-264055.808    25.538     0.05    0.84
-263679.319    25.571     0.09    0.80
-263302.790    25.674     0.27    0.86
-262926.220    25.830     0.42    0.86
-262549.611    25.764    -0.18    0.91
-262172.962    25.758    -0.02    0.89
-261796.273    25.623    -0.36    0.99
-261419.544    25.554    -0.18    0.93
-261042.775    25.516    -0.10    0.86
-260665.966    25.521     0.01    0.87
-260289.116    25.589     0.18    0.97
-259912.227    25.489    -0.27    0.90
-259535.298    25.335    -0.41    0.88
-259158.328    25.244    -0.24    0.76
-258781.319    25.080    -0.43    0.70
-258404.269    24.847    -0.62    0.76
-258027.179    24.892     0.12    0.76
-257650.049    24.811    -0.22    0.57
-257272.879    24.843     0.08    0.78
-256895.669    24.803    -0.11    0.91
-256518.418    24.554    -0.66    0.94
-256141.127    24.216    -0.90    0.95
-255763.796    23.803    -1.09    0.99
-255386.425    23.306    -1.32    0.99
-255009.014    22.848    -1.21    1.15
-254631.562    22.256    -1.57    1.15
-254254.070    21.451    -2.13    1.41
-253876.538    20.674    -2.06    1.49
-253498.965    19.641    -2.74    1.85
-253121.352    18.453    -3.14    2.02
-252743.699    17.015    -3.81    2.26
-252366.005    15.464    -4.11    2.37
-251988.271    13.996    -3.89    2.17
-251610.497    12.771    -3.24    1.74
-251232.682    11.764    -2.66    1.60
-250854.827    10.747    -2.69    1.40
-250476.931    10.199    -1.45    1.30
-250098.995     9.484    -1.89    1.69
-249721.018     8.367    -2.95    2.10
-249343.001     7.458    -2.40    2.31
-248964.944     6.361    -2.90    2.11
-248591.713     5.830    -1.42    1.86
-248221.513     5.168    -1.79    1.15
-247851.275     4.957    -0.57    1.14
-247480.997     5.003     0.12    1.28
-247110.681     4.934    -0.19    1.22
-246740.327     4.606    -0.88    1.48
-246369.933     4.303    -0.82    1.71
-245999.501     4.343     0.11    1.89
-245629.030     4.010    -0.90    1.92
-245258.520     3.809    -0.54    1.74
-244887.972     3.941     0.35    1.75
-244517.384     3.416    -1.41    1.38
-244146.758     3.392    -0.06    1.27
-243776.093     3.556     0.44    1.15
-243405.388     3.803     0.67    1.23
-243034.646     4.343     1.46    1.29
-242663.864     5.330     2.66    2.03
-242293.043     6.313     2.65    2.35
-241922.183     8.378     5.57    3.12
-241551.285    10.378     5.39    3.00
-241180.347    12.158     4.80    2.21
-240809.370    13.396     3.34    1.65
-240438.355    14.294     2.42    2.08
-240067.300    15.250     2.58    2.61
-239696.207    16.870     4.36    2.55
-239325.074    18.371     4.04    2.09
-238953.903    19.131     2.05    1.45
-238582.692    19.660     1.42    1.01
-238211.442    19.672     0.03    0.91
-237840.153    19.365    -0.83    0.90
-237468.826    19.123    -0.65    0.92
-237097.459    18.996    -0.34    0.83
-236726.052    18.741    -0.68    0.87
-236354.607    18.089    -1.76    1.25
-235983.123    17.303    -2.11    1.40
-235611.599    16.233    -2.88    1.66
-235240.036    15.071    -3.13    1.55
-234868.434    13.996    -2.89    1.48
-234496.793    12.928    -2.87    1.15
-234125.113    12.519    -1.10    0.90
-233753.393    12.284    -0.63    0.90
-233381.634    12.339     0.15    0.91
-233009.836    12.554     0.58    1.04
-232637.999    12.899     0.93    1.43
-232266.122    13.523     1.68    1.63
-231894.206    14.010     1.31    1.61
-231522.251    13.989    -0.06    1.60
-231150.256    13.607    -1.03    1.61
-230778.222    12.448    -3.11    1.84
-230406.149    11.098    -3.63    1.39
-230034.036    10.343    -2.03    1.11
-229661.884    10.027    -0.85    0.91
-229289.692     9.744    -0.76    1.37
-228917.461     9.453    -0.78    1.98
-228545.191     9.115    -0.91    2.18
-228172.881     8.799    -0.85    2.05
-227800.532     8.922     0.33    1.80
-227428.143     8.996     0.20    1.13
-227055.715     9.043     0.13    1.66
-226683.247     9.343     0.80    1.62
-226310.740     9.875     1.43    1.16
-225938.193    10.378     1.35    1.08
-225565.607    10.852     1.27    1.03
-225192.981    11.123     0.73    0.90
-224820.315    11.296     0.46    0.86
-224447.610    11.487     0.51    1.03
-224074.866    12.089     1.61    1.27
-223702.081    12.696     1.63    1.37
-223329.257    13.139     1.19    1.17
-222956.394    13.607     1.26    0.78
-222583.491    13.416    -0.51    0.84
-222210.548    13.352    -0.17    0.74
-221837.565    13.256    -0.26    0.80
-221464.543    13.392     0.37    0.80
-221091.481    13.419     0.07    0.85
-220718.379    13.538     0.32    0.90
-220345.238    13.882     0.92    0.90
-219972.057    14.123     0.65    0.88
-219598.836    14.303     0.48    0.93
-219225.575    14.554     0.67    0.88
-218852.274    14.767     0.57    0.96
-218478.934    15.146     1.01    1.20
-218105.554    15.624     1.28    1.28
-217732.134    16.020     1.06    1.27
-217358.674    16.466     1.19    1.13
-216985.174    16.747     0.75    1.10
-216611.634    16.899     0.41    1.10
-216238.055    17.238     0.91    1.09
-215864.435    17.658     1.12    1.12
-215490.776    17.892     0.63    1.06
-215117.076    18.294     1.07    0.94
-214743.337    18.501     0.55    0.85
-214369.558    18.572     0.19    0.81
-213995.738    18.747     0.47    0.88
-213621.879    18.847     0.27    0.89
-213247.980    18.916     0.18    0.96
-212874.040    18.996     0.21    1.00
-212500.061    19.123     0.34    1.03
-212126.042    19.238     0.31    1.03
-211751.982    19.322     0.23    0.92
-211377.882    19.367     0.12    0.74
-211003.743    19.692     0.87    0.85
-210629.563    20.072     1.01    0.92
-210255.343    20.277     0.55    0.90
-209881.083    20.744     1.25    0.77
-209506.782    20.860     0.31    0.74
-209132.442    20.966     0.28    0.78
-208758.061    21.150     0.49    0.87
-208383.640    21.521     0.99    0.94
-208009.179    21.811     0.77    0.96
-207634.678    22.003     0.51    0.82
-207260.137    22.027     0.07    0.87
-206885.555    21.917    -0.30    0.89
-206510.933    21.623    -0.78    0.83
-206136.270    21.448    -0.46    0.83
-205761.568    21.539     0.24    1.03
-205386.825    21.308    -0.62    1.10
-205012.041    21.308     0.00    1.19
-204637.217    21.181    -0.34    1.16
-204262.353    21.148    -0.09    1.05
-203887.449    21.098    -0.13    1.07
-203512.504    20.769    -0.88    1.32
-203137.519    20.352    -1.11    1.69
-202762.493    20.296    -0.15    1.56
-202387.427    20.165    -0.35    1.49
-202012.320    20.080    -0.23    1.28
-201637.173    20.321     0.64    1.41
-201261.986    20.734     1.10    1.21
-200886.758    21.228     1.32    1.02
-200511.489    21.537     0.82    0.98
-200136.180    21.865     0.87    1.18
-199760.831    22.572     1.88    1.21
-199385.440    23.141     1.51    1.22
-199010.010    23.520     1.01    1.12
-198634.538    23.712     0.51    1.09
-198259.026    23.860     0.40    1.10
-197883.474    24.080     0.58    1.20
-197507.881    24.572     1.31    1.31
-197132.247    25.330     2.02    1.38
-196756.572    26.045     1.90    1.39
-196380.857    26.758     1.90    1.21
-196005.101    27.175     1.11    0.96
-195629.305    27.361     0.49    0.85
-195253.468    27.448     0.23    0.79
-194877.590    27.402    -0.12    0.80
-194501.671    27.196    -0.55    0.85
-194125.711    27.256     0.16    0.84
-193749.711    27.192    -0.17    0.84
-193373.670    26.968    -0.60    1.04
-192997.588    27.039     0.19    1.02
-192621.465    26.843    -0.52    0.92
-192245.302    27.220     1.00    0.84
-191869.097    27.554     0.89    0.84
-191492.852    27.949     1.05    0.91
-191116.566    28.225     0.73    0.82
-190740.239    28.537     0.83    0.91
-190363.871    28.641     0.28    0.95
-189987.462    28.899     0.68    0.98
-189611.012    28.985     0.23    0.90
-189234.521    29.220     0.62    0.90
-188857.990    29.422     0.54    0.99
-188481.417    29.482     0.16    1.14
-188104.803    29.523     0.11    1.45
-187728.148    29.710     0.49    1.62
-187351.452    29.951     0.64    1.61
-186974.716    30.470     1.38    1.40
-186597.938    30.691     0.58    1.05
-186221.119    30.834     0.38    0.93
-185844.258    31.115     0.74    1.05
-185467.357    31.327     0.56    1.14
-185090.415    31.641     0.84    1.16
-184713.431    32.261     1.64    1.46
-184336.407    33.216     2.53    1.43
-183959.341    33.813     1.58    1.38
-183582.234    34.210     1.05    1.06
-183205.086    34.262     0.14    1.07
-182827.896    33.722    -1.43    1.08
-182450.666    33.410    -0.83    1.01
-182073.394    33.163    -0.66    1.01
-181696.081    33.148    -0.04    0.95
-181318.726    33.192     0.12    0.90
-180941.331    33.130    -0.17    0.91
-180563.894    33.182     0.14    0.85
-180186.415    33.035    -0.39    0.85
-179808.896    32.875    -0.43    0.89
-179431.335    32.872    -0.01    0.96
-179053.732    32.905     0.09    0.91
-178676.089    32.979     0.20    0.87
-178298.403    33.233     0.67    0.94
-177920.677    33.361     0.34    1.04
-177542.909    33.504     0.38    1.02
-177165.100    33.607     0.27    1.19
-176787.249    33.572    -0.09    1.35
-176409.356    33.606     0.09    1.46
-176031.422    33.763     0.42    1.49
-175653.447    34.072     0.82    1.48
-175275.430    34.641     1.51    1.60
-174897.372    35.202     1.48    1.35
-174519.272    35.641     1.16    0.98
-174141.130    35.382    -0.68    0.91
-173766.992    35.053    -0.88    1.09
-173396.913    34.900    -0.41    1.49
-173026.794    34.992     0.25    1.47
-172656.635    35.267     0.74    1.43
-172286.437    35.640     1.01    1.31
-171916.199    35.434    -0.56    1.39
-171545.921    35.313    -0.33    1.21
-171175.604    35.097    -0.58    1.12
-170805.246    34.606    -1.33    1.22
-170434.849    34.399    -0.56    1.32
-170064.412    34.507     0.29    1.28
-169693.936    34.451    -0.15    1.50
-169323.419    34.882     1.16    1.84
-168952.863    35.274     1.06    1.96
-168582.267    35.182    -0.25    1.89
-168211.630    35.072    -0.30    1.57
-167840.954    34.704    -0.99    1.61
-167470.239    34.267    -1.18    1.25
-167099.483    33.951    -0.85    1.04
-166728.687    33.809    -0.38    0.95
-166357.851    33.521    -0.78    1.13
-165986.976    33.537     0.04    1.16
-165616.060    33.806     0.72    1.19
-165245.104    34.282     1.29    1.24
-164874.109    34.692     1.10    0.91
-164503.073    34.996     0.82    0.77
-164131.997    35.033     0.10    0.88
-163760.882    35.267     0.63    0.95
-163389.726    35.678     1.11    1.03
-163018.530    36.315     1.71    1.43
-162647.294    37.054     1.99    1.38
-162276.018    37.658     1.63    1.18
-161904.702    38.114     1.23    0.92
-161533.346    38.470     0.96    1.02
-161161.949    38.778     0.83    1.15
-160790.513    39.284     1.36    1.30
-160419.036    39.944     1.78    1.19
-160047.519    40.396     1.22    1.14
-159675.962    41.156     2.04    1.25
-159304.364    41.700     1.46    1.31
-158932.726    42.322     1.67    1.29
-158561.049    42.875     1.49    1.44
-158189.330    43.379     1.36    1.54
-157817.572    44.063     1.84    1.51
-157445.773    45.141     2.90    1.66
-157073.934    46.199     2.85    1.92
-156702.055    47.555     3.65    1.97
-156330.135    48.761     3.24    1.97
-155958.175    49.707     2.54    1.79
-155586.174    51.218     4.06    1.84
-155214.134    52.168     2.55    1.75
-154842.052    53.189     2.74    1.54
-154469.931    54.089     2.42    1.00
-154097.769    54.406     0.85    0.98
-153725.566    54.623     0.59    1.11
-153353.323    54.831     0.56    1.22
-152981.040    55.301     1.26    0.93
-152608.716    55.278    -0.06    0.98
-152236.351    55.195    -0.22    0.90
-151863.946    55.165    -0.08    0.88
-151491.501    55.244     0.21    0.95
-151119.015    55.945     1.88    1.44
-150746.488    57.179     3.31    2.39
-150373.921    58.107     2.49    2.54
-150001.313    59.156     2.81    2.37
-149628.665    60.062     2.43    2.30
-149255.976    60.692     1.69    1.93
-148883.247    61.402     1.90    1.41
-148510.476    61.540     0.37    1.36
-148137.665    61.301    -0.64    1.31
-147764.814    60.905    -1.06    1.36
-147391.921    60.490    -1.11    1.36
-147018.988    60.106    -1.03    1.17
-146646.015    60.291     0.49    1.27
-146273.000    60.410     0.32    1.16
-145899.945    60.851     1.18    1.38
-145526.849    61.957     2.96    2.06
-145153.712    62.934     2.62    2.27
-144780.535    63.538     1.62    1.79
-144407.316    63.606     0.18    1.57
-144034.057    63.284    -0.86    1.53
-143660.757    62.741    -1.45    1.19
-143287.416    62.555    -0.50    1.02
-142914.034    62.416    -0.37    0.99
-142540.612    62.835     1.12    1.46
-142167.148    63.678     2.26    2.08
-141793.644    64.817     3.05    2.48
-141420.098    65.809     2.66    2.07
-141046.512    65.847     0.10    1.71
-140672.885    65.141    -1.89    1.75
-140299.216    64.175    -2.58    1.59
-139925.507    63.218    -2.56    1.38
-139551.757    62.284    -2.50    1.49
-139177.965    61.606    -1.81    1.54
-138804.133    61.071    -1.43    1.48
-138430.260    61.097     0.07    1.54
-138056.345    61.303     0.55    1.61
-137682.389    61.540     0.63    1.56
-137308.393    61.097    -1.18    1.92
-136934.355    60.554    -1.45    2.15
-136560.276    60.522    -0.09    2.25
-136186.156    60.691     0.45    2.17
-135811.995    61.210     1.39    1.55
-135437.792    61.572     0.97    1.35
-135063.549    61.490    -0.22    1.12
-134689.264    61.106    -1.03    1.29
-134314.938    60.335    -2.06    1.57
-133940.571    59.485    -2.27    1.69
-133566.162    58.589    -2.39    1.70
-133191.713    57.606    -2.62    1.84
-132817.222    57.182    -1.13    1.94
-132442.689    57.015    -0.45    2.34
-132068.116    57.150     0.36    2.57
-131693.501    56.922    -0.61    2.47
-131318.844    56.274    -1.73    2.09
-130944.147    54.722    -4.14    2.12
-130569.408    54.158    -1.51    1.88
-130194.627    54.411     0.68    2.26
-129819.805    55.470     2.82    2.40
-129444.942    56.865     3.72    1.87
-129070.037    58.245     3.68    1.83
-128695.091    58.792     1.46    1.88
-128320.104    59.343     1.47    1.76
-127945.075    59.098    -0.65    2.04
-127570.004    58.982    -0.31    1.98
-127194.892    58.675    -0.82    2.25
-126819.738    58.227    -1.19    2.04
-126444.543    57.165    -2.83    2.67
-126069.307    55.368    -4.79    3.18
-125694.028    53.744    -4.33    2.48
-125318.708    53.301    -1.18    2.17
-124943.347    53.999     1.86    2.05
-124567.944    55.321     3.52    1.91
-124192.499    55.996     1.80    1.65
-123817.013    56.178     0.49    1.72
-123441.485    55.968    -0.56    1.68
-123065.915    55.656    -0.83    1.59
-122690.304    55.392    -0.70    1.39
-122314.651    54.775    -1.64    1.42
-121938.956    53.658    -2.97    2.18
-121563.219    51.411    -5.98    3.02
-121187.441    49.232    -5.80    2.80
-120811.621    47.468    -4.69    2.41
-120435.759    46.572    -2.39    2.01
-120059.855    45.686    -2.36    2.30
-119683.910    44.347    -3.56    2.44
-119307.923    43.906    -1.18    2.31
-118931.893    44.636     1.94    4.07
-118555.822    46.606     5.24    5.47
-118179.709    48.979     6.31    5.04
-117803.555    51.607     6.99    3.47
-117427.358    53.490     5.01    3.45
-117051.119    54.830     3.56    3.82
-116674.839    55.356     1.40    3.85
-116298.516    54.301    -2.80    4.31
-115922.152    53.865    -1.16    3.97
-115545.745    54.847     2.61    4.46
-115169.296    56.607     4.67    4.34
-114792.806    57.539     2.47    3.64
-114416.273    57.536    -0.01    3.48
-114039.699    56.815    -1.92    2.88
-113663.082    55.572    -3.30    2.74
-113286.423    54.106    -3.89    3.52
-112909.722    51.872    -5.93    3.69
-112532.979    49.809    -5.48    3.49
-112156.194    47.470    -6.21    3.25
-111779.367    45.115    -6.25    3.35
-111402.497    42.130    -7.92    3.74
-111025.586    39.606    -6.70    3.57
-110648.632    37.882    -4.57    2.82
-110271.636    36.506    -3.65    1.92
-109894.598    35.623    -2.34    1.69
-109517.517    34.865    -2.01    1.52
-109140.395    34.330    -1.42    1.47
-108763.230    33.966    -0.97    1.19
-108386.022    34.267     0.80    1.06
-108008.773    34.422     0.41    0.89
-107631.481    34.654     0.62    0.98
-107254.147    35.063     1.08    1.09
-106876.770    35.657     1.57    1.28
-106499.351    36.402     1.98    1.54
-106121.890    37.572     3.10    2.09
-105744.386    39.160     4.21    2.63
-105366.840    41.195     5.39    2.75
-104989.251    43.724     6.70    3.02
-104611.620    46.199     6.55    3.43
-104233.947    48.640     6.46    3.69
-103856.231    50.425     4.73    3.82
-103478.472    53.506     8.15    4.56
-103100.671    55.957     6.49    4.98
-102722.828    58.212     5.97    5.01
-102344.942    60.877     7.05    4.24
-101967.013    62.485     4.26    3.20
-101589.042    63.691     3.19    2.29
-101211.028    64.487     2.11    2.19
-100832.972    64.727     0.63    2.31
-100454.873    64.710    -0.05    2.45
-100076.731    64.605    -0.28    2.23
 -99698.547    64.434    -0.45    2.17
 -99320.320    65.013     1.53    2.04
 -98945.156    66.352     3.57    2.56
 -98575.202    68.048     4.58    2.63
 -98205.207    69.451     3.79    2.09
 -97835.171    69.623     0.46    2.22
 -97465.095    68.319    -3.52    3.12
 -97094.978    66.623    -4.58    3.38
 -96724.820    64.382    -6.05    2.66
 -96354.621    62.750    -4.41    2.61
 -95984.382    60.868    -5.08    2.89
 -95614.101    58.875    -5.38    3.24
 -95243.780    56.753    -5.73    3.62
 -94873.418    54.732    -5.46    3.60
 -94503.016    52.877    -5.01    3.64
 -94132.572    50.233    -7.14    3.97
 -93762.088    47.335    -7.82    4.86
 -93391.562    44.272    -8.27    4.96
 -93020.996    41.860    -6.51    4.68
 -92650.389    38.939    -7.88    3.43
 -92279.741    36.640    -6.20    2.81
 -91909.052    35.054    -4.28    2.30
 -91538.322    34.289    -2.06    2.13
 -91167.551    34.169    -0.32    2.25
 -90796.739    34.406     0.64    2.27
 -90425.886    34.439     0.09    2.25
 -90054.992    34.441     0.00    1.93
 -89684.057    34.422    -0.05    1.88
 -89313.081    34.606     0.50    1.71
 -88942.064    34.686     0.21    1.68
 -88571.006    35.284     1.61    1.89
 -88199.907    36.606     3.56    1.95
 -87828.766    38.156     4.18    2.24
 -87457.585    40.376     5.98    4.21
 -87086.362    44.256    10.45    6.25
 -86715.098    48.657    11.85    7.02
 -86343.793    54.121    14.72    6.65
 -85972.447    58.165    10.89    4.98
 -85601.060    60.347     5.88    3.09
 -85229.631    60.273    -0.20    3.24
 -84858.161    59.474    -2.15    3.30
 -84486.650    59.175    -0.80    3.18
 -84115.098    60.022     2.28    2.94
 -83743.504    60.761     1.99    2.94
 -83371.869    60.006    -2.03    3.68
 -83000.193    58.572    -3.86    4.80
 -82628.475    56.654    -5.16    5.22
 -82256.716    55.294    -3.66    4.51
 -81884.916    54.761    -1.43    3.35
 -81513.075    55.622     2.32    3.46
 -81141.192    57.517     5.10    3.86
 -80769.267    59.489     5.30    3.79
 -80397.301    61.296     4.86    3.89
 -80025.294    63.835     6.82    3.91
 -79653.245    66.623     7.49    2.94
 -79281.155    68.451     4.91    2.01
 -78909.023    69.555     2.97    2.08
 -78536.850    69.795     0.65    2.82
 -78164.636    68.639    -3.11    4.91
 -77792.380    67.556    -2.91    5.34
 -77420.082    66.573    -2.64    4.41
 -77047.743    66.139    -1.17    3.61
 -76675.362    67.453     3.53    3.84
 -76302.939    69.744     6.15    3.86
 -75930.475    72.081     6.27    4.02
 -75557.970    74.278     5.90    3.21
 -75185.422    76.206     5.17    3.03
 -74812.833    78.185     5.31    2.74
 -74440.203    79.739     4.17    2.52
 -74067.531    80.945     3.24    1.83
 -73694.817    81.137     0.52    1.80
 -73322.061    80.474    -1.78    2.04
 -72949.264    79.537    -2.51    2.06
 -72576.424    78.239    -3.48    1.80
 -72203.544    77.625    -1.65    1.31
 -71830.621    77.739     0.31    1.42
 -71457.656    77.951     0.57    1.61
 -71084.650    78.589     1.71    1.56
 -70711.602    79.020     1.16    1.51
 -70338.512    78.503    -1.39    1.69
 -69965.380    77.572    -2.49    2.04
 -69592.207    76.428    -3.07    2.25
 -69218.991    74.826    -4.29    2.20
 -68845.734    73.439    -3.72    2.49
 -68472.435    71.319    -5.68    2.94
 -68099.093    69.504    -4.86    2.63
 -67725.710    67.556    -5.22    2.08
 -67352.285    66.196    -3.64    1.38
 -66978.818    65.343    -2.28    1.45
 -66605.309    64.506    -2.24    1.21
 -66231.758    63.756    -2.01    1.15
 -65858.165    63.146    -1.63    1.04
 -65484.529    62.657    -1.31    1.28
 -65110.852    62.013    -1.72    1.44
 -64737.133    61.301    -1.90    1.44
 -64363.372    60.799    -1.34    1.36
 -63989.568    60.402    -1.06    1.21
 -63615.723    60.122    -0.75    1.10
 -63241.835    59.811    -0.83    1.09
 -62867.905    59.422    -1.04    0.94
 -62493.933    58.962    -1.23    1.00
 -62119.919    58.589    -1.00    0.91
 -61745.862    58.267    -0.86    0.84
 -61371.764    58.013    -0.68    0.95
 -60997.623    57.843    -0.45    1.15
 -60623.440    57.606    -0.63    1.16
 -60249.215    57.256    -0.94    1.27
 -59874.947    56.968    -0.77    1.24
 -59500.637    56.753    -0.58    1.28
 -59126.285    56.641    -0.30    1.29
 -58751.890    56.385    -0.68    1.46
 -58377.453    56.306    -0.21    1.72
 -58002.974    56.121    -0.49    1.78
 -57628.453    55.856    -0.71    2.06
 -57253.889    56.106     0.67    1.99
 -56879.282    55.895    -0.56    2.05
 -56504.633    55.860    -0.09    2.27
 -56129.942    55.605    -0.68    2.56
 -55755.209    55.141    -1.24    2.54
 -55380.432    55.031    -0.29    2.60
 -55005.614    54.911    -0.32    2.88
 -54630.753    54.843    -0.18    3.44
 -54255.849    54.245    -1.60    4.07
 -53880.903    51.860    -6.36    5.05
 -53505.914    51.623    -0.63    5.14
 -53130.883    52.504     2.35    5.26
 -52755.809    54.113     4.29    5.01
 -52380.693    56.865     7.33    2.37
 -52005.534    57.472     1.62    1.40
 -51630.332    57.641     0.45    1.11
 -51255.088    57.556    -0.23    1.05
 -50879.801    57.623     0.18    1.12
 -50504.471    57.439    -0.49    1.19
 -50129.099    57.398    -0.11    1.09
 -49753.684    57.453     0.15    1.01
 -49378.226    57.039    -1.10    1.00
 -49002.726    56.821    -0.58    0.87
 -48627.182    56.831     0.03    0.95
 -48251.596    56.813    -0.05    0.92
 -47875.968    56.851     0.10    0.98
 -47500.296    56.884     0.09    1.09
 -47124.582    56.606    -0.74    1.07
 -46748.824    56.522    -0.22    1.09
 -46373.024    56.284    -0.63    0.93
 -45997.181    56.460     0.47    1.23
 -45621.296    56.571     0.30    1.30
 -45245.367    56.766     0.52    1.32
 -44869.395    56.852     0.23    1.17
 -44493.381    57.030     0.47    1.13
 -44117.323    56.966    -0.17    1.28
 -43741.223    56.769    -0.52    1.41
 -43365.079    56.356    -1.10    1.63
 -42988.893    56.072    -0.75    1.59
 -42612.663    56.008    -0.17    1.63
 -42236.391    55.982    -0.07    1.55
 -41860.075    56.106     0.33    1.43
 -41483.717    55.691    -1.10    1.43
 -41107.315    55.573    -0.31    1.33
 -40730.870    55.063    -1.35    1.52
 -40354.382    55.063     0.00    1.54
 -39977.851    55.031    -0.08    1.83
 -39601.277    54.767    -0.70    2.19
 -39224.660    54.756    -0.03    2.53
 -38847.999    54.744    -0.03    2.98
 -38471.296    54.428    -0.84    3.63
 -38094.549    53.089    -3.55    5.70
 -37717.759    51.640    -3.85    7.65
 -37340.925    48.589    -8.10    9.88
 -36964.049    45.933    -7.05   10.80
 -36587.129    41.294   -12.31   10.86
 -36210.165    36.847   -11.79    8.86
 -35833.159    33.884    -7.86    5.42
 -35456.109    33.623    -0.69    5.57
 -35079.016    34.385     2.02    5.91
 -34701.880    34.522     0.36    5.74
 -34324.700    35.031     1.35    6.23
 -33947.476    37.156     5.63    8.38
 -33570.210    43.322    16.35   11.82
 -33192.900    50.982    20.30   12.88
 -32815.546    58.431    19.74    9.56
 -32438.149    62.489    10.75    6.02
 -32060.709    63.256     2.03    5.02
 -31683.225    63.130    -0.33    1.85
 -31305.697    62.006    -2.98    2.03
 -30928.126    60.468    -4.07    1.96
 -30550.512    58.540    -5.10    2.56
 -30172.854    56.678    -4.93    2.63
 -29795.152    54.966    -4.53    2.65
 -29417.407    53.063    -5.04    2.04
 -29039.618    51.779    -3.40    2.37
 -28661.786    50.507    -3.37    2.68
 -28283.910    48.979    -4.04    3.24
 -27905.990    45.960    -7.99    4.65
 -27528.026    42.985    -7.87    4.99
 -27150.019    38.786   -11.11    5.59
 -26771.968    36.301    -6.57    5.46
 -26393.874    37.795     3.95    6.91
 -26015.736    40.939     8.31    7.82
 -25637.554    44.406     9.17    6.38
 -25259.328    47.756     8.86    3.15
 -24881.058    48.899     3.02    2.27
 -24502.745    48.689    -0.56    2.13
 -24126.431    47.641    -2.79    3.39
 -23756.601    43.409   -11.44    6.38
 -23386.729    37.416   -16.20    7.70
 -23016.815    31.267   -16.62    6.94
 -22646.860    26.789   -12.10    3.70
 -22276.863    24.748    -5.52    2.10
 -21906.824    23.739    -2.73    1.18
 -21536.744    23.131    -1.64    1.21
 -21166.621    22.669    -1.25    1.35
 -20796.457    21.972    -1.88    1.34
 -20426.251    21.148    -2.23    1.33
 -20056.003    20.979    -0.46    1.22
 -19685.713    20.718    -0.70    1.12
 -19315.381    20.606    -0.30    1.18
 -18945.008    20.799     0.52    1.32
 -18574.592    20.501    -0.80    1.43
 -18204.135    20.294    -0.56    1.30
 -17833.635    20.072    -0.60    1.40
 -17463.094    19.489    -1.57    1.24
 -17092.510    19.097    -1.06    1.19
 -16721.885    18.750    -0.94    1.09
 -16351.218    18.372    -1.02    1.30
 -15980.508    18.163    -0.57    1.35
 -15609.757    17.917    -0.66    1.18
 -15238.963    17.753    -0.44    1.14
 -14868.127    17.640    -0.30    1.12
 -14497.250    17.487    -0.41    1.28
 -14126.330    17.492     0.01    1.35
 -13755.368    17.672     0.49    1.43
 -13384.364    18.163     1.32    1.38
 -13013.317    18.516     0.95    1.25
 -12642.229    18.782     0.72    1.07
 -12271.098    18.778    -0.01    1.16
 -11899.926    18.379    -1.08    1.20
 -11528.710    17.928    -1.22    1.11
 -11157.453    17.572    -0.96    1.21
 -10786.154    16.939    -1.71    1.42
 -10414.812    15.960    -2.64    1.83
 -10043.428    14.163    -4.84    2.77
  -9672.001    12.072    -5.63    3.68
  -9300.533    10.322    -4.71    2.95
  -8929.022     9.606    -1.93    2.40
  -8557.468     9.458    -0.40    1.76
  -8185.872    10.020     1.51    1.42
  -7814.234     9.605    -1.12    2.00
  -7442.554     8.782    -2.22    2.28
  -7070.831     7.917    -2.33    2.21
  -6699.065     7.335    -1.57    1.90
  -6327.257     6.859    -1.28    1.63
  -5955.407     6.906     0.13    1.63
  -5583.514     6.606    -0.81    2.11
  -5211.579     5.818    -2.12    2.40
  -4839.601     5.458    -0.97    2.53
  -4467.581     5.222    -0.63    2.83
  -4095.518     4.996    -0.61    2.86
  -3723.413     4.863    -0.36    2.57
  -3351.265     4.431    -1.16    2.93
  -2979.074     5.192     2.04    3.99
  -2606.841     6.089     2.41    4.94
  -2234.565     6.081    -0.02    5.36
  -1862.247     5.148    -2.50    5.82
  -1489.886     2.739    -6.47    5.08
  -1117.482     0.756    -5.33    3.83
   -745.036    -0.331    -2.92    3.03
   -372.547    -0.844    -1.38    2.08
     -0.015     0.839     4.52    4.04
    372.560     2.494     4.44    4.28
    745.177     3.640     3.08    3.66
   1117.837     4.379     1.98    3.52
   1490.540     2.710    -4.48    3.52
   1863.286     2.966     0.69    4.00
   2236.074     2.330    -1.71    4.16
   2608.905     2.022    -0.83    3.99
   2981.780     1.472    -1.48    3.93
   3354.697     0.732    -1.99    3.50
   3727.657     1.654     2.47    4.02
   4100.659     1.769     0.31    4.35
   4473.705     1.367    -1.08    4.18
   4846.794     0.322    -2.80    3.40
   5219.925     0.306    -0.04    3.11
   5593.100     2.003     4.55    3.73
   5966.317     3.146     3.06    3.03
   6339.578     3.916     2.06    2.52
   6712.881     3.572    -0.92    2.64
   7086.228     3.318    -0.68    2.80
   7459.618     3.081    -0.63    2.96
   7833.050     3.064    -0.04    3.12
   8206.526     2.999    -0.18    3.04
   8580.045     2.144    -2.29    2.98
   8953.607     1.122    -2.74    2.77
   9327.212     0.156    -2.59    1.99
   9700.860    -0.222    -1.01    1.86
  10074.551     0.638     2.30    3.78
  10448.286     3.520     7.71    7.28
  10822.064     9.376    15.67   10.76
  11195.885    16.453    18.93   11.31
  11569.749    23.652    19.26    9.40
  11943.656    31.458    20.88    9.39
  12317.607    37.113    15.12   10.09
  12691.601    43.700    17.61   10.55
  13065.638    48.489    12.80    9.74
  13439.718    53.022    12.12    8.33
  13813.842    54.185     3.11    9.90
  14188.009    49.818   -11.67   18.28
  14562.220    41.365   -22.59   24.71
  14936.474    30.766   -28.32   26.53
  15310.771    18.339   -33.20   23.18
  15685.112     9.879   -22.60   15.76
  16059.496     3.822   -16.18    5.55
  16433.924     3.539    -0.76    3.13
  16808.395     7.081     9.46    9.83
  17182.909    12.046    13.26   15.22
  17557.467    17.652    14.97   17.19
  17932.069    26.330    23.17   19.52
  18306.714    39.900    36.22   22.40
  18681.402    58.436    49.47   22.64
  19056.134    75.456    45.42   17.86
  19430.910    85.972    28.06   13.13
  19805.729    90.622    12.40   14.40
  20180.592    89.906    -1.91   16.33
  20555.498    83.809   -16.26   17.39
  20930.448    74.524   -24.76   18.83
  21305.442    64.764   -26.03   15.49
  21680.480    57.605   -19.09   14.70
  22055.561    53.313   -11.44   13.08
  22430.686    54.351     2.77   10.87
  22805.854    58.006     9.74   12.07
  23181.066    68.689    28.47   16.76
  23556.322    83.144    38.52   17.73
  23931.622    96.294    35.04   17.90
  24306.966   113.476    45.78   21.73
  24682.353   127.706    37.91   22.64
  25057.785   140.949    35.28   17.68
  25433.260   148.185    19.27    8.28
  25808.779   141.884   -16.78   14.42
  26184.341   132.691   -24.48   15.05
  26559.948   126.652   -16.08   12.68
  26935.599   124.815    -4.89   11.00
  27311.293   127.189     6.32   10.47
  27687.032   127.621     1.15    8.38
  28062.814   120.623   -18.62   14.71
  28438.640   101.879   -49.88   26.28
  28814.511    81.003   -55.54   26.57
  29190.425    63.605   -46.28   20.38
  29566.384    55.113   -22.59   11.06
  29942.386    56.389     3.39   13.36
  30318.432    59.818     9.12   12.64
  30694.523    64.146    11.51   11.47
  31070.658    66.928     7.39   10.21
  31446.836    71.972    13.41   10.26
  31823.059    80.524    22.73   10.27
  32199.326    91.045    27.96   11.29
  32575.638   100.363    24.76   14.28
  32951.993   110.622    27.26   15.10
  33328.393   117.716    18.85   12.55
  33704.836   120.802     8.20    8.47
  34081.324   115.739   -13.45   12.54
  34457.857   102.606   -34.88   19.39
  34834.433    83.227   -51.46   22.66
  35211.054    62.671   -54.58   23.45
  35587.719    46.589   -42.70   17.31
  35964.429    36.589   -26.55   10.30
  36341.182    31.508   -13.49    3.46
  36717.980    33.137     4.32    5.99
  37094.823    37.589    11.81    8.23
  37471.710    44.222    17.60   10.35
  37848.641    53.621    24.94   12.86
  38225.617    62.503    23.56   12.72
  38602.637    68.229    15.19   10.00
  38979.701    73.106    12.93    7.52
  39356.810    76.287     8.44    7.29
  39733.964    75.339    -2.51   13.87
  40111.162    69.786   -14.72   20.51
  40488.404    57.906   -31.49   23.10
  40865.691    47.222   -28.32   18.38
  41243.023    40.146   -18.75    9.85
  41620.399    38.468    -4.45    4.83
  41997.820    44.766    16.69    8.96
  42375.285    54.376    25.46   12.12
  42752.795    65.015    28.18   14.44
  43130.350    76.376    30.09   13.14
  43507.949    81.884    14.59    9.73
  43885.593    82.282     1.06   11.76
  44263.282    78.406   -10.27   16.99
  44641.015    70.750   -20.27   19.81
  45018.794    65.385   -14.20   20.36
  45396.616    59.621   -15.26   19.42
  45774.484    50.048   -25.34   12.56
  46152.396    46.153   -10.31    7.52
  46530.354    46.875     1.91    7.00
  46908.356    50.419     9.38   10.58
  47286.402    58.033    20.14   14.26
  47664.494    67.922    26.16   14.13
  48042.631    76.944    23.86   13.87
  48420.812    86.439    25.11   13.96
  48799.038    94.039    20.09   14.10
  49177.310   101.105    18.68   14.40
  49555.626   106.720    14.84   13.59
  49933.987   112.379    14.96   12.88
  50312.393   116.985    12.17   13.49
  50689.985   121.982    13.23   14.12
  51059.681   125.399     9.24   17.09
  51429.420   126.739     3.62   20.53
  51799.202   127.063     0.88   21.51
  52169.026   127.160     0.26   19.74
  52538.893   127.572     1.11   16.11
  52908.804   131.022     9.33   13.73
  53278.757   140.763    26.33   18.02
  53648.753   151.409    28.77   18.78
  54018.792   163.392    32.39   13.87
  54388.873   169.261    15.86    9.59
  54758.998   170.686     3.85    9.86
  55129.166   169.772    -2.47   13.45
  55499.376   164.460   -14.35   18.33
  55869.630   155.244   -24.89   21.31
  56239.926   145.097   -27.40   21.97
  56610.266   133.677   -30.84   20.48
  56980.648   122.745   -29.52   19.70
  57351.074   116.352   -17.26   13.36
  57721.542   118.718     6.39   13.24
  58092.054   126.555    21.15   16.38
  58462.609   136.441    26.68   14.10
  58833.206   142.556    16.50   10.84
  59203.847   146.331    10.19    9.39
  59574.531   150.970    12.52    8.00
  59945.259   155.409    11.97    9.66
  60316.029   164.540    24.63   14.84
  60686.843   173.409    23.92   16.50
  61057.699   185.040    31.37   11.91
  61428.599   191.863    18.40    6.60
  61799.543   191.831    -0.09    9.04
  62170.529   188.123    -9.99   12.98
  62541.559   184.748    -9.10   13.54
  62912.632   179.877   -13.13   12.27
  63283.748   179.121    -2.04    9.68
  63654.908   183.006    10.47    9.43
  64026.110   187.507    12.13    9.27
  64397.357   189.507     5.39    9.98
  64768.646   186.653    -7.69   14.09
  65139.979   179.015   -20.57   18.70
  65511.356   173.097   -15.94   16.89
  65882.776   169.239   -10.39   13.16
  66254.239   176.331    19.09   19.09
  66625.745   191.799    41.64   22.60
  66997.296   208.868    45.94   26.59
  67368.889   229.073    54.38   31.11
  67740.526   246.399    46.63   29.86
  68112.207   262.476    43.26   24.05
  68483.931   272.406    26.71   16.26
  68855.699   276.137    10.04   12.23
  69227.510   278.425     6.15    6.72
  69599.365   278.750     0.87    4.17
  69971.263   277.779    -2.61    3.98
  70343.205   275.890    -5.08    4.24
  70715.191   272.573    -8.92    4.30
  71087.220   269.872    -7.26    4.37
  71459.293   267.589    -6.14    3.71
  71831.410   266.826    -2.05    3.56
  72203.570   267.671     2.27    4.20
  72575.775   268.123     1.22    4.78
  72948.022   266.276    -4.96    5.99
  73320.314   262.244   -10.83    7.68
  73692.649   255.540   -18.01    9.31
  74065.028   246.148   -25.22   12.58
  74437.451   240.818   -14.31   11.38
  74809.918   239.637    -3.17   11.23
  75182.428   242.492     7.66   13.53
  75554.983   247.939    14.62   13.66
  75927.581   253.048    13.71    7.97
  76300.223   254.636     4.26    4.17
  76672.909   252.556    -5.58    6.39
  77045.639   246.729   -15.63   11.23
  77418.413   238.692   -21.56   14.86
  77791.231   230.376   -22.31   14.48
  78164.093   224.658   -15.34   10.89
  78536.998   222.779    -5.04    8.16
  78909.948   223.979     3.22    7.51
  79282.942   225.271     3.47    4.84
  79655.980   223.653    -4.34    4.47
  80029.062   220.653    -8.04    5.19
  80402.188   215.835   -12.92    5.71
  80775.358   211.766   -10.90    6.20
  81148.572   205.782   -16.03    7.24
  81521.830   200.839   -13.25    5.84
  81895.132   197.573    -8.75    4.50
  82268.479   195.278    -6.15    1.95
  82641.870   194.911    -0.98    2.64
  83015.304   194.847    -0.17    3.08
  83388.783   193.879    -2.59    2.75
  83762.307   192.572    -3.50    1.95
  84135.874   191.700    -2.34    1.43
  84509.486   191.113    -1.57    1.41
  84883.142   191.956     2.25    5.78
  85256.843   194.589     7.05   11.98
  85630.587   196.210     4.34   14.22
  86004.376   196.479     0.72   13.82
  86378.210   194.968    -4.04   11.49
  86752.087   192.818    -5.75    8.32
  87126.009   191.335    -3.97    6.49
  87499.976   190.089    -3.33    4.72
  87873.987   189.556    -1.43    3.00
  88248.042   189.261    -0.79    3.32
  88622.142   189.065    -0.52    3.44
  88996.286   188.524    -1.45    3.03
  89370.475   187.186    -3.58    2.55
  89744.708   186.422    -2.04    1.59
  90118.986   186.073    -0.93    2.28
  90493.308   186.422     0.93    3.14
  90867.675   193.008    17.59   15.66
  91242.086   212.704    52.61   32.51
  91616.542   237.073    65.08   39.20
  91991.042   262.847    68.83   32.68
  92365.588   279.557    44.62   16.01
  92740.177   287.716    21.78    4.67
  93114.812   289.106     3.71    3.69
  93489.491   287.398    -4.56    5.47
  93864.215   283.133   -11.38    8.06
  94238.983   278.949   -11.16    9.09
  94613.796   277.641    -3.49    8.58
  94988.654   281.890    11.34    9.68
  95363.557   286.572    12.49    8.30
  95738.505   289.065     6.65    4.51
  96113.497   287.982    -2.89    4.03
  96488.534   285.024    -7.89    5.38
  96863.616   279.748   -14.07    6.87
  97238.743   274.392   -14.28    6.97
  97613.914   267.668   -17.92    8.00
  97989.131   261.289   -17.00    7.61
  98364.392   254.105   -19.15    8.79
  98739.699   245.639   -22.56    9.39
  99115.050   237.057   -22.87   10.39
  99490.446   238.589     4.08   16.19
  99865.887   248.970    27.65   25.47
 100241.373   266.668    47.14   25.33
 100616.905   280.114    35.81   14.25
 100992.481   285.859    15.30    3.67
 101368.102   285.158    -1.87    3.94
 101743.768   284.687    -1.25    4.75
 102119.480   284.233    -1.21    5.36
 102495.236   285.621     3.69    5.17
 102871.038   287.428     4.81    4.98
 103246.884   288.234     2.15    4.51
 103622.776   288.954     1.92    4.71
 103998.713   287.933    -2.72    5.37
 104374.695   286.960    -2.59    6.51
 104750.723   286.210    -2.00    7.52
 105126.795   287.839     4.33    6.94
 105502.913   290.939     8.24    6.43
 105879.076   291.928     2.63    5.93
 106255.284   293.379     3.86    5.65
 106631.538   294.960     4.20    5.29
 107007.837   296.031     2.85    5.17
 107384.181   296.137     0.28    6.03
 107760.571   292.875    -8.67    8.83
 108137.005   286.365   -17.30   10.23
 108513.486   280.892   -14.54    8.95
 108890.011   277.554    -8.86    7.03
 109266.582   279.160     4.27    9.12
 109643.199   282.672     9.33    9.93
 110019.861   284.392     4.57    7.75
 110396.568   279.890   -11.95   10.52
 110773.321   275.024   -12.92   10.99
 111150.120   272.081    -7.81   11.51
 111526.964   273.222     3.03   12.70
 111903.853   278.621    14.33   10.51
 112280.788   281.372     7.30    6.72
 112657.769   279.827    -4.10    5.57
 113034.795   276.224    -9.56    7.80
 113411.867   270.002   -16.50   10.45
 113788.984   258.748   -29.85   13.60
 114166.147   254.758   -10.58   11.73
 114543.356   260.312    14.72   15.97
 114920.610   268.813    22.54   16.51
 115297.910   277.802    23.83   10.97
 115675.256   282.589    12.69    4.23
 116052.648   283.277     1.82    3.63
 116430.085   283.335     0.15    3.29
 116807.568   281.556    -4.71    3.75
 117185.097   278.652    -7.69    5.70
 117562.672   275.379    -8.67    8.05
 117940.292   269.363   -15.93   11.45
 118317.958   259.537   -26.02   14.14
 118695.670   248.718   -28.65   12.75
 119073.429   243.637   -13.45   10.69
 119451.232   244.763     2.98   12.92
 119829.082   248.367     9.54   14.18
 120206.978   256.064    20.37   14.49
 120584.920   265.697    25.49   16.28
 120962.908   272.606    18.28   17.04
 121340.941   280.359    20.51   14.21
 121719.021   287.843    19.80    5.27
 122097.147   290.786     7.78    3.76
 122475.318   292.261     3.90    3.08
 122853.536   292.933     1.78    2.89
 123231.800   291.895    -2.74    3.37
 123610.110   289.540    -6.23    4.98
 123988.466   284.636   -12.96    6.66
 124366.869   279.046   -14.77    7.30
 124745.317   273.169   -15.53    7.55
 125123.811   267.033   -16.21    6.85
 125502.352   263.024   -10.59    5.91
 125872.389   260.540    -6.71    6.53
 126241.997   258.815    -4.67    7.88
 126611.649   257.573    -3.36    9.56
 126981.344   256.089    -4.01   11.11
 127351.084   256.779     1.87   11.69
 127720.867   258.206     3.86   11.87
 128090.694   260.745     6.87   10.92
 128460.566   263.322     6.97    5.95
 128830.481   258.492   -13.06   10.36
 129200.440   249.856   -23.35   13.86
 129570.443   244.558   -14.32   14.58
 129940.490   240.306   -11.49   16.06
 130310.582   240.008    -0.80   16.92
 130680.717   239.654    -0.96   18.70
 131050.896   235.901   -10.14   19.86
 131421.120   230.875   -13.58   20.36
 131791.388   224.938   -16.04   20.09
 132161.699   217.490   -20.11   17.39
 132532.055   210.938   -17.69   13.92
 132902.455   206.057   -13.18   11.35
 133272.899   204.750    -3.53   10.28
 133643.388   206.129     3.72   12.13
 134013.920   210.046    10.58   14.30
 134384.497   214.214    11.25   13.71
 134755.118   218.487    11.53   13.51
 135125.783   224.982    17.53   16.59
 135496.493   231.899    18.66   18.35
 135867.247   239.650    20.91   15.88
 136238.045   244.710    13.65    9.95
 136608.888   243.089    -4.37    7.76
 136979.774   239.589    -9.44    9.10
 137350.706   233.815   -15.57    9.60
 137721.681   226.671   -19.26    7.82
 138092.701   221.906   -12.84    7.01
 138463.766   217.734   -11.25    6.35
 138834.874   214.153    -9.65    6.31
 139206.028   210.831    -8.95    6.63
 139577.226   208.411    -6.52    7.03
 139948.468   206.605    -4.87    7.67
 140319.755   207.195     1.59   10.21
 140691.086   214.042    18.44   16.73
 141062.462   221.996    21.42   19.51
 141433.882   230.425    22.70   18.34
 141805.347   238.037    20.50   10.52
 142176.856   238.134     0.26    6.79
 142548.411   234.539    -9.68    5.93
 142920.009   232.065    -6.66    4.39
 143291.653   231.972    -0.25    4.61
 143663.341   232.750     2.09    5.00
 144035.073   232.176    -1.54    4.75
 144406.851   231.671    -1.36    4.13
 144778.673   229.621    -5.51    4.02
 145150.540   227.827    -4.82    3.57
 145522.451   228.167     0.91    4.45
 145894.408   229.163     2.68    4.39
 146266.409   231.040     5.05    3.69
 146638.455   232.772     4.66    5.18
 147010.546   233.030     0.69    6.52
 147382.681   234.664     4.39    7.49
