# NaN NaN NaN ;Mean Elev.(m), Avg Gradient(m/km), RMS Gradient(m/km) - SRTM1     
#   19.002  -0.072  13.650 ;Mean Elev.(m), Avg Gradient(m/km), RMS Gradient(m/km) - ASTER GDEM
#   23.032  -0.174  14.060 ;Mean Elev.(m), Avg Gradient(m/km), RMS Gradient(m/km) - GMTED2010 
  7  48.131494  52.447674    28.349    28.299 38 52461.31418759 12.846
  8  48.129508  52.453970    28.315    28.327 35 52496.31418746 11.126
  9  48.131974  52.444762    27.579    27.821 40 52531.31417514 21.633
 11  48.131414  52.478142    28.384    28.046 22 52601.31420409 17.660
 12  48.129297  52.447819    28.196    28.188 38 52636.31417327 28.125
 13  48.088958  52.377541    28.786    28.758  4 52671.31419321  8.807
 14  48.110628  52.402414    28.610    28.421 22 52706.31418461 11.137
 15  48.109531  52.426137   150.364   150.139 10 52741.31421344  3.999
 16  48.131332  52.469809    28.507    28.498 27 52776.31414859 36.733
 17  48.130031  52.448446    28.639    28.167 38 52811.31422965 14.535
 18  48.130629  52.446132    28.139    28.107 38 52846.31428532 17.964
 19  48.128145  52.456888    28.161    28.195 33 52881.31432047 27.123
 20  48.129963  52.461782    28.520    28.265 31 52916.31427677 16.733
 21  48.136438  52.440622    28.927    28.146 40 52951.31424121 12.786
 22  48.132233  52.443782    27.859    27.895 39 52986.31425968 23.387
 23  48.101073  52.396899    31.558    28.310 20 53021.31425885 25.255
 24  48.113783  52.401747    28.443    28.385 23 53056.31424717 13.919
 25  48.124900  52.475718    97.980    98.715  4 53091.31427086  0.215
 26  48.132670  52.445224    29.463    28.407 39 53126.31424667 12.824
 27  48.130448  52.467384    29.427    28.092 27 53161.31430485 12.665
 28  48.129306  52.450406    29.623    28.512 36 53196.31430614 11.790
 29  48.130638  52.449105    28.453    28.321 37 53231.31428929 11.211
 31  48.129617  52.464457    32.433    30.905 29 53301.31430703 11.561
 32  48.128203  52.456495    27.946    28.077 33 53336.31427916 24.383
 33  48.131390  52.473215    27.813    27.787 24 53371.31421294 24.940
 34  48.107987  52.399432    30.498    28.405 22 53406.31426292 24.153
 35  48.094188  52.397989    28.451    28.337  6 53441.31424988 13.169
 36  48.127819  52.454781    29.866    30.371 34 53476.31430564 28.752
 38  48.131795  52.474775    27.897    27.804 23 53546.31433269 12.273
 39  48.130440  52.465514    30.538    30.167 29 53581.31430761 10.383
 40  48.131274  52.482475    28.086    28.038 20 53616.31425937 10.871
 41  48.130921  52.449219    28.657    28.130 38 53651.31427999  9.836
 42  48.131016  52.469648    27.556    27.371 27 53686.31428270 23.867
 44  48.130966  52.429854    30.171    29.113 29 53756.31414507 29.118
 45  48.103470  52.396728    29.566    28.617 20 53791.31417886 17.731
 46  48.136217  52.440036    28.350    28.360 41 53826.31413080 27.027
 48  48.130327  52.448890    28.227    27.949 37 53896.31423957 15.595
 49  48.131832  52.482257    28.336    28.341 20 53931.31428412 16.420
 50  48.131768  52.479780    28.113    28.113 20 53966.31426091 12.914
 51  48.135559  52.439346    27.805    28.055 41 54001.31422932 28.739
 52  48.130627  52.446026    29.094    28.229 38 54036.31426905 10.363
 53  48.129245  52.453228    27.662    27.838 36 54071.31426218 44.651
 54  48.131968  52.481365    28.406    28.417 21 54106.31420855 37.804
 55  48.127244  52.442972   150.739   150.286  7 54141.31419725  0.326
 56  48.131160  52.470794    29.372    28.009 26 54176.31419184 13.119
 57  48.129285  52.450958    34.904    35.612 36 54211.31420263 11.691
 58  48.128741  52.451693    29.089    28.560 36 54246.31423207 11.768
 60  48.129184  52.454795    28.246    28.257 35 54316.31424085 24.642
 61  48.130344  52.467693    28.112    28.009 27 54351.31420558 10.785
 62  48.130457  52.450466    28.144    28.023 36 54386.31418077  9.780
 63  48.132321  52.471298    32.627    31.147 26 54421.31415477 12.005
 64  48.133453  52.446644    28.158    28.192 38 54456.31415420 31.107
 65  48.128167  52.457011    28.117    28.104 33 54491.31415902 16.821
 66  48.131226  52.448177    28.539    28.564 38 54526.31416684 41.682
 67  48.130947  52.469615    28.659    28.629 27 54561.31416487 48.819
 68  48.128574  52.453582    28.671    28.713 35 54596.31416147 36.281
 69  48.128904  52.456262    28.183    28.182 34 54631.31417487 32.093
 70  48.128796  52.457642    27.996    27.992 34 54666.31418071 12.005
 71  48.130944  52.467591    27.964    27.939 28 54701.31414716 12.567
 72  48.130614  52.446423    28.006    27.890 38 54736.31414259 10.729
 73  48.129874  52.459553    28.780    28.145 32 54771.31412970  9.365
 74  48.130017  52.447764    29.515    28.229 38 54806.31413612  9.761
 75  48.128744  52.454365    28.167    28.187 35 54841.31412626 33.059
 76  48.128763  52.451162    28.118    28.123 36 54876.31413699 21.209
 77  48.131355  52.475071    28.302    28.303 23 54911.31412775 14.468
 78  48.129591  52.451892    29.718    28.616 35 54946.31412909 11.437
 79  48.129970  52.459671    28.589    28.302 32 54981.31415383 10.652
 80  48.128868  52.454701    28.158    28.166 35 55016.31415597 15.319
 81  48.129106  52.454390    28.153    28.124 35 55051.31415048 10.750
 82  48.131044  52.474683    28.017    27.960 23 55086.31411174 39.119
 83  48.130594  52.446011    28.055    28.044 38 55121.31408636 11.100
 84  48.129909  52.466137    28.150    28.155 28 55156.31407368 10.601
 85  48.131231  52.448895    27.932    27.934 37 55191.31407509 20.949
 86  48.092060  52.385909    28.565    28.628  7 55226.31409036 14.510
 87  48.131026  52.455184   141.088   141.088  2 55261.31406976  0.293
 88  48.131192  52.469883    28.418    28.338 26 55296.31405838 25.010
 89  48.128594  52.458378    28.668    28.656 32 55331.31404941 36.347
 90  48.130221  52.461839    27.516    27.548 31 55366.31404195 17.951
 91  48.130155  52.446766    27.860    27.872 38 55401.31405767 20.414
 92  48.128272  52.453286    28.057    28.047 35 55436.31406062 10.234
 93  48.132420  52.476422    28.720    28.220 23 55471.31400802  8.970
