-161467.542    42.148     0.00    1.90
-161094.696    42.482     0.90    1.82
-160721.888    42.443    -0.10    2.11
-160349.119    42.412    -0.08    2.21
-159976.388    42.356    -0.15    2.26
-159603.695    42.332    -0.06    2.33
-159231.041    42.043    -0.77    2.13
-158858.425    41.998    -0.12    2.17
-158485.847    41.705    -0.79    1.96
-158113.308    41.570    -0.36    1.74
-157740.807    41.845     0.74    1.64
-157368.344    42.311     1.25    1.73
-156995.919    42.534     0.60    1.64
-156623.533    42.848     0.84    1.28
-156251.185    42.738    -0.30    1.12
-155878.874    42.463    -0.74    1.03
-155506.603    42.397    -0.18    1.01
-155134.369    42.027    -0.99    1.25
-154762.173    41.324    -1.89    1.44
-154390.016    40.569    -2.03    1.53
-154017.897    39.606    -2.59    1.47
-153645.816    38.552    -2.83    1.58
-153273.772    37.163    -3.73    1.66
-152901.768    35.942    -3.28    1.73
-152529.801    34.623    -3.54    1.54
-152157.872    33.298    -3.56    1.79
-151785.981    32.104    -3.21    1.60
-151414.128    30.938    -3.14    1.39
-151042.314    29.742    -3.22    1.42
-150670.537    28.724    -2.74    1.60
-150298.798    27.534    -3.20    1.58
-149927.098    26.640    -2.41    1.47
-149555.435    25.759    -2.37    1.12
-149183.810    25.079    -1.83    0.94
-148812.223    24.789    -0.78    0.77
-148440.674    24.760    -0.08    0.77
-148069.163    24.623    -0.37    0.89
-147697.690    24.659     0.10    0.95
-147326.255    24.622    -0.10    0.84
-146954.858    24.534    -0.24    1.02
-146583.498    24.236    -0.80    1.26
-146212.177    24.008    -0.61    1.36
-145840.893    23.445    -1.52    1.12
-145469.647    22.433    -2.73    1.54
-145098.439    21.605    -2.23    1.71
-144727.269    20.431    -3.16    1.80
-144356.136    19.033    -3.77    1.59
-143985.041    17.640    -3.76    1.76
-143613.984    16.330    -3.53    1.69
-143242.965    15.298    -2.78    1.48
-142871.984    14.552    -2.01    1.11
-142501.040    14.086    -1.26    0.99
-142130.134    14.008    -0.21    1.10
-141759.265    13.657    -0.95    1.13
-141388.435    13.552    -0.28    1.18
-141017.642    13.657     0.28    1.18
-140646.886    13.927     0.73    1.21
-140276.169    13.988     0.17    1.36
-139905.488    14.332     0.93    1.47
-139534.846    14.748     1.12    1.38
-139164.241    14.925     0.48    1.41
-138793.674    15.061     0.37    1.19
-138423.144    14.731    -0.89    1.35
-138047.027    14.359    -0.99    1.23
-137668.877    14.499     0.37    1.01
-137290.766    14.710     0.56    1.05
-136912.694    14.748     0.10    1.02
-136534.661    14.724    -0.06    1.17
-136156.668    14.533    -0.51    1.12
-135778.713    14.298    -0.62    1.14
-135400.798    13.607    -1.83    1.76
-135022.922    13.920     0.83    2.08
-134645.085    14.380     1.22    2.27
-134267.288    14.445     0.17    2.33
-133889.529    15.113     1.77    1.76
-133511.810    14.515    -1.58    1.75
-133134.129    14.177    -0.89    1.43
-132756.488    13.815    -0.96    1.25
-132378.886    13.587    -0.60    0.91
-132001.323    13.394    -0.51    1.08
-131623.798    13.141    -0.67    1.19
-131246.313    12.823    -0.84    1.38
-130868.867    12.534    -0.77    1.34
-130491.460    12.044    -1.30    1.59
-130114.092    11.079    -2.56    2.08
-129736.763    10.675    -1.07    2.06
-129359.473    10.991     0.84    2.10
-128982.221    11.727     1.95    2.05
-128605.009    12.873     3.04    1.25
-128227.836    13.478     1.60    1.23
-127850.701    13.622     0.38    1.22
-127473.606    13.784     0.43    1.31
-127096.549    14.069     0.75    1.31
-126719.531    14.219     0.40    1.21
-126342.552    14.106    -0.30    1.29
-125965.612    13.925    -0.48    1.35
-125588.711    13.606    -0.85    1.12
-125211.848    13.409    -0.52    1.18
-124835.024    13.407    -0.01    1.31
-124458.239    13.213    -0.51    1.27
-124081.493    13.201    -0.03    1.45
-123704.785    13.254     0.14    1.66
-123328.117    13.141    -0.30    1.72
-122951.487    13.311     0.45    1.54
-122574.895    13.162    -0.40    1.52
-122198.343    12.856    -0.81    1.58
-121821.829    12.500    -0.94    1.68
-121445.354    12.088    -1.10    1.74
-121068.917    12.464     1.00    1.87
-120692.519    13.677     3.22    2.26
-120316.160    15.131     3.86    2.33
-119939.839    16.963     4.87    2.07
-119563.557    18.441     3.93    1.51
-119187.313    18.991     1.46    0.96
-118811.108    18.677    -0.83    1.44
-118434.942    18.060    -1.64    1.62
-118058.814    17.320    -1.97    1.44
-117682.725    17.338     0.05    1.36
-117306.674    17.772     1.16    1.26
-116930.662    17.991     0.58    0.98
-116554.688    17.587    -1.07    1.16
-116178.753    16.737    -2.26    1.40
-115802.856    15.677    -2.82    1.60
-115426.997    14.359    -3.51    1.53
-115051.178    13.096    -3.36    1.69
-114675.396    12.159    -2.49    1.57
-114299.653    11.766    -1.05    1.42
-113923.948    11.655    -0.30    1.32
-113548.282    12.070     1.10    1.21
-113172.654    12.094     0.07    1.07
-112797.064    11.816    -0.74    1.42
-112421.513    11.373    -1.18    1.44
-112046.000    10.973    -1.07    1.31
-111670.526    10.659    -0.84    1.30
-111295.089    10.587    -0.19    1.18
-110919.691    10.461    -0.34    1.43
-110544.331     9.798    -1.77    1.57
-110169.010     9.441    -0.95    1.70
-109793.727     9.397    -0.12    1.80
-109418.482     9.570     0.46    1.89
-109043.275     9.605     0.09    1.68
-108668.107     9.742     0.37    1.41
-108292.976     9.731    -0.03    1.47
-107917.884    10.096     0.97    1.38
-107542.830    10.756     1.76    1.41
-107167.814    11.289     1.42    1.38
-106792.836    11.725     1.16    1.20
-106417.897    11.518    -0.55    1.56
-106042.995    11.231    -0.77    1.82
-105668.132    10.570    -1.76    1.91
-105293.307     9.640    -2.48    1.75
-104918.520     9.516    -0.33    1.54
-104543.771     9.638     0.33    1.26
-104169.060    10.219     1.55    1.27
-103794.387    10.248     0.08    1.46
-103419.752    10.441     0.51    1.63
-103045.155    10.695     0.68    1.60
-102670.596    11.427     1.95    1.62
-102296.075    12.155     1.95    1.32
-101921.592    12.956     2.14    1.37
-101547.147    13.763     2.16    1.62
-101172.739    15.431     4.46    2.23
-100798.370    17.316     5.03    2.65
-100424.039    19.416     5.61    2.58
-100049.746    21.879     6.58    3.08
 -99675.490    24.213     6.24    3.43
 -99301.273    24.802     1.57    3.14
 -98927.093    24.657    -0.39    3.05
 -98552.951    23.956    -1.88    2.56
 -98178.847    23.605    -0.94    2.02
 -97804.781    24.482     2.35    1.97
 -97430.752    26.025     4.13    1.82
 -97056.762    27.552     4.08    1.59
 -96682.809    28.608     2.82    1.41
 -96308.894    29.586     2.62    1.21
 -95935.017    30.394     2.16    1.00
 -95561.177    30.815     1.13    0.86
 -95187.375    31.248     1.16    0.78
 -94813.611    31.677     1.15    0.95
 -94439.885    32.016     0.91    0.81
 -94066.196    32.200     0.49    0.73
 -93692.545    32.383     0.49    0.75
 -93318.932    32.606     0.60    0.86
 -92945.356    32.857     0.67    0.88
 -92571.818    33.163     0.82    0.86
 -92198.318    33.498     0.90    0.84
 -91824.855    33.412    -0.23    0.95
 -91451.430    33.195    -0.58    0.94
 -91078.042    32.903    -0.78    1.04
 -90704.692    32.412    -1.32    1.34
 -90331.380    31.766    -1.73    1.37
 -89958.105    31.052    -1.91    1.26
 -89584.868    30.416    -1.70    1.32
 -89211.668    29.766    -1.74    1.46
 -88838.506    28.991    -2.08    1.39
 -88465.381    28.070    -2.47    1.63
 -88092.294    27.195    -2.35    1.83
 -87719.244    26.166    -2.76    1.98
 -87346.231    25.284    -2.36    1.83
 -86973.256    24.516    -2.06    1.69
 -86600.319    23.461    -2.83    1.87
 -86227.419    22.289    -3.14    1.89
 -85854.556    21.089    -3.22    1.46
 -85481.731    20.397    -1.86    0.95
 -85108.943    20.284    -0.30    0.82
 -84736.193    20.482     0.53    1.00
 -84363.479    20.920     1.18    0.98
 -83990.804    21.149     0.61    1.07
 -83618.165    21.447     0.80    1.25
 -83245.564    21.731     0.76    1.42
 -82873.000    22.052     0.86    1.33
 -82500.474    22.382     0.89    1.30
 -82127.984    22.738     0.96    1.28
 -81755.532    22.788     0.13    1.41
 -81383.118    23.332     1.46    1.63
 -81010.740    23.861     1.42    1.51
 -80638.400    24.302     1.18    1.25
 -80266.097    24.219    -0.22    1.21
 -79893.831    23.963    -0.69    1.14
 -79521.602    23.324    -1.72    1.40
 -79149.411    22.499    -2.22    1.66
 -78777.256    21.606    -2.40    1.81
 -78405.139    20.648    -2.57    1.80
 -78033.059    19.806    -2.26    1.84
 -77661.016    19.225    -1.56    1.81
 -77289.011    18.973    -0.68    1.58
 -76917.042    18.830    -0.39    1.41
 -76545.110    18.320    -1.37    2.12
 -76173.216    17.833    -1.31    2.68
 -75801.358    17.427    -1.09    2.57
 -75429.538    16.766    -1.78    3.10
 -75057.754    15.464    -3.50    3.82
 -74686.008    13.149    -6.23    4.08
 -74314.299    10.533    -7.04    3.96
 -73942.626     8.745    -4.81    3.91
 -73570.991     6.515    -6.00    4.80
 -73199.393     3.380    -8.44    4.94
 -72827.831     0.909    -6.65    4.85
 -72456.307    -1.448    -6.34    3.16
 -72084.819    -2.805    -3.65    1.80
 -71713.369    -3.412    -1.63    0.27
 -71341.955    -3.448    -0.10    0.00
 -70970.578    -3.448     0.00    0.00
 -70599.238    -3.448     0.00    0.00
 -70227.935    -3.237     0.57    0.96
 -69856.669    -2.741     1.34    1.72
 -69485.440    -2.390     0.95    2.02
 -69114.247    -2.627    -0.64    1.77
 -68743.092    -2.921    -0.79    1.43
 -68371.973    -3.394    -1.28    0.40
 -68000.891    -3.448    -0.14    0.00
 -67629.845    -3.448     0.00    0.00
 -67258.837    -3.448     0.00    0.00
 -66887.865    -3.448     0.00    0.00
 -66516.930    -3.448     0.00    0.00
 -66146.032    -3.448     0.00    0.00
 -65775.170    -3.448     0.00    0.00
 -65404.345    -3.448     0.00    0.00
 -65033.557    -3.448     0.00    0.00
 -64662.806    -3.448     0.00    0.00
 -64292.091    -3.448     0.00    0.00
 -63921.413    -3.448     0.00    0.00
 -63550.771    -3.448     0.00    0.00
 -63175.041    -2.984     1.24    2.44
 -62796.974     0.177     8.36    7.15
 -62418.944     4.412    11.20    8.34
 -62040.953     9.284    12.89    7.55
 -61663.001    13.789    11.92    4.40
 -61285.086    14.986     3.17    3.13
 -60907.210    15.856     2.30    2.89
 -60529.371    16.409     1.47    2.48
 -60151.571    17.731     3.50    3.84
 -59773.809    20.766     8.04    4.74
 -59396.086    23.061     6.08    4.26
 -59018.400    24.123     2.81    2.78
 -58640.752    23.722    -1.06    2.07
 -58263.143    22.885    -2.22    1.69
 -57885.571    22.409    -1.26    1.21
 -57508.038    22.409     0.00    1.14
 -57130.543    22.328    -0.22    1.08
 -56753.085    22.373     0.12    1.13
 -56375.666    21.891    -1.28    1.25
 -55998.285    21.456    -1.15    1.29
 -55620.941    21.106    -0.93    1.25
 -55243.636    20.710    -1.05    1.08
 -54866.369    20.641    -0.18    1.07
 -54489.139    20.657     0.04    0.98
 -54111.948    20.734     0.20    1.07
 -53734.794    20.605    -0.34    1.01
 -53357.679    20.552    -0.14    0.97
 -52980.601    20.293    -0.69    0.85
 -52603.561    20.097    -0.52    0.69
 -52226.559    20.061    -0.10    0.69
 -51849.595    19.868    -0.51    0.63
 -51472.669    19.770    -0.26    0.60
 -51095.780    19.690    -0.21    0.48
 -50718.930    19.533    -0.42    0.31
 -50342.117    19.588     0.15    0.33
 -49965.342    19.640     0.14    0.43
 -49588.605    19.675     0.09    0.47
 -49211.905    19.640    -0.09    0.54
 -48835.244    19.623    -0.04    0.50
 -48458.620    19.623     0.00    0.60
 -48082.033    19.417    -0.55    0.56
 -47705.485    19.464     0.12    0.47
 -47328.974    19.391    -0.19    0.53
 -46952.501    19.289    -0.27    0.48
 -46576.065    19.177    -0.30    0.56
 -46199.668    19.123    -0.14    0.63
 -45823.308    19.155     0.09    0.65
 -45446.985    19.261     0.28    0.69
 -45070.700    19.427     0.44    0.47
 -44694.453    19.534     0.28    0.30
 -44318.243    19.570     0.10    0.36
 -43942.071    19.606     0.09    0.44
 -43565.937    19.716     0.29    0.50
 -43189.840    19.998     0.75    0.76
 -42813.780    20.279     0.75    0.85
 -42437.759    20.780     1.33    1.05
 -42061.774    21.108     0.87    1.04
 -41685.827    20.833    -0.73    1.13
 -41309.918    20.188    -1.71    1.18
 -40934.046    19.780    -1.09    0.82
 -40558.212    19.570    -0.56    0.84
 -40182.415    19.097    -1.26    1.49
 -39806.656    18.043    -2.81    2.09
 -39430.934    17.206    -2.23    1.74
 -39055.249    16.727    -1.27    1.63
 -38679.602    16.892     0.44    1.57
 -38303.992    17.447     1.48    1.46
 -37928.419    17.820     0.99    1.31
 -37552.884    18.016     0.52    1.11
 -37177.387    18.201     0.49    1.16
 -36801.926    18.248     0.13    1.23
 -36426.503    18.276     0.07    1.17
 -36051.117    18.219    -0.15    1.30
 -35675.769    18.394     0.47    1.33
 -35300.458    18.515     0.32    1.41
 -34925.184    18.498    -0.04    1.41
 -34549.947    18.552     0.14    1.43
 -34174.748    18.641     0.24    1.40
 -33799.586    18.748     0.29    1.35
 -33424.461    19.007     0.69    1.21
 -33049.373    18.927    -0.21    1.14
 -32674.323    18.937     0.03    0.97
 -32299.309    18.897    -0.11    0.97
 -31924.333    19.007     0.29    0.72
 -31549.394    18.973    -0.09    0.65
 -31174.492    18.843    -0.35    0.83
 -30799.628    18.607    -0.63    1.04
 -30424.800    18.341    -0.71    1.18
 -30050.010    18.283    -0.16    1.27
 -29675.256    18.409     0.34    1.14
 -29300.540    18.516     0.28    1.15
 -28925.861    18.731     0.57    1.05
 -28551.219    18.748     0.05    1.02
 -28176.614    18.641    -0.29    1.08
 -27802.046    18.659     0.05    0.97
 -27427.515    18.719     0.16    0.91
 -27053.021    18.710    -0.02    0.82
 -26678.564    18.607    -0.28    0.93
 -26304.143    18.518    -0.24    0.95
 -25929.760    18.439    -0.21    1.01
 -25555.414    18.213    -0.60    1.01
 -25181.105    18.236     0.06    1.04
 -24806.833    18.219    -0.05    0.99
 -24432.598    18.429     0.56    0.87
 -24058.399    18.373    -0.15    1.03
 -23684.238    18.391     0.05    1.11
 -23310.113    18.475     0.22    1.19
 -22936.025    18.201    -0.73    1.41
 -22561.974    18.207     0.01    1.44
 -22187.960    18.324     0.31    1.57
 -21813.983    18.356     0.08    1.62
 -21440.043    18.517     0.43    1.30
 -21066.139    18.497    -0.05    1.46
 -20692.272    16.043    -6.57    5.64
 -20318.442    12.166   -10.37    7.84
 -19944.649     8.590    -9.57    7.74
 -19570.892     5.195    -9.09    6.32
 -19197.172     2.986    -5.91    3.91
 -18823.489     1.991    -2.66    1.07
 -18449.843     2.352     0.97    1.80
 -18076.234     2.766     1.11    2.43
 -17702.661     3.131     0.98    2.59
 -17329.124     3.097    -0.09    2.63
 -16955.625     3.341     0.65    1.76
 -16582.162     2.697    -1.72    1.18
 -16208.736     2.373    -0.87    1.15
 -15835.346     2.090    -0.76    1.07
 -15461.993     1.909    -0.49    1.07
 -15088.677     1.802    -0.29    1.22
 -14715.397     1.798    -0.01    1.34
 -14342.153     1.920     0.33    1.47
 -13968.947     2.219     0.80    1.69
 -13595.777     2.266     0.13    1.60
 -13222.643     2.182    -0.23    1.61
 -12849.546     2.328     0.39    1.51
 -12476.486     1.988    -0.91    1.33
 -12103.461     1.605    -1.03    1.03
 -11730.474     1.515    -0.24    1.27
 -11357.523     1.356    -0.43    1.17
 -10984.608     1.356     0.00    1.23
 -10611.730     1.463     0.29    1.24
 -10238.889     1.798     0.90    1.04
  -9866.083     2.088     0.78    0.99
  -9493.315     1.945    -0.38    1.00
  -9120.582     2.071     0.34    1.20
  -8747.886     2.155     0.23    1.39
  -8375.226     2.348     0.52    1.41
  -8002.603     2.412     0.17    1.36
  -7630.016     2.496     0.23    1.07
  -7257.466     2.570     0.20    1.11
  -6884.952     2.097    -1.27    1.33
  -6512.474     1.748    -0.94    1.67
  -6140.032     1.692    -0.15    1.72
  -5767.627     1.892     0.54    1.78
  -5395.258     2.373     1.29    1.81
  -5022.925     2.687     0.84    1.56
  -4650.628     2.356    -0.89    1.67
  -4278.368     2.152    -0.55    1.61
  -3906.144     2.766     1.65    2.03
  -3533.956     3.802     2.78    2.35
  -3161.805     4.727     2.49    2.28
  -2789.690     4.716    -0.03    2.23
  -2417.610     4.752     0.10    2.15
  -2045.567     4.482    -0.73    2.34
  -1673.560     3.948    -1.43    2.26
  -1301.590     3.409    -1.45    2.22
   -929.655     2.821    -1.58    2.77
   -557.757     1.784    -2.79    2.73
   -185.894     0.838    -2.55    2.39
    185.932     1.927     2.93    5.39
    557.722     5.784    10.37    8.49
    929.476     9.927    11.14    9.09
   1301.194    13.316     9.12    7.63
   1672.876    16.478     8.51    4.02
   2044.522    17.034     1.50    1.45
   2416.132    16.948    -0.23    1.50
   2787.706    16.692    -0.69    1.53
   3159.243    16.571    -0.33    1.71
   3530.745    16.359    -0.57    2.19
   3902.211    16.108    -0.68    2.14
   4273.641    15.763    -0.93    2.07
   4645.035    15.422    -0.92    2.38
   5016.393    15.661     0.64    2.30
   5387.715    15.607    -0.15    2.34
   5759.001    15.659     0.14    2.36
   6130.252    15.748     0.24    2.28
   6501.466    15.885     0.37    2.20
   6872.645    16.409     1.41    2.24
   7243.787    16.475     0.18    2.28
   7614.894    16.885     1.11    2.26
   7985.965    16.760    -0.34    2.24
   8357.000    16.201    -1.51    2.60
   8727.999    15.825    -1.01    2.39
   9098.963    15.359    -1.26    2.20
   9469.890    15.302    -0.15    2.15
   9840.782    15.213    -0.24    2.51
  10211.638    15.274     0.17    2.81
  10582.459    15.370     0.26    2.85
  10953.243    15.429     0.16    2.75
  11323.992    15.741     0.84    2.52
  11699.405    15.945     0.54    2.28
  12077.392    16.760     2.16    2.19
  12455.341    17.008     0.66    1.78
  12833.254    16.998    -0.03    1.95
  13211.129    16.981    -0.05    2.21
  13588.967    16.623    -0.95    2.24
  13966.768    16.571    -0.14    1.97
  14344.532    16.742     0.45    1.68
  14722.258    16.748     0.02    1.82
  15099.948    16.481    -0.71    2.02
  15477.600    15.843    -1.69    2.05
  15855.215    15.516    -0.86    1.66
  16232.793    16.184     1.77    1.85
  16610.334    16.854     1.78    1.62
  16987.838    17.302     1.19    1.50
  17365.305    17.609     0.81    1.46
  17742.734    17.445    -0.43    1.41
  18120.127    17.274    -0.45    1.31
  18497.483    17.207    -0.18    1.39
  18874.801    16.927    -0.74    1.36
  19252.083    16.770    -0.42    1.50
  19629.327    16.445    -0.86    2.02
  20006.535    16.307    -0.37    2.05
  20383.706    16.661     0.94    2.03
  20760.839    16.820     0.42    2.00
  21137.936    16.830     0.03    1.84
  21514.996    16.078    -1.99    2.05
  21892.019    14.916    -3.08    1.85
  22269.004    13.991    -2.45    1.10
  22645.954    13.937    -0.14    1.21
  23022.866    14.570     1.68    1.51
  23399.741    15.261     1.83    1.76
  23776.579    16.231     2.57    1.97
  24153.381    17.463     3.27    1.54
  24530.146    17.682     0.58    1.44
  24906.874    17.938     0.68    1.42
  25283.565    17.741    -0.52    1.64
  25660.219    17.516    -0.60    1.55
  26036.837    17.097    -1.11    1.50
  26413.417    16.793    -0.81    1.44
  26789.961    16.873     0.21    1.64
  27166.468    17.015     0.38    1.63
  27542.939    16.710    -0.81    1.74
  27919.373    16.250    -1.22    2.14
  28295.770    15.184    -2.83    2.14
  28672.130    13.788    -3.71    1.86
  29048.454    13.605    -0.49    1.53
  29424.741    13.663     0.16    1.70
  29800.991    13.811     0.39    1.78
  30177.205    14.177     0.97    1.74
  30553.382    14.360     0.49    1.97
  30929.523    15.131     2.05    2.06
  31305.626    16.089     2.55    1.45
  31681.694    16.070    -0.05    1.39
  32057.724    16.284     0.57    1.63
  32433.718    16.697     1.10    1.67
  32809.676    17.123     1.13    1.52
  33185.597    17.439     0.84    1.27
  33561.481    16.909    -1.41    1.74
  33937.329    16.326    -1.55    1.88
  34313.141    16.427     0.27    1.79
  34688.916    16.748     0.86    1.85
  35064.654    17.184     1.16    1.67
  35440.356    17.716     1.42    1.05
  35816.021    17.516    -0.53    1.09
  36191.651    17.284    -0.62    1.33
  36567.243    17.148    -0.36    1.36
  36942.799    17.052    -0.26    1.43
  37318.319    16.807    -0.65    1.46
  37693.802    16.606    -0.54    1.39
  38069.249    16.302    -0.81    1.32
  38444.660    15.970    -0.88    1.15
  38820.034    15.766    -0.54    1.00
  39195.372    15.722    -0.12    1.19
  39570.674    15.677    -0.12    1.21
  39945.939    15.398    -0.74    1.32
  40321.168    15.096    -0.81    1.27
  40696.360    15.079    -0.04    1.26
  41071.517    15.324     0.65    1.34
  41446.637    15.461     0.37    1.46
  41821.721    15.737     0.74    1.60
  42196.768    15.659    -0.21    1.85
  42571.780    15.610    -0.13    1.80
  42946.755    16.106     1.32    1.70
  43321.693    16.663     1.49    1.63
  43696.596    17.195     1.42    1.24
  44071.463    17.407     0.56    1.01
  44446.293    17.478     0.19    0.99
  44821.087    17.177    -0.80    1.23
  45195.845    16.774    -1.07    1.27
  45570.567    16.498    -0.74    1.24
  45945.252    16.167    -0.88    1.12
  46319.902    16.061    -0.28    0.98
  46694.515    16.025    -0.10    1.15
  47069.093    15.409    -1.64    1.35
  47443.634    15.097    -0.83    1.36
  47818.139    14.478    -1.65    1.45
  48192.608    14.916     1.17    1.74
  48567.042    15.477     1.50    1.72
  48941.439    15.891     1.11    1.77
  49315.800    16.571     1.82    1.26
  49690.125    16.677     0.28    1.24
  50064.414    17.079     1.07    1.25
  50438.667    17.534     1.22    1.17
  50812.884    17.766     0.62    1.11
  51187.065    17.843     0.20    1.21
  51561.210    17.820    -0.06    1.20
  51935.320    17.571    -0.67    1.23
  52309.393    17.141    -1.15    1.23
  52683.430    16.816    -0.87    1.09
  53057.432    16.927     0.30    1.09
  53431.398    17.243     0.84    1.07
  53805.327    17.463     0.59    1.08
  54179.221    17.811     0.93    1.05
  54553.079    17.843     0.08    0.98
  54926.902    17.820    -0.06    0.94
  55300.688    17.948     0.34    0.91
  55674.439    17.766    -0.49    1.00
  56048.153    17.840     0.20    0.96
  56421.832    17.679    -0.43    0.98
  56795.476    17.625    -0.15    0.94
  57169.083    17.288    -0.90    1.16
  57542.655    16.909    -1.01    1.17
  57916.191    16.682    -0.61    1.08
  58289.691    16.388    -0.79    0.96
  58663.155    16.479     0.24    1.18
  59036.584    16.802     0.86    1.24
  59409.977    16.802     0.00    1.36
  59783.335    16.570    -0.62    1.53
  60156.656    16.370    -0.53    1.49
  60529.942    16.588     0.58    1.26
  60903.193    16.970     1.02    1.26
  61276.408    17.071     0.27    1.09
  61649.587    17.106     0.09    1.19
  62022.730    17.212     0.29    1.21
  62395.838    16.713    -1.34    1.49
  62768.911    15.994    -1.93    1.79
  63141.947    15.752    -0.65    1.87
  63514.949    15.952     0.54    1.75
  63887.914    16.373     1.13    1.65
  64260.844    16.643     0.72    1.52
  64633.739    16.659     0.04    1.26
  65006.598    16.269    -1.05    1.26
  65379.422    16.261    -0.02    1.27
  65752.210    16.570     0.83    1.07
  66124.962    16.956     1.04    0.98
  66497.680    17.445     1.31    0.78
  66870.361    17.646     0.54    0.84
  67243.008    17.873     0.61    0.97
  67615.618    17.752    -0.33    1.79
  67988.194    17.608    -0.39    2.37
  68360.734    17.641     0.09    2.13
  68733.238    18.033     1.05    1.24
  69105.707    18.141     0.29    0.93
  69478.141    18.097    -0.12    0.79
  69850.540    18.149     0.14    0.78
  70222.903    18.264     0.31    0.89
  70595.231    18.338     0.20    0.93
  70967.523    18.404     0.18    0.92
  71339.780    18.606     0.54    0.84
  71712.002    18.459    -0.39    1.15
  72084.189    18.061    -1.07    1.44
  72456.340    17.963    -0.26    1.51
  72828.456    17.788    -0.47    1.45
  73200.537    17.659    -0.35    1.33
  73572.582    17.725     0.18    0.96
  73944.592    17.367    -0.96    1.07
  74316.567    17.118    -0.67    1.08
  74688.507    17.043    -0.20    1.05
  75060.412    17.175     0.35    1.10
  75432.281    17.320     0.39    1.19
  75804.115    17.516     0.53    1.15
  76175.915    17.766     0.67    1.06
  76547.678    17.784     0.05    1.01
  76919.407    17.922     0.37    1.10
  77291.101    17.838    -0.23    1.00
  77662.760    17.802    -0.10    0.99
  78034.383    17.891     0.24    0.90
  78405.971    17.821    -0.19    0.91
  78777.525    17.820    -0.00    1.02
  79149.043    17.959     0.38    1.04
  79520.526    17.909    -0.14    1.03
  79891.974    17.988     0.21    1.00
  80263.387    17.963    -0.07    0.95
  80634.765    17.986     0.06    1.10
  81006.108    18.152     0.45    1.08
  81377.416    18.284     0.36    0.96
  81748.689    18.283    -0.00    0.93
  82119.928    18.159    -0.33    0.87
  82491.131    18.321     0.44    0.83
  82862.299    18.373     0.14    0.79
  83233.432    18.477     0.28    0.83
  83604.530    18.481     0.01    0.81
  83975.594    18.445    -0.10    0.80
  84346.622    18.478     0.09    0.80
  84717.616    18.464    -0.04    0.83
  85088.574    18.330    -0.36    0.88
  85459.498    18.213    -0.32    1.08
  85830.387    17.929    -0.76    1.27
  86201.241    17.677    -0.68    1.32
  86576.403    17.321    -0.95    1.29
  86954.311    17.356     0.09    1.33
  87332.182    17.274    -0.22    1.11
  87710.017    17.302     0.07    0.98
  88087.815    17.359     0.15    0.95
  88465.578    17.307    -0.14    1.12
  88843.304    17.248    -0.15    1.13
  89220.994    17.363     0.30    1.11
  89598.647    17.320    -0.12    1.22
  89976.265    17.588     0.71    1.26
  90353.846    17.719     0.35    1.34
  90731.391    17.873     0.41    1.11
  91108.900    17.911     0.10    1.09
  91486.373    17.820    -0.24    1.00
  91863.810    17.748    -0.19    0.92
  92241.210    17.788     0.11    0.92
  92618.575    17.534    -0.67    1.10
  92995.903    17.316    -0.58    1.25
  93373.196    16.807    -1.35    1.31
  93750.452    16.774    -0.09    1.16
  94127.672    16.588    -0.49    1.04
  94504.856    16.684     0.25    1.06
  94882.005    16.909     0.60    1.09
  95259.117    17.052     0.38    1.06
  95636.193    17.034    -0.05    1.11
  96013.233    17.034     0.00    1.06
  96390.237    16.854    -0.48    0.93
  96767.205    16.623    -0.61    0.97
  97144.137    16.395    -0.61    0.97
  97521.034    16.266    -0.34    0.91
  97897.894    16.089    -0.47    0.88
  98274.718    16.033    -0.15    0.86
  98651.507    16.213     0.48    0.92
  99028.259    16.212    -0.00    0.94
  99404.976    16.141    -0.19    0.89
  99781.657    16.360     0.58    1.01
 100158.302    16.588     0.61    1.07
 100534.911    16.756     0.44    0.94
 100911.484    16.756     0.00    1.23
 101288.022    16.427    -0.87    1.25
 101664.523    16.311    -0.31    1.30
 102040.989    16.254    -0.15    1.21
 102417.419    16.379     0.33    1.13
 102793.814    16.316    -0.17    1.19
 103170.172    16.330     0.04    1.09
 103546.495    16.231    -0.26    0.97
 103922.782    16.326     0.25    1.01
 104299.033    16.682     0.95    1.05
 104675.249    16.788     0.28    1.02
 105051.429    16.898     0.29    0.99
 105427.573    16.802    -0.26    1.01
 105803.681    16.756    -0.12    1.07
 106179.754    16.659    -0.26    1.22
 106555.791    16.338    -0.85    1.22
 106931.793    16.311    -0.07    1.27
 107307.758    16.231    -0.21    1.35
 107683.689    15.797    -1.15    1.52
 108059.583    16.088     0.77    1.35
 108435.442    16.090     0.01    1.35
 108811.266    15.734    -0.95    1.40
 109187.054    15.463    -0.72    1.42
 109562.806    15.388    -0.20    1.33
 109938.523    15.409     0.06    1.07
 110314.204    15.330    -0.21    1.11
 110689.850    15.425     0.25    1.02
 111065.460    15.264    -0.43    1.09
 111441.034    15.170    -0.25    1.06
 111816.573    15.152    -0.05    1.13
 112192.077    15.052    -0.27    1.03
 112567.545    15.237     0.49    1.11
 112942.978    15.288     0.13    1.04
 113318.375    14.981    -0.82    0.93
 113693.737    14.748    -0.62    0.98
 114069.064    14.625    -0.33    0.92
 114444.355    14.514    -0.29    0.92
 114819.610    14.570     0.15    0.94
 115194.831    14.443    -0.34    0.96
 115570.016    14.496     0.14    1.16
 115945.165    14.445    -0.14    1.26
 116320.279    14.515     0.19    1.21
 116695.358    14.404    -0.30    1.12
 117070.402    14.321    -0.22    1.10
 117445.410    14.352     0.08    1.04
 117820.383    14.477     0.33    1.09
 118195.320    14.516     0.10    1.02
 118570.223    14.307    -0.56    1.09
 118945.090    14.071    -0.63    1.11
 119319.921    13.734    -0.90    1.20
 119694.718    13.437    -0.79    1.25
 120069.479    12.998    -1.17    1.28
 120444.205    12.687    -0.83    1.31
 120818.896    12.695     0.02    1.33
 121193.552    12.885     0.51    1.37
 121568.172    13.097     0.57    1.21
 121942.758    13.266     0.45    1.11
 122317.308    13.231    -0.09    1.05
 122691.823    13.088    -0.38    1.11
 123066.303    13.129     0.11    1.18
 123440.747    13.089    -0.11    1.11
 123815.157    13.071    -0.05    1.24
 124189.532    12.590    -1.28    1.40
 124563.871    12.152    -1.17    1.37
 124938.175    11.934    -0.58    1.21
 125312.445    12.089     0.41    1.34
 125686.679    12.126     0.10    1.37
 126060.878    12.279     0.41    1.28
 126435.042    12.417     0.37    1.39
 126809.171    12.516     0.26    1.71
 127183.265    12.737     0.59    1.75
 127557.324    12.998     0.70    1.89
 127931.348    13.274     0.74    1.82
 128305.338    13.311     0.10    1.73
 128679.292    13.695     1.03    1.68
 129053.211    13.454    -0.64    1.66
 129427.095    12.988    -1.25    1.61
 129800.944    12.610    -1.01    1.58
 130174.759    12.097    -1.37    1.49
 130548.538    12.219     0.32    1.58
 130922.283    12.629     1.10    1.68
 131295.993    13.088     1.23    1.92
 131669.667    13.071    -0.05    2.05
 132043.307    12.571    -1.34    2.13
 132416.913    11.811    -2.03    2.22
 132790.483    11.207    -1.62    1.66
 133164.018    11.321     0.31    1.46
 133537.519    11.407     0.23    1.38
 133910.985    11.170    -0.63    1.53
 134284.416    10.766    -1.08    1.68
 134657.812    10.552    -0.57    1.95
 135031.174    10.425    -0.34    1.93
 135404.500    10.588     0.44    1.86
 135777.792    10.760     0.46    1.69
 136151.050    11.016     0.69    1.69
 136524.272    11.071     0.15    1.66
 136897.460    11.141     0.19    1.56
 137270.613    11.194     0.14    1.27
 137643.731    11.206     0.03    1.23
 138016.815    10.963    -0.65    1.47
 138389.864    10.793    -0.46    1.48
 138762.879    10.248    -1.46    1.52
 139135.858    10.024    -0.60    1.35
 139508.804     9.697    -0.87    1.30
 139881.714     9.802     0.28    1.34
 140254.590     9.861     0.16    1.27
 140627.431    10.348     1.31    1.31
 141000.238    10.534     0.50    1.23
 141373.010    10.330    -0.55    1.22
 141745.748    10.007    -0.87    1.32
 142118.451     9.641    -0.98    1.31
 142491.119     9.219    -1.13    1.27
 142863.753     9.266     0.13    1.37
 143236.353     9.206    -0.16    1.36
 143608.917     9.177    -0.08    1.34
 143981.448     8.967    -0.56    1.25
 144353.944     8.970     0.01    1.29
 144726.405     8.645    -0.87    1.43
 145098.832     8.477    -0.45    1.43
 145471.225     8.407    -0.19    1.41
 145843.583     8.007    -1.07    1.23
 146215.907     7.661    -0.93    1.18
 146588.196     7.311    -0.94    1.13
 146960.451     7.404     0.25    1.45
 147332.671     7.764     0.97    1.67
 147704.857     7.734    -0.08    1.66
 148077.009     7.760     0.07    1.94
 148449.126     8.266     1.36    2.38
 148821.209     8.015    -0.68    2.49
 149193.258     7.352    -1.78    2.74
 149565.272     6.641    -1.91    2.60
 149937.252     6.156    -1.31    1.84
 150309.198     6.106    -0.13    1.91
 150681.110     6.148     0.11    1.89
 151052.987     5.756    -1.06    1.62
 151424.829     5.278    -1.29    1.30
 151796.638     5.005    -0.73    1.28
 152168.412     4.609    -1.07    1.36
 152540.153     4.106    -1.35    1.65
 152911.858     3.811    -0.79    1.51
 153283.530     3.879     0.18    1.54
 153655.168     4.495     1.66    1.57
 154026.771     5.005     1.37    1.01
 154398.340     5.279     0.74    0.99
 154769.875     5.610     0.89    1.00
 155141.376     5.734     0.33    0.86
 155512.842     5.764     0.08    0.96
 155884.275     5.748    -0.04    1.07
 156255.673     5.741    -0.02    1.21
 156627.037     5.873     0.36    1.65
 156998.367     5.659    -0.58    1.90
 157369.663     5.496    -0.44    1.73
 157740.925     5.159    -0.91    1.37
 158112.153     5.326     0.45    1.35
 158483.347     5.697     1.00    1.39
 158854.507     6.103     1.09    1.47
 159225.633     6.404     0.81    1.53
 159596.724     6.571     0.45    1.46
 159967.782     6.856     0.77    1.22
 160338.806     7.237     1.03    1.13
 160709.795     7.266     0.08    1.16
 161080.751     6.967    -0.81    1.25
 161455.729     6.830    -0.37    1.37
 161833.560     6.266    -1.49    1.47
 162211.356     6.317     0.13    1.53
 162589.116     6.373     0.15    1.43
 162966.842     6.219    -0.41    1.35
 163344.532     6.007    -0.56    1.58
 163722.186     5.388    -1.64    1.82
 164099.806     4.941    -1.18    1.63
 164477.390     4.534    -1.08    1.52
 164854.939     4.167    -0.97    1.47
 165232.453     4.516     0.92    1.33
 165609.931     4.627     0.30    1.44
 165987.374     4.975     0.92    1.46
 166364.782     5.445     1.24    1.33
 166742.155     5.625     0.48    1.45
 167119.493     5.608    -0.05    1.50
 167496.795     5.571    -0.10    1.45
 167874.063     5.279    -0.77    1.55
 168251.295     5.118    -0.43    1.45
 168628.492     5.016    -0.27    1.43
 169005.654     4.970    -0.12    1.41
 169382.781     5.156     0.49    1.41
 169759.872     5.326     0.45    1.31
 170136.929     5.493     0.44    1.03
 170513.950     5.589     0.25    1.13
 170890.937     5.533    -0.15    1.19
 171267.888     5.623     0.24    1.31
 171644.805     5.395    -0.61    1.42
 172021.686     5.307    -0.23    1.36
 172398.532     5.182    -0.33    1.47
 172775.344     4.725    -1.21    1.42
 173152.120     3.952    -2.05    1.65
 173528.861     3.363    -1.56    1.57
 173905.568     3.338    -0.07    1.53
 174282.239     3.459     0.32    1.43
 174658.875     4.033     1.52    1.33
 175035.477     4.284     0.67    1.26
 175412.044     4.332     0.13    1.28
 175788.575     4.479     0.39    1.26
 176165.072     4.200    -0.74    1.44
 176541.534     4.177    -0.06    1.50
 176917.961     4.552     1.00    1.78
 177294.353     5.137     1.55    1.79
 177670.710     5.409     0.72    1.82
 178047.033     5.052    -0.95    1.90
 178423.320     4.700    -0.93    1.78
 178799.573     4.860     0.42    1.88
 179175.791     4.898     0.10    1.64
 179551.974     4.774    -0.33    1.53
 179928.122     4.496    -0.74    1.39
 180304.236     4.219    -0.74    1.35
 180680.315     4.071    -0.39    1.26
 181056.359     4.195     0.33    1.26
 181432.368     4.336     0.38    1.38
 181808.343     4.682     0.92    1.41
 182184.282     5.274     1.58    1.70
 182560.188     5.106    -0.45    1.79
 182936.058     4.709    -1.06    1.71
 183311.894     4.477    -0.62    1.59
 183687.695     4.134    -0.91    1.47
 184063.461     3.802    -0.88    1.51
 184439.193     3.659    -0.38    1.27
 184814.890     4.061     1.07    1.46
 185190.553     4.409     0.93    1.47
 185566.180     4.784     1.00    1.36
 185941.774     4.934     0.40    1.28
 186317.332     5.106     0.46    1.13
 186692.856     5.292     0.50    1.05
 187068.346     5.661     0.98    1.10
 187443.801     5.737     0.20    1.24
 187819.221     5.897     0.43    1.31
 188194.607     6.213     0.84    1.37
 188569.959     6.156    -0.15    1.38
 188945.275     6.141    -0.04    1.28
 189320.558     6.099    -0.11    1.25
 189695.805     6.126     0.07    1.46
 190071.019     6.192     0.18    1.31
 190446.198     6.024    -0.45    1.31
 190821.342     6.005    -0.05    1.62
 191196.452     5.719    -0.76    1.50
 191571.528     5.922     0.54    1.58
 191946.569     5.703    -0.58    1.39
 192321.575     6.071     0.98    1.38
 192696.548     6.244     0.46    1.25
 193071.485     6.385     0.38    1.22
 193446.389     6.663     0.74    1.11
 193821.258     6.498    -0.44    1.09
 194196.093     6.302    -0.52    1.14
 194570.893     6.126    -0.47    1.16
 194945.659     5.811    -0.84    1.10
 195320.391     6.080     0.72    1.26
 195695.089     6.320     0.64    1.35
 196069.752     6.454     0.36    1.42
 196444.381     6.534     0.21    1.47
 196818.975     6.571     0.10    1.38
 197193.536     6.589     0.05    1.37
 197568.062     6.588    -0.00    1.44
 197942.553     6.552    -0.10    1.33
 198317.011     6.463    -0.24    1.27
 198691.434     6.148    -0.84    1.07
 199065.823     6.145    -0.01    1.06
 199440.178     6.187     0.11    1.09
 199814.499     6.269     0.22    1.34
 200188.786     6.443     0.46    1.38
 200563.038     6.830     1.03    1.38
 200937.256     6.788    -0.11    1.32
 201311.440     6.648    -0.37    1.16
 201685.590     6.533    -0.31    1.18
 202059.706     6.356    -0.47    1.18
 202433.788     6.200    -0.42    1.05
 202807.836     6.043    -0.42    1.09
 203181.849     6.034    -0.02    1.01
 203555.829     6.071     0.10    1.02
 203929.774     6.079     0.02    1.10
 204303.685     6.311     0.62    1.13
 204677.562     6.495     0.49    1.15
 205051.406     6.713     0.58    1.07
 205425.215     7.072     0.96    1.16
 205798.990     7.248     0.47    1.16
 206172.731     7.367     0.32    1.21
 206546.439     7.388     0.06    1.33
 206920.112     7.207    -0.49    1.36
 207293.751     7.156    -0.14    1.29
 207667.356     7.248     0.25    1.20
 208040.928     6.911    -0.90    1.13
 208414.465     6.916     0.01    1.11
 208787.969     6.879    -0.10    1.13
 209161.438     6.934     0.15    1.18
 209534.874     7.052     0.32    1.27
 209908.276     6.948    -0.28    1.31
 210281.644     6.959     0.03    1.28
 210654.978     6.830    -0.35    1.22
 211028.278     6.760    -0.19    1.13
 211401.544     6.778     0.05    1.20
 211774.777     6.737    -0.11    1.23
 212147.975     7.033     0.79    1.15
 212521.140     7.052     0.05    1.18
 212894.271     6.867    -0.50    1.08
 213267.369     6.963     0.26    1.09
 213640.432     6.873    -0.24    1.11
 214013.462     7.005     0.35    1.25
 214386.458     7.025     0.05    1.14
 214759.420     6.911    -0.31    1.26
 215132.348     6.370    -1.45    1.53
 215505.243     6.652     0.76    1.80
 215878.104     6.625    -0.07    1.75
 216250.932     6.665     0.11    1.74
 216623.725     6.645    -0.06    1.46
 216996.485     6.534    -0.30    1.50
 217369.211     6.609     0.20    1.35
 217741.904     6.498    -0.30    1.41
 218114.563     6.533     0.09    1.35
 218487.188     6.496    -0.10    1.32
 218859.780     6.252    -0.66    1.39
 219232.338     6.175    -0.21    1.67
 219604.863     6.360     0.50    1.93
 219977.353     6.514     0.41    1.86
 220349.811     6.533     0.05    2.01
 220722.234     6.879     0.93    2.06
 221094.625     7.611     1.96    2.39
 221466.981     8.212     1.62    2.43
 221839.304     8.626     1.11    1.82
 222211.594     8.090    -1.44    1.91
 222583.850     7.606    -1.30    1.46
 222956.072     7.238    -0.99    1.16
 223328.261     7.141    -0.26    1.14
 223700.417     7.194     0.14    1.30
 224072.539     6.934    -0.70    1.35
 224444.627     6.352    -1.56    1.54
 224816.682     6.533     0.49    1.86
 225188.704     6.588     0.15    2.00
 225560.692     6.648     0.16    2.12
 225932.647     7.461     2.19    2.13
 226304.569     7.610     0.40    2.03
 226676.457     7.496    -0.30    1.89
 227048.311     6.959    -1.44    2.01
 227420.132     6.458    -1.35    1.99
 227791.920     5.552    -2.44    2.51
 228163.675     4.496    -2.84    2.85
 228535.396     3.137    -3.66    2.58
 228907.084     2.099    -2.79    1.25
 229278.738     3.250     3.10    2.59
 229650.359     4.983     4.66    3.07
 230021.947     6.367     3.72    2.42
 230393.502     7.167     2.15    1.62
 230765.023     7.088    -0.21    1.46
 231136.511     7.118     0.08    1.26
 231507.966     8.141     2.75    2.05
 231879.387     9.700     4.20    2.48
 232250.776    10.441     1.99    2.25
 232622.131    10.873     1.16    1.94
 232993.452    11.118     0.66    1.75
 233364.741    10.945    -0.47    1.77
 233735.996    10.571    -1.01    1.70
 234107.219    10.404    -0.45    1.61
 234478.408    10.667     0.71    1.64
 234849.563    10.967     0.81    1.63
 235220.686    10.420    -1.47    2.43
 235591.776     9.005    -3.81    3.38
 235962.832     7.382    -4.37    3.45
 236337.686     5.892    -3.98    2.71
 236715.443     5.256    -1.68    2.38
 237093.166     6.115     2.27    2.68
 237470.854     8.404     6.06    3.77
 237848.508    10.741     6.19    3.32
 238226.128    12.316     4.17    2.34
 238603.713    12.703     1.03    1.94
 238981.264    11.737    -2.56    2.02
 239358.780    11.269    -1.24    2.04
 239736.262    11.033    -0.63    2.06
 240113.710    10.811    -0.59    2.34
 240491.124    10.293    -1.37    3.02
 240868.503     8.909    -3.67    3.23
 241245.848     7.454    -3.86    2.52
 241623.159     7.206    -0.66    2.23
 242000.435     7.571     0.97    2.03
 242377.677     7.840     0.72    1.58
 242754.885     7.679    -0.43    1.54
 243132.059     7.778     0.26    1.62
 243509.198     8.427     1.72    1.71
 243886.304     8.986     1.48    1.59
 244263.375     9.420     1.15    1.51
 244640.411     9.479     0.16    2.02
 245017.414     9.052    -1.13    2.12
 245394.383     8.856    -0.52    2.07
 245771.317     8.552    -0.81    1.84
 246148.217     8.716     0.43    1.72
 246525.083    10.225     4.00    3.19
 246901.915    12.080     4.92    4.18
 247278.713    14.231     5.71    3.74
 247655.476    15.652     3.77    2.59
 248032.206    15.825     0.46    2.12
 248408.901    15.175    -1.73    1.73
 248785.563    14.703    -1.25    1.57
 249162.190    14.373    -0.87    1.63
 249538.783    14.005    -0.98    1.56
 249915.343    13.679    -0.86    1.45
 250291.868    13.610    -0.18    1.51
 250668.359    14.348     1.96    1.93
 251044.816    14.994     1.72    2.04
 251421.240    15.532     1.43    1.94
 251797.629    15.463    -0.19    1.90
 252173.984    15.514     0.14    2.04
 252550.306    15.533     0.05    2.09
 252926.593    15.937     1.07    1.87
 253302.846    16.344     1.08    1.78
 253679.066    16.458     0.30    1.63
 254055.251    16.783     0.86    1.58
 254431.403    17.571     2.09    1.50
 254807.521    17.478    -0.25    1.50
 255183.605    16.904    -1.53    1.86
 255559.655    16.302    -1.60    1.88
 255935.671    16.175    -0.34    1.76
 256311.653    16.167    -0.02    1.88
 256687.602    16.663     1.32    1.70
 257063.516    17.005     0.91    1.69
 257439.397    16.645    -0.96    1.81
 257815.244    16.118    -1.40    2.00
 258191.057    16.272     0.41    2.18
 258566.837    16.922     1.73    2.29
 258942.583    17.665     1.98    2.22
 259318.294    18.388     1.92    1.65
 259693.973    18.475     0.23    1.58
 260069.617    18.141    -0.89    1.71
 260445.228    18.043    -0.26    1.35
 260820.805    17.986    -0.15    1.56
 261196.348    18.625     1.70    2.12
 261571.857    19.652     2.73    1.81
 261947.333    20.052     1.07    1.33
 262322.775    20.250     0.53    1.15
 262698.184    20.134    -0.31    1.07
 263073.559    19.952    -0.48    0.76
 263448.900    20.090     0.37    0.87
 263824.208    20.052    -0.10    0.87
 264199.482    19.872    -0.48    0.94
 264574.722    19.370    -1.34    1.32
 264949.929    18.700    -1.79    1.17
 265325.102    18.182    -1.38    1.05
 265700.241    17.830    -0.94    1.09
 266075.347    17.967     0.37    1.18
 266450.420    18.123     0.42    1.29
 266825.459    18.532     1.09    1.21
 267200.464    18.904     0.99    0.95
 267575.436    18.802    -0.27    1.20
 267950.374    18.382    -1.12    1.53
 268325.279    17.793    -1.57    1.70
 268700.151    17.379    -1.10    1.85
 269074.988    17.497     0.32    1.70
 269449.793    17.684     0.50    1.29
 269824.564    17.867     0.49    1.24
 270199.301    18.083     0.58    1.17
 270574.005    18.194     0.30    1.21
 270948.676    18.437     0.65    1.18
 271323.313    18.760     0.86    1.10
 271697.917    19.099     0.91    0.89
 272072.487    19.706     1.62    1.76
 272447.024    20.024     0.85    1.69
 272821.528    20.552     1.41    1.70
 273195.998    20.496    -0.15    1.55
 273570.435    19.802    -1.85    0.90
 273944.839    19.682    -0.32    0.87
 274319.209    19.420    -0.70    0.62
 274693.546    19.356    -0.17    0.67
 275067.850    19.454     0.26    0.73
 275442.120    19.475     0.06    0.74
 275816.357    19.385    -0.24    0.75
 276190.561    19.244    -0.38    0.96
 276564.731    19.207    -0.10    0.95
 276938.869    19.434     0.61    0.86
 277312.973    19.516     0.22    0.69
 277687.043    19.458    -0.16    0.53
 278061.081    19.439    -0.05    0.61
 278435.085    19.425    -0.04    0.84
 278809.056    19.356    -0.18    0.87
 279182.994    19.391     0.09    0.93
 279556.899    19.092    -0.80    1.07
 279930.771    19.033    -0.16    1.08
 280304.609    18.760    -0.73    1.15
 280678.414    18.967     0.56    1.05
 281052.186    18.861    -0.28    1.23
 281425.925    18.646    -0.57    1.32
 281799.631    18.248    -1.06    1.33
 282173.304    17.967    -0.75    1.10
 282546.944    18.052     0.23    1.00
 282920.550    18.258     0.55    0.92
 283294.124    18.495     0.64    0.86
 283667.664    18.741     0.66    0.74
 284041.172    19.023     0.75    0.78
 284414.646    19.334     0.83    0.71
 284788.087    19.494     0.43    0.67
 285161.496    19.571     0.21    0.70
 285534.871    19.573     0.00    0.81
 285908.213    19.609     0.10    0.69
 286281.523    19.612     0.01    0.71
 286654.799    19.646     0.09    0.69
 287028.042    19.589    -0.15    0.70
 287401.253    19.588    -0.00    0.72
 287774.430    19.611     0.06    0.76
 288147.575    19.741     0.35    0.79
 288520.686    20.156     1.11    0.91
 288893.765    20.321     0.44    0.96
 289266.810    20.589     0.72    1.03
 289639.823    21.199     1.63    1.61
 290012.803    21.516     0.85    1.60
 290385.750    21.948     1.16    1.60
 290758.665    21.970     0.06    1.49
 291131.546    21.783    -0.50    1.31
 291504.395    21.741    -0.11    1.30
 291877.210    21.141    -1.61    1.12
 292249.993    21.454     0.84    1.42
 292622.743    21.645     0.51    1.55
 292995.460    21.692     0.13    1.53
 293368.145    22.061     0.99    1.40
 293740.797    22.071     0.03    1.41
 294113.415    22.885     2.18    1.44
 294486.002    23.106     0.59    1.41
 294858.555    23.494     1.04    1.30
 295231.076    23.607     0.30    1.25
 295603.564    23.760     0.41    1.23
 295976.019    24.237     1.28    1.26
 296348.441    24.674     1.17    1.17
 296720.831    24.703     0.08    1.34
 297093.188    25.052     0.94    1.42
 297465.513    24.994    -0.15    1.36
 297837.805    24.929    -0.17    1.35
 298210.064    25.005     0.20    1.31
 298582.290    24.917    -0.23    1.17
 298954.484    24.791    -0.34    1.14
 299326.645    24.778    -0.04    1.18
