# NaN NaN NaN ;Mean Elev.(m), Avg Gradient(m/km), RMS Gradient(m/km) - SRTM1     
#    4.006  -8.178  30.050 ;Mean Elev.(m), Avg Gradient(m/km), RMS Gradient(m/km) - ASTER GDEM
#    8.010  -8.079  28.427 ;Mean Elev.(m), Avg Gradient(m/km), RMS Gradient(m/km) - GMTED2010 
  8  45.911431  50.790080    14.758    14.738 30 52499.31851866 46.817
 11  45.907304  50.787687    14.825    14.943 30 52604.31851993 20.076
 12  45.919963  50.793439    15.574    15.558 27 52639.31849912 46.562
 13  45.904872  50.776171    16.280    16.421 20 52674.31849883 12.663
 14  45.925562  50.805855    16.878    15.846 19 52709.31850741 12.124
 16  45.923361  50.795350    15.313    15.299 27 52779.31847385 35.597
 17  45.920405  50.793797    15.073    15.086 28 52814.31855841 34.228
 18  45.921725  50.794626    14.986    15.046 27 52849.31861109 17.804
 19  45.910778  50.790128    15.087    15.264 30 52884.31864779 41.403
 20  45.910940  50.790735    15.122    15.142 29 52919.31860407 12.330
 21  45.930547  50.798293    14.282    14.747 25 52954.31856536 21.186
 22  45.928229  50.797678    15.454    15.464 26 52989.31857457 44.782
 23  45.918904  50.792428    15.361    15.366 28 53024.31855867 33.466
 24  45.928610  50.796666    15.180    15.175 26 53059.31855479 23.668
 25  45.899751  50.785871    14.745    15.048 30 53094.31859545 21.555
 26  45.927492  50.796292    15.024    15.013 26 53129.31856428 32.962
 28  45.916671  50.792374    15.645    15.659 28 53199.31863480 45.851
 29  45.922272  50.794662    14.603    14.688 28 53234.31860431 35.721
 30  45.925420  50.796068    15.135    15.121 26 53269.31856989 36.759
 31  45.911941  50.791059    15.082    14.992 29 53304.31863246 16.504
 32  45.911218  50.790369    15.195    15.203 29 53339.31860149 48.985
 33  45.909026  50.789561    14.795    14.770 29 53374.31853359 34.263
 34  45.921912  50.794678    14.990    14.985 28 53409.31857420 34.903
 35  45.905206  50.787914    15.454    15.439 31 53444.31855948 42.958
 36  45.912657  50.790638    15.306    15.504 29 53479.31863687 50.499
 37  45.914925  50.791442    16.101    16.128 28 53514.31864425 48.594
 38  45.906346  50.788538    15.817    15.102 30 53549.31866398 14.244
 39  45.914259  50.792891    15.431    15.386 29 53584.31862625 44.386
 40  45.901496  50.788263    14.962    14.944 30 53619.31858405 15.365
 41  45.918704  50.793465    14.975    14.987 28 53654.31860799 15.373
 42  45.910475  50.790402    15.026    15.030 29 53689.31860475 14.219
 43  45.908109  50.789004    17.785    15.167 30 53724.31852960 18.438
 44  45.923831  50.780323    15.126    15.130 13 53759.31847235 27.559
 45  45.915991  50.792352    32.332    26.084 28 53794.31848984 10.141
 46  45.934402  50.807872    16.331    16.344 19 53829.31846117 24.473
 47  45.916668  50.792117    15.577    15.617 28 53864.31854476 22.277
 48  45.917147  50.792925    14.668    14.639 29 53899.31856972 20.462
 49  45.903123  50.787403    14.615    14.800 30 53934.31861513 16.517
 50  45.905313  50.787999    14.914    14.913 30 53969.31858564 27.315
 51  45.929474  50.797660    14.921    14.904 26 54004.31855620 17.838
 52  45.923035  50.793967    14.640    14.781 27 54039.31859007 17.722
 53  45.914984  50.792474    14.939    14.832 29 54074.31858519 18.120
 54  45.903529  50.788689    15.534    15.522 30 54109.31853148 46.807
 55  45.920665  50.794874    15.282    15.282 28 54144.31852204 30.337
 57  45.917791  50.792606    15.051    15.092 28 54214.31853023 18.555
 58  45.916664  50.792596    14.957    14.937 29 54249.31855788 15.941
 59  45.915966  50.792956    14.993    14.991 29 54284.31856580 18.011
 60  45.916474  50.792999    14.776    14.725 28 54319.31856328 38.149
 61  45.909385  50.789536    15.789    15.721 29 54354.31852745 13.243
 62  45.917911  50.793273    14.998    14.968 28 54389.31850348 14.031
 63  45.911736  50.790496    14.296    14.513 29 54424.31847727 19.926
 64  45.923720  50.796551    15.221    15.212 27 54459.31847806 23.594
 65  45.912878  50.791298    15.205    15.200 29 54494.31848178 23.114
 66  45.927412  50.806772    16.158    16.255 20 54529.31848889 20.477
 67  45.907039  50.787717    14.294    14.818 30 54564.31848932 46.051
 68  45.916390  50.792436    15.110    15.105 29 54599.31848717 16.935
 69  45.914696  50.792958    14.005    14.304 29 54634.31849997 31.935
 70  45.913099  50.792138    14.845    14.833 29 54669.31850483 23.497
 71  45.911484  50.790449    14.974    15.022 30 54704.31846883 14.666
 72  45.920658  50.794169    14.696    14.930 27 54739.31846675 15.967
 73  45.912759  50.790274    14.578    14.731 29 54774.31845034 15.501
 74  45.922162  50.794684    15.183    15.227 27 54809.31846009 21.540
 75  45.912209  50.790361    15.256    15.240 29 54844.31844837 25.980
 76  45.916876  50.793253    15.258    15.235 28 54879.31846398 21.527
 77  45.906371  50.788759    15.205    15.207 30 54914.31845290 25.694
 78  45.916252  50.792712    15.566    15.558 29 54949.31845602 34.277
 79  45.914018  50.791240    14.312    14.274 29 54984.31848158 25.986
 80  45.915777  50.792119    14.891    14.886 28 55019.31847755 12.969
 81  45.914480  50.791684    13.552    14.179 28 55054.31847362 33.114
 82  45.907209  50.788370    14.801    14.857 30 55089.31843509 14.817
 83  45.919979  50.794426    14.600    14.757 28 55124.31841044 23.714
 84  45.909899  50.789496    14.615    14.792 30 55159.31839592 17.036
 85  45.921571  50.793813    14.897    14.880 27 55194.31840040 41.123
 86  45.908710  50.790279    14.532    14.528 30 55229.31839811 21.358
 87  45.917858  50.793209    15.931    15.977 27 55264.31839602 12.272
 88  45.910095  50.790853    15.432    15.449 30 55299.31838048 48.806
 89  45.912335  50.790440    15.491    15.479 29 55334.31837396 27.177
 90  45.914189  50.791042    14.251    14.302 29 55369.31836514 22.741
 91  45.921322  50.795069    14.547    14.504 27 55404.31838091 25.990
 92  45.914451  50.792442    14.366    14.360 29 55439.31838299 23.625
 93  45.908586  50.789365    14.027    14.070 30 55474.31833025 20.458
