-244269.960    -8.232     0.00    0.68
-243898.889    -8.216     0.04    0.64
-243527.783    -8.186     0.08    0.72
-243156.641    -8.323    -0.37    0.77
-242785.465    -8.450    -0.34    0.74
-242414.253    -8.323     0.34    0.67
-242043.006    -8.314     0.02    0.70
-241671.724    -8.323    -0.02    0.67
-241300.407    -8.237     0.23    0.54
-240929.055    -8.184     0.14    0.54
-240557.667    -8.161     0.06    0.47
-240186.244    -8.129     0.09    0.53
-239814.786    -8.182    -0.14    0.66
-239443.293    -8.277    -0.25    0.74
-239071.764    -8.305    -0.08    0.76
-238700.201    -8.381    -0.20    0.76
-238328.602    -8.484    -0.28    0.89
-237956.967    -8.545    -0.16    0.95
-237585.298    -8.430     0.31    0.98
-237213.593    -8.128     0.81    0.85
-236841.852    -7.962     0.45    0.60
-236470.077    -7.805     0.42    0.62
-236098.266    -7.764     0.11    0.63
-235726.420    -7.805    -0.11    0.56
-235354.538    -7.828    -0.06    0.52
-234982.621    -7.950    -0.33    0.38
-234610.669    -8.015    -0.18    0.64
-234238.681    -8.127    -0.30    0.70
-233866.658    -8.184    -0.15    0.69
-233494.599    -8.180     0.01    0.59
-233122.505    -8.200    -0.05    0.51
-232750.376    -8.128     0.20    0.36
-232378.211    -8.109     0.05    0.33
-232006.010    -8.073     0.10    0.19
-231633.774    -8.073     0.00    0.27
-231261.503    -8.092    -0.05    0.24
-230889.196    -8.144    -0.14    0.32
-230516.854    -8.243    -0.26    0.43
-230144.476    -8.377    -0.36    0.54
-229772.062    -8.480    -0.28    0.57
-229399.613    -8.441     0.10    0.56
-229027.129    -8.369     0.19    0.54
-228654.608    -8.314     0.15    0.51
-228282.053    -8.200     0.30    0.39
-227909.461    -8.148     0.14    0.27
-227536.834    -8.144     0.01    0.32
-227164.172    -8.169    -0.07    0.30
-226791.473    -8.180    -0.03    0.31
-226418.739    -8.258    -0.21    0.39
-226045.970    -8.309    -0.14    0.43
-225673.165    -8.269     0.11    0.40
-225300.324    -8.221     0.13    0.36
-224927.447    -8.108     0.30    0.38
-224554.535    -7.873     0.63    0.93
-224181.587    -7.792     0.22    0.94
-223808.603    -7.554     0.64    1.06
-223435.583    -7.644    -0.24    1.14
-223062.528    -7.714    -0.19    1.11
-222689.437    -7.877    -0.43    1.03
-222316.310    -7.855     0.06    0.94
-221943.148    -7.652     0.54    0.94
-221569.949    -7.627     0.07    0.85
-221196.715    -7.448     0.48    1.04
-220823.445    -7.359     0.24    1.07
-220450.139    -7.167     0.51    1.10
-220076.797    -7.198    -0.08    0.99
-219703.420    -7.258    -0.16    1.05
-219330.006    -7.237     0.06    1.03
-218956.557    -7.277    -0.11    0.98
-218583.072    -7.091     0.50    1.08
-218209.550    -7.203    -0.30    1.05
-217835.993    -7.291    -0.24    0.99
-217462.400    -7.341    -0.13    0.96
-217088.771    -7.658    -0.85    0.69
-216715.106    -7.752    -0.25    0.77
-216341.405    -7.804    -0.14    0.74
-215967.668    -7.769     0.09    0.74
-215593.895    -7.332     1.17    1.03
-215220.086    -7.073     0.69    1.07
-214846.241    -6.912     0.43    1.02
-214472.360    -6.673     0.64    1.05
-214098.443    -6.591     0.22    1.03
-213724.490    -6.509     0.22    1.01
-213350.501    -6.196     0.84    1.05
-212976.476    -6.169     0.07    1.14
-212602.415    -5.966     0.54    1.11
-212228.317    -5.764     0.54    1.23
-211854.184    -5.734     0.08    1.23
-211480.014    -5.528     0.55    1.15
-211105.808    -5.554    -0.07    1.00
-210731.566    -5.644    -0.24    0.85
-210357.288    -5.714    -0.19    1.04
-209982.973    -5.752    -0.10    0.97
-209608.623    -5.554     0.53    1.08
-209234.236    -5.144     1.09    1.11
-208859.813    -4.906     0.64    1.11
-208485.354    -4.691     0.57    1.03
-208110.859    -4.466     0.60    0.98
-207736.327    -4.400     0.18    1.07
-207361.759    -4.323     0.21    1.07
-206987.155    -4.342    -0.05    1.09
-206612.514    -4.234     0.29    0.95
-206237.837    -4.205     0.08    0.92
-205863.124    -4.198     0.02    0.88
-205488.375    -4.400    -0.54    0.79
-205113.589    -4.328     0.19    0.87
-204738.767    -4.412    -0.23    0.90
-204363.908    -4.269     0.38    0.92
-203989.013    -4.109     0.43    1.03
-203614.082    -4.208    -0.26    1.10
-203239.114    -4.319    -0.30    1.17
-202864.110    -4.346    -0.07    1.16
-202489.070    -4.591    -0.65    1.01
-202113.993    -4.800    -0.56    1.31
-201738.879    -5.269    -1.25    1.43
-201363.730    -5.787    -1.38    1.37
-200988.543    -6.166    -1.01    1.40
-200613.320    -6.466    -0.80    1.50
-200238.061    -6.804    -0.90    1.54
-199862.765    -6.966    -0.43    1.40
-199487.433    -6.818     0.39    1.27
-199112.064    -6.377     1.18    1.56
-198736.658    -5.769     1.62    1.49
-198361.216    -5.234     1.43    1.40
-197985.738    -5.019     0.57    1.58
-197610.223    -5.188    -0.45    1.59
-197234.671    -5.178     0.03    1.70
-196859.082    -5.673    -1.32    1.68
-196483.457    -6.055    -1.02    1.46
-196107.796    -6.746    -1.84    1.17
-195732.097    -7.218    -1.26    0.95
-195356.362    -7.519    -0.80    0.89
-194980.591    -7.620    -0.27    0.91
-194604.782    -7.519     0.27    0.95
-194228.937    -7.361     0.42    0.91
-193853.056    -7.287     0.20    0.85
-193477.137    -7.400    -0.30    0.79
-193101.182    -7.709    -0.82    0.93
-192725.190    -8.127    -1.11    0.82
-192349.161    -8.359    -0.62    0.93
-191973.096    -8.716    -0.95    1.05
-191596.993    -8.977    -0.69    1.24
-191220.854    -9.143    -0.44    1.18
-190844.679    -9.273    -0.35    1.16
-190468.466    -9.162     0.29    1.15
-190092.216    -9.346    -0.49    1.10
-189715.930    -9.582    -0.63    1.14
-189339.607    -9.494     0.23    1.15
-188963.246    -9.535    -0.11    1.21
-188586.849    -9.519     0.04    1.28
-188210.415    -9.703    -0.49    1.17
-187833.945    -9.698     0.01    1.14
-187457.437    -9.546     0.40    1.10
-187080.892    -9.273     0.72    1.04
-186704.311    -9.091     0.48    1.04
-186327.692    -9.035     0.15    1.13
-185951.036    -8.948     0.23    1.06
-185574.344    -8.647     0.80    1.25
-185197.614    -8.354     0.78    1.08
-184820.848    -8.448    -0.25    0.98
-184444.044    -8.655    -0.55    0.94
-184067.203    -8.716    -0.16    0.86
-183690.326    -8.519     0.52    0.91
-183313.411    -8.073     1.18    1.04
-182936.459    -7.535     1.43    1.16
-182559.470    -7.180     0.94    1.37
-182182.444    -7.002     0.47    1.29
-181805.381    -7.091    -0.24    1.27
-181428.281    -7.354    -0.70    1.10
-181051.143    -7.425    -0.19    0.85
-180673.969    -7.359     0.18    0.87
-180296.757    -7.208     0.40    0.95
-179919.508    -7.020     0.50    1.01
-179542.222    -6.691     0.87    1.05
-179164.898    -6.573     0.31    0.89
-178787.538    -6.705    -0.35    0.90
-178410.140    -6.818    -0.30    1.00
-178032.705    -6.933    -0.30    0.99
-177655.233    -6.943    -0.03    1.05
-177277.723    -7.354    -1.09    0.98
-176900.177    -7.673    -0.85    1.01
-176522.592    -7.841    -0.44    0.89
-176144.971    -7.441     1.06    1.40
-175767.312    -6.647     2.10    1.89
-175389.616    -5.394     3.32    2.31
-175011.883    -3.925     3.89    2.56
-174634.112    -2.769     3.06    2.74
-174256.304    -1.455     3.48    2.62
-173878.458    -0.691     2.02    2.18
-173500.575     0.231     2.44    1.36
-173122.655     0.371     0.37    1.11
-172749.470     0.141    -0.62    1.36
-172378.822    -0.016    -0.43    1.46
-172008.139    -0.073    -0.15    1.36
-171637.419    -0.054     0.05    1.23
-171266.664    -0.502    -1.21    1.32
-170895.873    -1.305    -2.17    1.33
-170525.046    -1.930    -1.69    1.26
-170154.183    -2.582    -1.76    1.20
-169783.284    -2.928    -0.93    0.97
-169412.349    -2.823     0.28    1.12
-169041.378    -2.502     0.87    1.20
-168670.371    -2.162     0.91    1.10
-168299.328    -1.979     0.49    1.13
-167928.249    -1.722     0.69    1.09
-167557.134    -1.814    -0.25    1.07
-167185.983    -2.055    -0.65    1.11
-166814.796    -2.536    -1.29    1.11
-166443.573    -2.930    -1.06    1.03
-166072.314    -3.382    -1.22    0.94
-165701.018    -3.757    -1.01    1.20
-165329.687    -4.248    -1.32    1.31
-164958.319    -4.389    -0.38    1.36
-164586.915    -4.341     0.13    1.37
-164215.475    -3.925     1.12    1.66
-163843.999    -2.728     3.22    2.21
-163472.487    -1.536     3.21    2.09
-163100.939    -0.564     2.61    1.79
-162729.354     0.248     2.18    1.19
-162357.733     0.498     0.67    0.91
-161986.076     0.463    -0.10    0.76
-161614.383     0.681     0.59    0.87
-161242.653     0.646    -0.09    1.01
-160870.888     0.623    -0.06    1.06
-160499.086     0.713     0.24    1.04
-160127.247     0.686    -0.07    1.04
-159755.373     0.874     0.51    0.93
-159383.462     1.034     0.43    0.76
-159011.514     1.048     0.04    0.86
-158639.531     1.002    -0.12    0.83
-158267.511     0.963    -0.11    1.03
-157895.455     0.839    -0.33    1.14
-157523.362     0.857     0.05    1.29
-157151.233     0.822    -0.09    1.32
-156779.068     0.695    -0.34    1.11
-156406.866     0.695     0.00    1.13
-156034.627     0.606    -0.24    1.05
-155662.353     0.401    -0.55    1.10
-155290.042     0.182    -0.59    1.08
-154917.694     0.168    -0.04    1.01
-154545.310     0.112    -0.15    1.01
-154172.890     0.123     0.03    0.84
-153800.433     0.120    -0.01    0.85
-153427.939     0.102    -0.05    0.73
-153055.409     0.050    -0.14    0.83
-152682.842     0.159     0.29    0.97
-152310.239     0.123    -0.10    0.96
-151937.600     0.002    -0.32    1.09
-151564.923    -0.127    -0.35    1.15
-151192.211    -0.328    -0.54    1.11
-150819.461    -0.573    -0.66    1.19
-150446.675    -0.746    -0.46    1.04
-150073.853    -0.915    -0.45    1.01
-149700.993    -1.037    -0.33    0.93
-149328.097    -1.198    -0.43    0.99
-148955.165    -1.389    -0.51    0.98
-148582.196    -1.536    -0.39    0.93
-148209.190    -1.609    -0.20    1.11
-147836.147    -1.419     0.51    1.08
-147463.068    -1.319     0.27    1.11
-147089.952    -1.128     0.51    1.04
-146716.799    -1.003     0.33    0.84
-146343.610    -0.734     0.72    0.84
-145970.384    -0.687     0.13    0.88
-145597.121    -0.537     0.40    0.85
-145223.821    -0.691    -0.41    0.87
-144850.484    -0.915    -0.60    0.88
-144477.111    -0.996    -0.22    0.86
-144103.701    -1.038    -0.11    0.91
-143730.254    -1.035     0.01    0.90
-143356.770    -1.073    -0.10    0.85
-142983.249    -1.237    -0.44    0.86
-142609.692    -1.412    -0.47    0.86
-142236.097    -1.529    -0.31    0.91
-141862.466    -1.734    -0.55    0.90
-141488.797    -1.792    -0.16    0.86
-141115.092    -1.855    -0.17    0.92
-140741.350    -1.841     0.04    0.93
-140367.571    -1.842    -0.00    0.96
-139993.755    -1.591     0.67    0.97
-139619.902    -1.341     0.67    0.88
-139246.012    -1.266     0.20    0.88
-138872.085    -1.582    -0.84    1.23
-138498.121    -1.862    -0.75    1.33
-138124.120    -1.894    -0.09    1.28
-137750.082    -1.639     0.68    1.41
-137376.007    -1.354     0.76    1.26
-137001.895    -1.128     0.60    0.87
-136627.746    -1.091     0.10    0.90
-136253.560    -1.091    -0.00    0.87
-135879.336    -1.091     0.00    0.96
-135505.076    -1.144    -0.14    1.04
-135130.778    -1.144     0.00    1.16
-134756.444    -1.234    -0.24    1.17
-134382.072    -1.382    -0.40    1.14
-134007.663    -1.269     0.30    1.05
-133633.217    -1.054     0.58    0.83
-133258.733    -1.142    -0.24    0.75
-132884.213    -1.037     0.28    0.77
-132509.655    -0.968     0.18    0.82
-132135.060    -0.964     0.01    0.85
-131760.428    -0.928     0.10    0.89
-131385.758    -1.073    -0.39    1.09
-131011.051    -1.054     0.05    1.09
-130636.307    -0.841     0.57    1.06
-130261.526    -0.800     0.11    1.01
-129886.707    -0.948    -0.39    1.05
-129511.851    -1.162    -0.57    0.92
-129136.958    -1.287    -0.33    0.99
-128762.028    -1.216     0.19    1.03
-128387.060    -1.221    -0.01    1.05
-128012.054    -1.125     0.26    1.02
-127637.012    -1.055     0.19    1.02
-127261.932    -0.920     0.36    1.11
-126886.814    -0.814     0.28    1.08
-126511.659    -0.894    -0.22    1.03
-126136.467    -0.912    -0.05    1.01
-125761.237    -1.127    -0.57    1.05
-125385.970    -1.319    -0.51    1.04
-125010.665    -1.509    -0.51    1.12
-124635.323    -1.722    -0.57    1.11
-124259.943    -1.823    -0.27    1.22
-123884.526    -1.937    -0.30    1.28
-123509.072    -2.162    -0.60    1.28
-123133.579    -2.319    -0.42    1.38
-122758.050    -2.609    -0.77    1.21
-122382.482    -3.218    -1.62    1.47
-122006.877    -3.757    -1.43    1.54
-121631.235    -4.208    -1.20    1.39
-121255.555    -4.412    -0.54    1.15
-120879.837    -4.237     0.47    0.96
-120504.082    -4.841    -1.61    1.16
-120128.289    -5.323    -1.28    1.12
-119752.458    -5.805    -1.28    1.10
-119376.590    -6.162    -0.95    0.82
-119000.684    -6.406    -0.65    0.87
-118624.740    -6.521    -0.31    0.86
-118248.759    -6.805    -0.75    0.92
-117872.740    -6.853    -0.13    0.85
-117496.683    -6.528     0.86    1.12
-117120.589    -6.406     0.32    1.09
-116744.457    -6.341     0.17    1.02
-116368.286    -6.128     0.57    0.99
-115992.079    -6.234    -0.28    0.87
-115615.833    -6.110     0.33    0.97
-115239.550    -6.213    -0.27    0.95
-114863.228    -6.295    -0.22    1.13
-114486.869    -6.020     0.73    1.16
-114110.472    -5.734     0.76    1.20
-113734.038    -5.341     1.04    1.17
-113357.565    -5.178     0.43    1.01
-112981.055    -4.823     0.94    0.96
-112604.506    -4.124     1.86    1.31
-112227.920    -3.650     1.26    1.27
-111851.296    -3.180     1.25    1.07
-111474.633    -2.687     1.31    1.03
-111097.933    -2.091     1.58    1.27
-110721.195    -1.143     2.51    1.57
-110344.419     0.123     3.36    2.01
-109967.605     1.588     3.89    2.18
-109590.753     3.081     3.96    1.98
-109213.863     4.151     2.84    1.69
-108836.935     4.856     1.87    0.97
-108459.968     5.141     0.76    0.95
-108082.964     5.418     0.73    0.91
-107705.922     5.582     0.43    0.99
-107328.842     5.893     0.82    0.90
-106951.723     6.119     0.60    0.93
-106574.567     6.418     0.79    0.91
-106197.372     6.629     0.56    0.94
-105820.139     6.892     0.70    0.91
-105442.868     7.102     0.56    0.85
-105065.559     7.231     0.34    0.87
-104688.212     7.409     0.47    0.79
-104310.826     7.562     0.40    0.82
-103933.402     7.571     0.03    0.83
-103555.940     7.445    -0.33    0.81
-103178.440     7.366    -0.21    0.87
-102800.902     7.088    -0.74    0.80
-102423.325     7.000    -0.23    0.79
-102045.710     6.565    -1.15    1.09
-101668.057     5.831    -1.94    1.35
-101290.365     4.838    -2.63    1.52
-100912.636     3.582    -3.33    1.73
-100534.867     2.155    -3.78    1.97
-100157.061     0.471    -4.46    1.81
 -99779.216    -0.805    -3.38    1.46
 -99401.333    -1.752    -2.50    1.21
 -99023.411    -2.592    -2.22    0.87
 -98645.451    -2.887    -0.78    0.78
 -98267.453    -3.091    -0.54    0.82
 -97893.601    -3.211    -0.32    0.76
 -97523.065    -3.412    -0.54    0.84
 -97152.491    -3.617    -0.55    0.93
 -96781.881    -3.599     0.05    0.93
 -96411.233    -3.662    -0.17    0.99
 -96040.549    -3.775    -0.30    1.00
 -95669.828    -3.764     0.03    0.90
 -95299.070    -3.617     0.40    0.87
 -94928.276    -3.419     0.53    1.01
 -94557.444    -3.090     0.89    1.25
 -94186.576    -2.528     1.52    1.50
 -93815.670    -1.849     1.83    1.77
 -93444.728    -1.091     2.04    1.90
 -93073.748    -0.484     1.64    1.63
 -92702.732     0.050     1.44    1.32
 -92331.679     0.516     1.26    1.16
 -91960.589     1.088     1.54    1.07
 -91589.462     1.243     0.42    1.05
 -91218.297     1.488     0.66    0.96
 -90847.096     1.472    -0.04    0.94
 -90475.858     1.243    -0.62    1.12
 -90104.583     1.149    -0.25    1.13
 -89733.270     1.190     0.11    1.09
 -89361.921     1.400     0.56    1.07
 -88990.534     1.356    -0.12    1.08
 -88619.111     1.383     0.07    0.96
 -88247.650     1.070    -0.84    1.10
 -87876.152     1.177     0.29    1.27
 -87504.617     1.284     0.29    1.29
 -87133.045     1.324     0.11    1.40
 -86761.436     1.570     0.66    1.35
 -86389.789     1.927     0.96    1.19
 -86018.106     2.331     1.09    1.12
 -85646.385     2.453     0.33    1.07
 -85274.627     2.418    -0.10    1.10
 -84902.832     1.752    -1.79    1.34
 -84530.999     0.963    -2.12    1.26
 -84159.129     0.306    -1.77    1.20
 -83787.222    -0.126    -1.16    1.22
 -83415.278    -0.234    -0.29    1.22
 -83043.297    -1.107    -2.35    2.72
 -82671.278    -1.234    -0.34    3.04
 -82299.222    -2.757    -4.09    6.34
 -81927.128    -5.337    -6.93    8.52
 -81554.997    -7.336    -5.37    9.03
 -81182.829   -10.758    -9.19    8.01
 -80810.623   -13.263    -6.73    5.32
 -80438.380   -14.128    -2.32    2.26
 -80066.100   -14.162    -0.09    2.06
 -79693.782   -14.705    -1.46    2.19
 -79321.427   -14.984    -0.75    2.13
 -78949.035   -15.327    -0.92    2.00
 -78576.605   -15.055     0.73    2.05
 -78204.137   -14.336     1.93    2.17
 -77831.632   -14.629    -0.78    3.37
 -77459.090   -16.985    -6.33    4.92
 -77086.510   -19.295    -6.20    4.77
 -76713.892   -21.366    -5.56    3.42
 -76341.237   -22.382    -2.73    1.74
 -75968.545   -22.687    -0.82    1.15
 -75595.815   -22.126     1.51    2.47
 -75223.047   -21.269     2.30    3.32
 -74850.242   -19.649     4.35    3.73
 -74477.399   -17.545     5.64    3.64
 -74104.519   -15.827     4.61    3.26
 -73731.601   -14.740     2.92    2.47
 -73358.646   -14.880    -0.38    2.50
 -72985.652   -15.218    -0.91    2.53
 -72612.621   -15.290    -0.19    2.25
 -72239.553   -15.448    -0.42    1.65
 -71866.447   -15.234     0.57    1.50
 -71493.303   -15.158     0.20    1.73
 -71120.121   -14.909     0.67    1.82
 -70746.902   -14.780     0.35    2.12
 -70373.645   -14.980    -0.54    2.23
 -70000.350   -15.073    -0.25    2.07
 -69627.018   -15.582    -1.36    1.92
 -69253.647   -15.901    -0.85    1.65
 -68880.239   -16.109    -0.56    1.33
 -68506.793   -16.194    -0.23    1.38
 -68133.310   -16.039     0.42    1.38
 -67759.788   -15.769     0.72    1.55
 -67386.229   -15.470     0.80    1.51
 -67012.631   -15.545    -0.20    1.37
 -66638.996   -15.740    -0.52    1.27
 -66265.323   -15.980    -0.64    0.92
 -65891.613   -15.901     0.21    1.01
 -65517.864   -15.855     0.12    1.10
 -65144.077   -15.683     0.46    1.02
 -64770.253   -15.529     0.41    1.18
 -64396.390   -15.430     0.26    1.23
 -64022.490   -15.497    -0.18    1.34
 -63648.551   -15.617    -0.32    1.35
 -63274.575   -15.617     0.00    1.28
 -62900.561   -15.443     0.46    1.34
 -62526.508   -14.966     1.28    1.37
 -62152.418   -14.721     0.65    1.36
 -61778.289   -14.590     0.35    1.42
 -61404.123   -14.435     0.41    2.05
 -61029.918   -13.827     1.62    2.47
 -60655.676   -13.263     1.51    2.69
 -60281.395   -13.127     0.36    2.48
 -59907.076   -13.700    -1.53    2.37
 -59532.719   -14.304    -1.61    2.07
 -59158.324   -14.948    -1.72    1.06
 -58783.891   -15.002    -0.14    0.97
 -58409.420   -14.985     0.04    1.07
 -58034.910   -14.810     0.47    1.23
 -57660.362   -14.933    -0.33    1.19
 -57285.777   -15.038    -0.28    1.07
 -56911.153   -15.091    -0.14    1.04
 -56536.490   -15.158    -0.18    1.06
 -56161.790   -15.221    -0.17    1.09
 -55787.051   -15.228    -0.02    0.87
 -55412.274   -15.073     0.41    1.01
 -55037.459   -15.178    -0.28    1.08
 -54662.605   -15.162     0.04    1.13
 -54287.713   -15.266    -0.28    1.22
 -53912.783   -15.627    -0.96    1.08
 -53537.814   -15.721    -0.25    0.99
 -53162.807   -15.751    -0.08    0.88
 -52787.762   -15.877    -0.33    0.90
 -52412.679   -16.022    -0.39    0.86
 -52037.557   -16.019     0.01    0.94
 -51662.396   -16.126    -0.28    0.95
 -51287.198   -16.021     0.28    1.02
 -50911.960   -15.810     0.56    1.22
 -50536.685   -15.609     0.54    1.33
 -50161.371   -15.564     0.12    1.51
 -49786.018   -15.591    -0.07    1.51
 -49410.627   -15.400     0.51    1.50
 -49035.198   -15.192     0.56    1.98
 -48659.730   -14.859     0.89    2.38
 -48284.223   -14.705     0.41    2.63
 -47908.678   -14.435     0.72    2.69
 -47533.095   -13.982     1.21    2.63
 -47157.472   -11.383     6.92    6.02
 -46781.812    -6.721    12.41    8.50
 -46406.112    -0.950    15.36    8.67
 -46030.375     4.371    14.16    5.34
 -45654.598     6.720     6.25    1.24
 -45278.783     6.962     0.64    0.93
 -44902.929     6.979     0.04    0.76
 -44527.037     6.944    -0.09    0.74
 -44151.106     6.891    -0.14    0.79
 -43775.136     6.741    -0.40    0.82
 -43399.128     6.639    -0.27    0.82
 -43023.080     6.641     0.01    0.76
 -42646.995     6.541    -0.27    0.77
 -42270.870     6.611     0.19    0.76
 -41894.707     6.787     0.47    0.85
 -41518.505     7.085     0.79    0.80
 -41142.264     7.289     0.54    0.79
 -40765.984     7.454     0.44    0.77
 -40389.666     7.160    -0.78    0.89
 -40013.308     6.891    -0.71    0.95
 -39636.912     6.822    -0.18    1.19
 -39260.477     6.787    -0.09    1.42
 -38884.004     6.873     0.23    1.59
 -38507.491     6.752    -0.32    1.53
 -38130.939     6.782     0.08    1.57
 -37754.349     6.857     0.20    1.62
 -37377.720     7.131     0.73    1.72
 -37001.051     7.402     0.72    1.93
 -36624.344     7.769     0.98    2.08
 -36247.598     8.120     0.93    2.29
 -35870.813     8.893     2.05    2.35
 -35493.989     9.445     1.47    2.13
 -35117.126    10.215     2.04    1.63
 -34740.223    10.705     1.30    1.06
 -34363.282    10.552    -0.41    0.91
 -33986.302    10.338    -0.57    0.80
 -33609.283    10.289    -0.13    0.79
 -33232.225    10.383     0.25    0.83
 -32855.127    10.611     0.60    0.71
 -32477.991    10.520    -0.24    0.77
 -32100.815    10.481    -0.11    0.78
 -31723.601    10.571     0.24    0.85
 -31346.347    10.677     0.28    0.90
 -30969.054    10.997     0.85    0.88
 -30591.722    11.065     0.18    0.91
 -30214.351    11.138     0.19    0.84
 -29836.940    11.102    -0.09    0.89
 -29459.491    10.983    -0.32    0.94
 -29082.002    10.820    -0.43    1.41
 -28704.474    10.766    -0.14    1.42
 -28326.906    11.060     0.78    1.41
 -27949.300    11.225     0.44    1.35
 -27571.654    11.481     0.68    0.85
 -27193.969    11.760     0.74    0.81
 -26816.244    11.909     0.39    0.85
 -26438.480    11.927     0.05    0.93
 -26060.677    11.800    -0.34    0.94
 -25682.835    11.892     0.24    0.98
 -25304.953    12.123     0.61    0.98
 -24927.032    12.513     1.03    0.84
 -24549.072    12.838     0.86    0.77
 -24171.072    13.135     0.79    0.82
 -23793.032    13.520     1.02    0.85
 -23414.954    13.945     1.12    0.84
 -23040.337    14.130     0.50    0.83
 -22669.915    14.375     0.66    0.84
 -22299.455    14.409     0.09    0.83
 -21928.957    14.479     0.19    0.94
 -21558.421    14.444    -0.09    0.98
 -21187.848    14.320    -0.34    0.93
 -20817.236    14.173    -0.40    0.79
 -20446.587    13.995    -0.48    0.81
 -20075.900    13.909    -0.23    0.78
 -19705.175    13.910     0.00    0.80
 -19334.413    13.927     0.05    0.82
 -18963.612    13.716    -0.57    0.96
 -18592.774    13.527    -0.51    1.01
 -18221.898    13.401    -0.34    1.12
 -17850.984    13.254    -0.39    1.02
 -17480.032    13.151    -0.28    0.97
 -17109.042    12.927    -0.60    1.00
 -16738.014    12.695    -0.63    1.03
 -16366.948    12.544    -0.41    1.03
 -15995.845    12.445    -0.27    0.97
 -15624.703    12.208    -0.64    1.01
 -15253.523    12.427     0.59    1.00
 -14882.305    12.570     0.38    0.98
 -14511.050    12.908     0.91    1.05
 -14139.756    13.210     0.81    0.98
 -13768.424    13.067    -0.39    1.17
 -13397.054    13.085     0.05    1.10
 -13025.646    13.138     0.14    1.06
 -12654.200    13.383     0.66    1.13
 -12282.716    13.716     0.90    0.98
 -11911.194    13.822     0.28    0.92
 -11539.634    13.909     0.24    0.97
 -11168.035    13.838    -0.19    1.03
 -10796.399    13.774    -0.17    1.01
 -10424.724    13.463    -0.84    0.97
 -10053.011    12.673    -2.13    1.61
  -9681.260    11.000    -4.50    2.55
  -9309.470     8.909    -5.62    3.07
  -8937.643     7.013    -5.10    2.39
  -8565.777     6.237    -2.09    1.67
  -8193.873     6.168    -0.19    1.41
  -7821.931     5.944    -0.60    2.18
  -7449.950     4.634    -3.52    3.41
  -7077.931     2.695    -5.21    3.52
  -6705.874     0.656    -5.48    2.01
  -6333.779    -0.073    -1.96    0.00
  -5961.645    -0.073     0.00    0.00
  -5589.473    -0.073     0.00    0.00
  -5217.262    -0.073     0.00    0.00
  -4845.014    -0.073     0.00    0.00
  -4472.726    -0.073     0.00    0.00
  -4100.401    -0.073     0.00    0.00
  -3728.037    -0.073     0.00    0.00
  -3355.634    -0.073     0.00    0.00
  -2983.194    -0.073     0.00    0.00
  -2610.714    -0.073     0.00    0.00
  -2238.197    -0.073     0.00    0.00
  -1865.640    -0.073     0.00    0.00
  -1493.046    -0.073     0.00    0.00
  -1120.413    -0.073     0.00    0.00
   -747.741    -0.073     0.00    0.00
   -375.031    -0.073     0.00    0.00
     -2.282    -0.073     0.00    0.00
    370.505    -0.073     0.00    0.00
    743.331    -0.073     0.00    0.00
   1116.196    -0.073     0.00    0.00
   1489.099    -0.073     0.00    0.00
   1862.040    -0.073     0.00    0.00
   2235.021    -0.073     0.00    0.00
   2608.040    -0.073     0.00    0.00
   2981.097    -0.073     0.00    0.00
   3354.193    -0.073     0.00    0.00
   3727.328    -0.073     0.00    0.00
   4100.502    -0.073     0.00    0.00
   4473.714    -0.073     0.00    0.00
   4846.965    -0.073     0.00    0.00
   5220.255    -0.073     0.00    0.00
   5593.583    -0.073     0.00    0.00
   5966.951    -0.073     0.00    0.00
   6340.357     2.737     7.53    6.34
   6713.801     8.769    16.15   11.07
   7087.285    18.699    26.59   14.95
   7460.807    33.231    38.90   15.02
   7834.369    43.961    28.73   13.29
   8207.969    53.681    26.02    9.15
   8581.608    60.016    16.95    6.75
   8955.285    66.560    17.51    7.73
   9329.002    72.072    14.75    8.30
   9702.758    78.015    15.90    8.63
  10076.552    81.763    10.03    7.88
  10450.385    81.313    -1.20    9.65
  10824.258    77.471   -10.28   11.74
  11198.169    77.755     0.76   10.74
  11572.119    81.401     9.75   12.56
  11946.108    88.102    17.92   13.04
  12320.137    97.510    25.15    9.74
  12694.204   103.000    14.68    7.82
  13068.310   104.063     2.84    9.42
  13442.455   102.316    -4.67   10.03
  13816.640    96.195   -16.36   13.44
  14190.863    86.910   -24.81   14.98
  14565.125    83.160   -10.02   12.87
  14939.427    81.331    -4.89   10.85
  15313.768    85.082    10.02    9.88
  15688.147    92.091    18.72    6.46
  16062.566    97.155    13.53    5.68
  16437.024   101.147    10.66    5.66
  16811.521   104.446     8.81    5.73
  17186.058   106.302     4.96    5.57
  17560.633   108.453     5.74    5.81
  17935.248   109.944     3.98    4.84
  18309.902   110.980     2.76    3.47
  18684.595   111.099     0.32    3.42
  19059.327   112.058     2.56    5.13
  19434.099   112.909     2.27    5.98
  19808.910   115.825     7.78    6.24
  20183.760   117.631     4.82    5.67
  20558.650   120.570     7.84    5.80
  20933.579   124.488    10.45    5.65
  21308.547   127.673     8.49    5.14
  21683.554   131.048     9.00    3.60
  22058.601   132.875     4.87    2.38
  22433.687   133.660     2.09    2.10
  22808.813   133.260    -1.07    2.34
  23183.978   131.910    -3.60    2.53
  23559.182   130.760    -3.06    2.04
  23934.426   129.588    -3.13    2.81
  24309.709   128.479    -2.96    3.38
  24685.032   126.927    -4.13    3.72
  25060.394   125.295    -4.35    4.02
  25435.796   123.341    -5.21    3.92
  25811.237   121.010    -6.21    3.60
  26186.718   118.731    -6.07    3.41
  26562.238   116.486    -5.98    3.57
  26937.798   113.363    -8.32    3.16
  27313.397   110.713    -7.06    3.61
  27689.036   107.496    -8.56    3.75
  28064.714   104.707    -7.42    3.58
  28440.432   101.225    -9.27    4.70
  28816.190    97.576    -9.71    5.64
  29191.987    93.537   -10.75    5.72
  29567.824    90.659    -7.66    3.49
  29943.700    90.317    -0.91    2.92
  30319.616    93.284     7.89    4.45
  30695.572    96.699     9.08    5.00
  31071.568    99.444     7.30    3.97
  31447.603   100.673     3.27    3.08
  31823.678   100.278    -1.05    3.10
  32199.793    98.481    -4.78    3.44
  32575.947    96.012    -6.56    4.33
  32952.141    93.123    -7.68    4.55
  33328.375    89.859    -8.68    4.89
  33704.649    86.875    -7.93    4.14
  34080.963    85.331    -4.11    3.73
  34457.316    83.737    -4.23    3.76
  34833.710    82.576    -3.09    3.69
  35210.143    80.766    -4.81    3.65
  35586.616    78.872    -5.03    3.69
  35963.128    76.503    -6.29    3.92
  36339.681    74.471    -5.40    3.42
  36716.274    73.255    -3.23    2.36
  37092.906    72.741    -1.36    1.79
  37469.579    72.576    -0.44    1.88
  37846.291    73.203     1.66    2.03
  38223.044    73.836     1.68    2.29
  38599.836    74.720     2.35    2.97
  38976.668    75.908     3.15    3.28
  39353.541    77.077     3.10    3.45
  39730.453    78.804     4.58    3.55
  40107.406    81.168     6.27    4.47
  40484.398    84.610     9.13    5.93
  40861.431    87.453     7.54    6.10
  41238.503    89.300     4.90    6.37
  41615.616    91.279     5.25    6.81
  41992.769    93.664     6.32    7.47
  42369.962    96.524     7.58    8.30
  42747.195    99.944     9.07    7.97
  43124.468   104.752    12.74    6.68
  43501.782   108.629    10.28    6.12
  43879.135   112.927    11.39    5.76
  44256.529   116.691     9.97    4.47
  44633.963   118.893     5.84    3.16
  45011.437   120.963     5.48    3.98
  45388.952   123.541     6.83    4.82
  45766.506   126.611     8.13    4.41
  46144.101   128.980     6.27    2.38
  46521.737   129.909     2.46    1.90
  46899.412   130.963     2.79    3.29
  47277.128   132.648     4.46    3.76
  47654.884   135.471     7.47    4.45
  48032.681   137.225     4.64    4.12
  48410.518   137.629     1.07    4.39
  48788.395   138.409     2.07    3.83
  49166.312   139.138     1.93    3.51
  49544.270   140.218     2.86    3.05
  49922.269   141.099     2.33    2.36
  50300.308   140.963    -0.36    3.06
  50678.387   138.943    -5.34    4.71
  51056.507   135.981    -7.84    4.72
  51434.667   133.231    -7.27    3.56
  51810.155   131.206    -5.39    2.30
  52180.459   130.159    -2.83    2.01
  52550.802   128.260    -5.13    3.82
  52921.183   124.168   -11.05    6.68
  53291.603   118.266   -15.93    7.84
  53662.062   113.784   -12.10    5.33
  54032.559   113.744    -0.11    5.26
  54403.096   117.752    10.82    7.74
  54773.671   123.067    14.35    8.83
  55144.285   127.806    12.79    8.18
  55514.937   130.961     8.51    7.57
  55885.629   134.996    10.88    7.04
  56256.359   138.673     9.92    7.53
  56627.128   144.496    15.71    8.22
  56997.936   151.427    18.69    7.56
  57368.783   158.386    18.77    7.18
  57739.669   163.034    12.53    4.93
  58110.594   165.085     5.53    3.00
  58481.557   165.631     1.47    2.60
  58852.560   164.147    -4.00    2.75
  59223.601   161.910    -6.03    2.98
  59594.682   159.794    -5.70    3.61
  59965.801   156.724    -8.27    5.03
  60336.959   152.789   -10.60    6.37
  60708.157   147.452   -14.38    7.21
  61079.393   141.808   -15.20    7.83
  61450.669   135.737   -16.35    8.04
  61821.983   130.503   -14.10    7.10
  62193.337   124.878   -15.15    5.06
  62564.729   120.997   -10.45    3.99
  62936.161   117.334    -9.86    4.03
  63307.631   113.668    -9.87    4.46
  63679.141   109.278   -11.82    6.19
  64050.690   106.134    -8.46    6.47
  64422.278   105.730    -1.09    7.00
  64793.906   106.891     3.12    7.67
  65165.572   107.910     2.74    6.91
  65537.278   108.724     2.19    4.57
  65909.022   105.401    -8.94    6.19
  66280.806   102.893    -6.75    5.86
  66652.630   102.195    -1.88    6.20
  67024.492   102.530     0.90    6.12
  67396.394   104.327     4.83    4.67
  67768.335   105.402     2.89    4.75
  68140.315   106.891     4.00    5.81
  68512.334   109.961     8.26    7.13
  68884.393   113.260     8.87    6.18
  69256.491   113.996     1.98    5.22
  69628.629   113.453    -1.46    4.66
  70000.806   112.186    -3.41    4.74
  70373.022   110.255    -5.19    4.18
  70745.277   108.892    -3.66    4.06
  71117.572   107.160    -4.65    4.64
  71489.907   103.910    -8.73    5.31
  71862.280    99.243   -12.53    6.04
  72234.693    94.353   -13.13    4.86
  72607.146    89.794   -12.24    5.09
  72979.638    85.734   -10.90    4.29
  73352.170    84.730    -2.69    4.38
  73724.741    88.351     9.72    8.64
  74097.351    94.737    17.14   10.75
  74470.001   102.012    19.52    8.16
  74842.691   105.944    10.55    6.50
  75215.420   108.284     6.28    5.50
  75588.189   109.088     2.16    5.40
  75960.997   109.724     1.71    4.93
  76333.845   110.623     2.41    4.70
  76706.732   112.427     4.84    4.33
  77079.659   113.225     2.14    3.39
  77452.626   111.874    -3.62    3.76
  77825.632   109.617    -6.05    4.73
  78198.678   106.232    -9.07    4.06
  78571.764   103.506    -7.31    2.98
  78944.889   100.909    -6.96    3.78
  79318.054    98.927    -5.31    3.78
  79691.259    98.618    -0.83    4.02
  80064.503   100.046     3.83    4.91
  80437.788   101.797     4.69    3.75
  80811.112   100.599    -3.21    4.41
  81184.475    95.453   -13.78    9.09
  81557.879    87.721   -20.71   11.97
  81931.322    77.375   -27.70   11.48
  82304.805    69.784   -20.33    8.08
  82678.328    64.588   -13.91    3.32
  83051.891    62.875    -4.59    1.67
  83425.494    62.479    -1.06    1.03
  83799.136    62.408    -0.19    1.00
  84172.819    63.266     2.29    2.12
  84546.541    64.436     3.13    2.67
  84920.303    65.009     1.53    2.49
  85294.105    65.605     1.59    2.31
  85667.948    65.599    -0.01    2.08
  86041.830    65.777     0.48    1.98
  86415.752    66.147     0.99    2.30
  86789.714    69.820     9.82    6.79
  87163.716    75.784    15.95   10.20
  87537.758    84.469    23.22   12.38
  87911.840    93.766    24.85   10.29
  88285.962   101.160    19.77    9.80
  88660.124   105.978    12.88    8.08
  89034.326   107.892     5.12    6.63
  89408.569   110.030     5.71    6.44
  89782.851   111.944     5.11    7.04
  90157.174   115.190     8.67    7.06
  90531.536   117.668     6.62    6.20
  90905.939   119.386     4.59    5.50
  91280.382   121.070     4.50    5.24
  91654.865   123.147     5.55    6.08
  92029.389   126.331     8.50    6.58
  92403.952   129.461     8.36    5.58
  92778.556   130.295     2.23    4.95
  93153.200   127.368    -7.82    7.18
  93527.884   123.737    -9.69    7.39
  93902.609   121.857    -5.02    7.94
  94277.374   122.304     1.19    9.36
  94652.179   123.516     3.23    8.97
  95027.024   120.506    -8.03    9.47
  95401.910   115.909   -12.26    9.73
  95776.836   114.266    -4.38    7.68
  96151.802   115.461     3.19    8.09
  96526.809   119.283    10.19    8.43
  96901.856   123.594    11.49    7.79
  97276.944   127.839    11.32    6.22
  97652.072   132.410    12.19    4.77
  98027.240   136.094     9.82    4.12
  98402.449   138.243     5.73    3.97
  98777.698   139.427     3.16    4.41
  99152.988   139.419    -0.02    4.57
  99528.318   139.220    -0.53    4.28
  99903.689   138.858    -0.96    3.81
 100279.100   136.705    -5.74    4.40
 100654.552   133.822    -7.68    5.59
 101030.044   130.707    -8.30    5.74
 101405.577   126.649   -10.81    3.82
 101781.150   121.707   -13.16    6.59
 102156.764   116.155   -14.78   10.12
 102532.419   110.238   -15.75   10.05
 102908.114   107.289    -7.85    8.01
 103283.850   110.032     7.30   11.51
 103659.626   118.435    22.36   13.74
 104035.443   124.664    16.58    9.61
 104411.301   125.203     1.43    7.94
 104787.200   122.272    -7.80    8.68
 105163.139   117.829   -11.82    7.26
 105539.119   114.338    -9.29    6.09
 105915.139   110.419   -10.42    7.22
 106291.201   107.094    -8.84    7.49
 106667.303   103.248   -10.23    8.48
 107043.446    98.327   -13.09    7.84
 107419.629    95.205    -8.30    6.16
 107795.854    94.117    -2.89    4.72
 108172.119    95.559     3.83    6.00
 108548.426    98.427     7.62    8.07
 108924.773   103.496    13.47   10.21
 109301.160   109.910    17.04   10.93
 109677.589   118.340    22.40   12.21
 110054.059   123.617    14.02   11.17
 110430.570   125.651     5.40   10.77
 110807.121   125.705     0.14   11.18
 111183.714   126.327     1.65    9.40
 111560.347   128.067     4.62    8.50
 111937.021   134.386    16.78   10.31
 112313.737   142.894    22.59   11.72
 112690.493   150.570    20.38    9.13
 113067.290   155.550    13.22    5.06
 113444.129   157.545     5.30    3.75
 113821.008   155.065    -6.58    6.81
 114197.929   152.479    -6.86    7.54
 114574.890   152.222    -0.68    6.70
 114951.893   154.909     7.13    7.54
 115328.937   159.857    13.12    8.29
 115706.022   166.070    16.48    7.23
 116083.148   170.559    11.90    4.90
 116460.315   172.094     4.07    3.86
 116837.524   169.834    -5.99    6.97
 117214.773   165.046   -12.70    8.29
 117592.064   160.892   -11.01    7.23
 117969.396   158.244    -7.02    7.10
 118346.769   158.961     1.90    8.54
 118724.183   162.769    10.09   10.15
 119101.639   167.094    11.46    7.63
 119479.136   168.552     3.86    5.99
 119856.674   163.695   -12.87    8.76
 120234.254   156.703   -18.52    7.73
 120611.875   151.377   -14.11    7.42
 120989.537   146.858   -11.97    8.42
 121367.241   141.300   -14.72   11.14
 121744.986   130.895   -27.55   12.73
 122122.772   124.623   -16.60   10.46
 122500.600   125.327     1.86    9.43
 122878.469   132.018    17.71   14.70
 123256.379   146.324    37.86   19.26
 123634.331   161.774    40.89   17.77
 124012.325   170.486    23.05   15.87
 124390.359   173.772     8.69   15.21
 124768.436   173.874     0.27   16.03
 125146.554   171.747    -5.63   15.59
 125524.713   172.082     0.89   13.21
 125902.914   175.134     8.07   10.98
 126281.157   178.808     9.72    9.91
 126657.633   182.452     9.68    8.83
 127027.815   187.358    13.25    8.80
 127398.038   192.486    13.85    7.28
 127768.299   196.362    10.47    3.62
 128138.601   196.243    -0.32    3.77
 128508.942   191.877   -11.79    7.23
 128879.323   186.094   -15.62    7.52
 129249.743   182.744    -9.04    6.44
 129620.204   181.600    -3.09    6.90
 129990.704   184.632     8.19    9.46
 130361.244   188.673    10.91    7.93
 130731.824   189.646     2.63    6.14
 131102.443   188.181    -3.95    6.71
 131473.103   184.622    -9.60    8.13
 131843.802   178.565   -16.34    9.61
 132214.541   173.266   -14.29    9.21
 132585.320   169.277   -10.76    6.55
 132956.139   169.015    -0.71    7.88
 133326.998   172.694     9.92   10.91
 133697.896   176.836    11.17   10.47
 134068.835   178.479     4.43    7.70
 134439.814   177.524    -2.58    6.91
 134810.832   172.632   -13.19    8.54
 135181.891   166.772   -15.80    6.93
 135552.989   165.668    -2.97    5.77
 135924.127   169.690    10.84    9.38
 136295.306   176.720    18.94   11.04
 136666.524   184.668    21.41    8.43
 137037.783   188.097     9.24    5.41
 137409.082   186.130    -5.30    7.12
 137780.420   180.606   -14.88    8.99
 138151.799   173.747   -18.47    8.04
 138523.218   168.177   -15.00    4.47
 138894.677   165.664    -6.77    2.55
 139266.176   163.927    -4.68    2.78
 139637.716   161.484    -6.58    4.16
 140009.295   158.260    -8.68    4.99
 140380.915   154.134   -11.11    5.69
 140752.575   150.243   -10.47    5.29
 141124.275   147.341    -7.81    4.88
 141496.015   143.978    -9.05    3.65
 141867.795   141.758    -5.97    4.11
 142239.616   138.876    -7.75    3.66
 142611.477   136.348    -6.80    3.61
 142983.378   133.616    -7.35    3.04
 143355.320   131.195    -6.51    2.54
 143727.302   129.030    -5.82    3.13
 144099.324   126.588    -6.57    3.17
 144471.387   124.304    -6.14    3.06
 144843.489   122.067    -6.01    3.13
 145215.633   120.013    -5.52    3.22
 145587.816   116.622    -9.11    5.23
 145960.040   113.496    -8.40    6.24
 146332.305   108.496   -13.43    8.19
 146704.610   102.164   -17.01    9.77
 147076.955    94.910   -19.49    8.90
 147449.341    89.488   -14.56    6.09
 147821.767    86.435    -8.20    3.05
 148194.234    85.284    -3.09    1.59
 148566.741    85.324     0.11    1.32
 148939.289    86.289     2.59    1.75
 149311.877    87.217     2.49    2.53
 149684.506    88.453     3.32    2.39
 150057.175    89.496     2.80    2.05
 150429.885    89.616     0.32    1.95
 150802.636    89.215    -1.07    1.92
 151175.427    88.289    -2.48    2.36
 151548.259    87.873    -1.11    2.28
 151921.131    87.660    -0.57    2.11
 152294.044    87.677     0.04    2.13
 152666.998    89.534     4.98    4.41
 153039.992    95.772    16.73   10.51
 153413.027   106.324    28.29   16.03
 153786.103   118.080    31.52   15.89
 154159.220   130.009    31.98   14.39
 154532.377   142.168    32.59   14.51
 154905.575   151.995    26.33   14.12
 155278.814   162.387    27.85   14.08
 155652.093   172.548    27.22   15.16
 156025.413   186.097    36.30   21.02
 156398.775   199.705    36.45   21.17
 156772.177   209.827    27.11   13.95
 157145.619   214.944    13.71   10.53
 157519.103   213.362    -4.24   13.99
 157892.628   214.520     3.10   13.55
 158266.193   219.030    12.08   10.81
 158639.799   220.660     4.36    9.04
 159013.447   221.656     2.66    6.62
 159387.135   219.945    -4.58    7.86
 159760.864   217.317    -7.03    8.84
 160134.634   215.337    -5.30    9.39
 160508.445   216.530     3.19    6.50
 160882.297   217.181     1.74    5.11
 161256.190   217.927     1.99    5.18
 161630.124   219.266     3.58    4.14
 162004.099   217.168    -5.61    6.04
 162378.115   213.334   -10.25    8.38
 162752.173   207.310   -16.11    9.56
 163126.271   204.243    -8.20    9.57
 163500.410   205.140     2.40   11.39
 163874.591   208.145     8.03   11.13
 164248.813   209.829     4.50    7.41
 164623.075   210.513     1.83    5.06
 164997.379   207.976    -6.78    5.76
 165371.724   203.960   -10.73    5.20
 165746.111   200.995    -7.92    5.29
 166120.538   198.610    -6.37    5.98
 166495.007   194.944    -9.79    6.99
 166869.517   190.858   -10.91    7.47
 167244.068   189.401    -3.89    7.88
 167618.661   192.075     7.14   11.09
 167993.294   197.891    15.53   11.97
 168367.969   203.027    13.71    8.20
 168742.686   204.496     3.92    5.80
 169117.443   201.565    -7.82    7.80
 169492.242   194.554   -18.71    9.96
 169867.083   188.058   -17.33   10.78
 170241.964   184.324    -9.96   10.56
 170616.888   185.278     2.55   12.69
 170991.852   193.058    20.75   15.25
 171366.858   202.463    25.08    9.64
 171741.905   205.737     8.73    5.78
 172116.994   206.520     2.09    4.21
 172492.124   205.006    -4.04    4.57
 172867.296   202.503    -6.67    3.85
 173242.509   200.394    -5.62    3.21
 173617.764   198.451    -5.18    3.13
 173993.060   196.351    -5.60    3.72
 174368.398   193.724    -7.00    4.43
 174743.778   190.353    -8.98    5.69
 175119.199   185.435   -13.10    6.50
 175494.661   180.513   -13.11    6.39
 175870.165   175.894   -12.30    5.55
 176245.711   171.249   -12.37    5.60
 176621.298   166.875   -11.65    6.55
 176996.927   164.300    -6.86    6.08
 177372.598   164.231    -0.18    7.05
 177748.310   169.044    12.81   10.24
 178124.064   176.048    18.64    9.36
 178499.860   182.452    17.04    8.86
 178875.698   187.656    13.85    7.98
 179251.577   190.582     7.79    5.93
 179627.498   192.402     4.84    3.41
 180003.461   192.435     0.09    2.82
 180379.465   191.341    -2.91    3.26
 180755.511   189.168    -5.78    3.77
 181131.600   187.042    -5.66    4.07
 181507.729   186.893    -0.40    4.88
 181883.901   188.537     4.37    5.26
 182260.115   189.571     2.75    4.45
 182636.371   189.435    -0.36    3.96
 183012.668   187.272    -5.75    4.52
 183389.007   184.944    -6.19    4.44
 183765.389   182.337    -6.93    4.74
 184141.812   181.998    -0.90    4.56
 184518.277   184.249     5.98    6.05
 184894.784   187.481     8.58    6.70
 185271.333   190.134     7.05    4.48
 185647.924   190.960     2.19    2.99
 186024.558   188.993    -5.23    3.71
 186401.233   185.486    -9.31    3.76
 186777.950   182.436    -8.10    3.77
 187154.709   178.829    -9.58    3.96
 187531.511   175.623    -8.51    4.50
 187908.354   171.255   -11.60    6.48
 188285.240   167.656    -9.55    6.30
 188662.168   164.717    -7.80    6.28
 189039.137   161.334    -8.98    6.80
 189416.149   158.560    -7.36    7.41
 189793.204   154.153   -11.69    8.09
 190170.300   151.030    -8.28    7.34
 190547.439   149.370    -4.40    7.89
 190924.619   149.070    -0.79    7.30
 191301.842   148.714    -0.94    5.07
 191679.108   144.444   -11.32    6.87
 192056.415   138.677   -15.29    8.31
 192433.765   131.721   -18.44    7.52
 192811.157   126.289   -14.40    6.38
 193188.592   121.427   -12.88    5.81
 193566.069   116.964   -11.83    5.62
 193943.588   111.810   -13.65    6.71
 194321.149   107.734   -10.80    6.20
 194698.753   104.058    -9.74    4.86
 195076.400   101.402    -7.03    2.91
 195454.088   101.366    -0.10    2.47
 195831.820   102.140     2.05    2.86
 196209.593   102.483     0.91    2.85
 196587.409   102.344    -0.37    2.84
 196965.268   101.351    -2.63    2.46
 197343.169   101.086    -0.70    2.58
 197721.112   102.277     3.15    4.25
 198099.098   102.874     1.58    4.99
 198477.127   102.379    -1.31    4.84
 198855.198   102.237    -0.37    4.74
 199233.312   101.294    -2.50    3.25
 199611.468   101.013    -0.74    1.47
 199989.667   101.260     0.65    1.52
 200367.908   101.249    -0.03    1.80
 200746.193   101.893     1.70    2.06
 201124.519   103.800     5.04    3.71
 201502.105   106.030     5.91    4.93
 201872.166   109.393     9.09    5.68
 202242.267   112.748     9.07    4.58
 202612.410   115.238     6.73    4.47
 202982.592   117.570     6.30    4.02
 203352.816   120.494     7.90    4.52
 203723.080   123.891     9.18    4.52
 204093.385   127.099     8.67    4.81
 204463.731   130.741     9.83    4.45
 204834.118   134.072     9.00    4.50
 205204.545   137.097     8.17    4.74
 205575.014   140.358     8.81    5.52
 205945.523   145.077    12.74    6.46
 206316.072   149.419    11.72    7.02
 206686.663   154.530    13.80    6.32
 207057.295   158.893    11.77    5.22
 207427.967   162.370     9.38    3.58
 207798.681   163.120     2.02    3.18
 208169.435   162.435    -1.85    4.03
 208540.230   161.106    -3.59    4.13
 208911.066   161.701     1.61    4.55
 209281.944   164.444     7.40    5.77
 209652.862   168.877    11.95    5.68
 210023.821   173.486    12.43    4.79
 210394.821   176.588     8.36    3.97
 210765.862   178.961     6.40    3.21
 211136.944   180.124     3.13    3.00
 211508.067   180.544     1.13    2.42
 211879.232   179.506    -2.80    2.87
 212250.437   177.427    -5.60    3.33
 212621.684   175.032    -6.45    3.25
 212992.971   171.861    -8.54    3.66
 213364.300   169.410    -6.60    3.27
 213735.670   168.157    -3.38    3.02
 214107.081   167.134    -2.75    3.46
 214478.533   167.375     0.65    4.24
 214850.026   168.334     2.58    4.65
 215221.561   169.060     1.96    4.08
 215593.137   170.117     2.84    3.35
 215964.754   170.283     0.45    3.38
 216336.412   169.604    -1.83    3.21
 216708.111   168.402    -3.24    3.18
 217079.852   166.890    -4.07    3.26
 217451.634   165.102    -4.81    3.34
