-212281.861    61.028     0.00    1.36
-211908.599    61.678     1.74    1.40
-211535.376    62.540     2.31    1.19
-211162.192    63.006     1.25    1.07
-210789.046    63.257     0.67    0.91
-210415.938    63.397     0.38    0.95
-210042.869    63.362    -0.09    0.93
-209669.838    63.573     0.56    0.95
-209296.846    63.888     0.84    0.91
-208923.892    64.222     0.90    0.88
-208550.976    64.497     0.74    0.86
-208178.099    64.595     0.26    0.89
-207805.260    64.785     0.51    0.95
-207432.459    64.979     0.52    0.94
-207059.697    65.039     0.16    0.98
-206686.973    64.711    -0.88    1.34
-206314.287    64.068    -1.73    1.72
-205941.639    63.198    -2.34    1.87
-205569.030    62.152    -2.81    2.32
-205196.459    60.696    -3.91    2.82
-204823.926    59.257    -3.86    3.01
-204451.431    58.107    -3.09    2.38
-204078.975    57.836    -0.73    1.84
-203706.556    58.311     1.27    1.75
-203334.176    58.798     1.31    1.63
-202961.834    59.175     1.01    1.94
-202589.531    59.265     0.24    2.22
-202217.265    59.275     0.03    2.46
-201845.037    59.390     0.31    2.26
-201472.848    59.664     0.74    1.78
-201100.696    59.310    -0.95    1.64
-200728.583    59.036    -0.74    1.70
-200356.508    58.243    -2.13    1.66
-199984.471    57.709    -1.44    1.47
-199612.471    56.854    -2.30    1.55
-199240.510    56.095    -2.04    1.57
-198868.587    55.152    -2.54    1.72
-198496.702    53.997    -3.11    1.46
-198124.855    53.158    -2.26    1.46
-197753.045    52.193    -2.60    1.29
-197381.274    51.590    -1.62    1.29
-197009.541    50.784    -2.17    1.46
-196637.845    50.015    -2.07    1.62
-196266.188    49.060    -2.57    1.70
-195894.568    47.909    -3.10    1.29
-195522.987    47.336    -1.54    1.13
-195151.443    46.682    -1.76    1.24
-194779.937    45.734    -2.55    1.62
-194408.469    44.497    -3.33    2.06
-194037.038    43.056    -3.88    2.23
-193665.646    41.468    -4.28    2.20
-193294.291    39.943    -4.11    2.29
-192922.974    37.836    -5.68    2.58
-192551.695    36.204    -4.40    2.69
-192180.454    34.976    -3.31    2.26
-191809.251    33.976    -2.69    1.91
-191438.085    33.440    -1.45    1.67
-191066.957    33.193    -0.66    1.47
-190695.866    32.904    -0.78    1.45
-190324.814    32.402    -1.35    1.61
-189953.799    31.573    -2.24    1.66
-189582.821    30.872    -1.89    1.47
-189211.882    30.134    -1.99    1.28
-188840.980    29.265    -2.35    1.57
-188470.116    28.531    -1.98    1.44
-188099.289    27.696    -2.25    1.44
-187728.500    27.229    -1.26    1.32
-187357.748    27.175    -0.15    1.18
-186987.034    27.545     1.00    1.29
-186616.358    28.302     2.04    1.27
-186245.719    28.782     1.30    1.21
-185875.118    29.047     0.72    0.96
-185504.554    28.932    -0.31    1.09
-185128.945    28.684    -0.66    1.17
-184750.771    28.265    -1.11    1.13
-184372.636    27.853    -1.09    1.33
-183994.540    27.164    -1.82    1.66
-183616.483    26.407    -2.00    1.59
-183238.465    25.361    -2.77    1.30
-182860.487    24.605    -2.00    1.02
-182482.548    23.907    -1.85    1.04
-182104.647    23.538    -0.98    0.96
-181726.786    23.292    -0.65    0.89
-181348.964    23.362     0.19    0.83
-180971.181    23.555     0.51    0.86
-180593.438    23.664     0.29    0.88
-180215.733    24.040     1.00    0.92
-179838.067    24.209     0.45    1.00
-179460.440    24.300     0.24    1.08
-179082.852    24.345     0.12    1.31
-178705.304    24.397     0.14    1.40
-178327.794    24.109    -0.76    1.38
-177950.323    23.715    -1.04    1.04
-177572.891    23.503    -0.56    0.87
-177195.498    23.292    -0.56    0.78
-176818.144    22.907    -1.02    0.85
-176440.829    22.715    -0.51    0.77
-176063.553    22.415    -0.80    0.75
-175686.316    22.240    -0.47    0.80
-175309.117    22.158    -0.22    0.86
-174931.958    22.104    -0.14    0.90
-174554.837    22.039    -0.17    0.89
-174177.755    22.025    -0.04    0.88
-173800.712    22.122     0.26    0.80
-173423.707    21.994    -0.34    0.96
-173046.742    22.015     0.05    0.92
-172669.815    21.818    -0.52    0.92
-172292.927    21.636    -0.48    1.04
-171916.078    21.586    -0.13    1.13
-171539.267    21.782     0.52    1.04
-171162.496    21.819     0.10    1.20
-170785.763    22.193     0.99    1.02
-170409.068    22.327     0.36    0.95
-170032.412    22.294    -0.09    0.95
-169655.795    22.122    -0.46    0.93
-169279.217    21.784    -0.90    1.32
-168902.677    21.743    -0.11    1.43
-168526.176    21.729    -0.04    1.41
-168149.713    21.943     0.57    1.26
-167773.290    21.871    -0.19    1.23
-167396.904    21.854    -0.05    1.20
-167020.557    21.681    -0.46    1.30
-166644.249    21.582    -0.26    1.23
-166267.979    21.618     0.10    1.18
-165891.748    21.599    -0.05    1.30
-165515.556    21.553    -0.12    1.43
-165139.401    21.497    -0.15    1.37
-164763.286    21.415    -0.22    1.38
-164387.209    21.836     1.12    1.31
-164011.170    22.222     1.03    1.13
-163635.170    22.515     0.78    0.83
-163259.208    22.626     0.30    0.53
-162883.284    22.521    -0.28    0.70
-162507.399    22.294    -0.61    0.86
-162131.553    22.291    -0.01    0.90
-161755.744    22.292     0.00    0.95
-161379.975    22.284    -0.02    0.84
-161004.243    21.963    -0.85    1.19
-160628.550    21.187    -2.07    1.47
-160252.895    20.509    -1.81    1.35
-159877.278    20.112    -1.06    1.04
-159501.700    20.402     0.77    1.18
-159126.160    20.684     0.75    1.34
-158750.659    20.925     0.64    1.40
-158375.195    21.229     0.81    1.27
-157999.770    21.468     0.64    1.25
-157624.383    21.479     0.03    1.18
-157249.034    21.633     0.41    1.08
-156873.724    21.567    -0.18    1.16
-156498.451    21.555    -0.03    1.08
-156123.217    21.418    -0.37    1.05
-155748.021    21.117    -0.80    1.19
-155372.863    21.032    -0.22    1.15
-154997.744    20.871    -0.43    1.24
-154622.662    20.450    -1.12    1.25
-154247.619    19.997    -1.21    1.14
-153872.613    19.311    -1.83    1.26
-153497.646    18.925    -1.03    1.35
-153122.717    18.047    -2.34    1.76
-152747.826    17.272    -2.07    1.76
-152372.973    16.193    -2.88    1.93
-151998.158    15.204    -2.64    1.79
-151623.381    14.433    -2.06    1.74
-151248.642    13.765    -1.78    1.36
-150873.940    13.654    -0.29    1.26
-150499.277    13.292    -0.97    1.28
-150124.652    13.299     0.02    1.22
-149750.065    13.060    -0.64    1.28
-149375.516    12.747    -0.84    1.24
-149001.005    12.801     0.14    1.28
-148626.531    12.871     0.19    1.38
-148252.096    12.890     0.05    1.49
-147877.698    12.608    -0.75    1.55
-147503.339    12.127    -1.29    1.52
-147129.017    11.415    -1.90    1.35
-146754.733    10.971    -1.19    1.12
-146380.487    10.412    -1.49    1.19
-146006.278    10.282    -0.35    1.36
-145632.108     9.853    -1.15    1.38
-145257.975     9.265    -1.57    1.04
-144883.880     9.050    -0.57    0.71
-144509.823     8.836    -0.57    0.00
-144135.803     8.836     0.00    0.00
-143761.822     8.836     0.00    0.00
-143387.878     8.836     0.00    0.00
-143013.972     8.836     0.00    0.00
-142640.103     8.836     0.00    0.00
-142266.272     8.836     0.00    0.00
-141892.479     8.836     0.00    0.00
-141518.724     8.836     0.00    0.00
-141145.006     8.836     0.00    0.00
-140771.326     8.836     0.00    0.00
-140397.683     8.836     0.00    0.00
-140024.078     8.836     0.00    0.00
-139650.511     8.836     0.00    0.00
-139276.981     8.836     0.00    0.00
-138903.489     8.836     0.00    0.00
-138530.034     8.836     0.00    0.00
-138156.617     8.836     0.00    0.00
-137783.237     8.836     0.00    0.00
-137409.895     8.836     0.00    0.00
-137036.591     8.836     0.00    0.00
-136663.324     8.836     0.00    0.00
-136290.094     8.836     0.00    0.00
-135916.902     8.836     0.00    0.00
-135543.747     8.907     0.19    0.42
-135170.630     9.309     1.08    0.88
-134797.550    10.011     1.88    1.26
-134424.508    10.550     1.44    1.19
-134051.503    10.906     0.95    1.08
-133678.536    11.082     0.47    0.99
-133305.605    11.318     0.63    1.01
-132932.713    11.819     1.34    0.97
-132559.857    12.086     0.72    0.95
-132187.039    12.187     0.27    1.08
-131814.258    11.872    -0.84    1.25
-131441.515    11.503    -0.99    1.35
-131068.809    11.318    -0.50    1.28
-130696.140    11.450     0.35    1.28
-130323.508    11.696     0.66    1.22
-129950.914    12.117     1.13    1.05
-129578.357    12.026    -0.24    1.00
-129205.837    11.872    -0.41    0.97
-128833.354    11.681    -0.51    0.95
-128460.909    11.548    -0.36    0.82
-128088.501    11.497    -0.14    0.82
-127716.130    11.429    -0.18    0.79
-127343.796    11.538     0.29    0.91
-126971.499    11.765     0.61    0.87
-126599.239    11.976     0.57    0.88
-126227.017    12.082     0.28    0.91
-125854.832    12.265     0.49    0.91
-125482.684    12.457     0.52    0.85
-125110.572    12.550     0.25    0.85
-124738.498    12.854     0.82    0.84
-124366.461    13.114     0.70    0.88
-123994.462    13.443     0.89    0.68
-123622.499    13.410    -0.09    0.79
-123250.573    13.345    -0.18    0.83
-122878.684    13.236    -0.29    0.78
-122506.832    13.050    -0.50    0.89
-122135.018    12.783    -0.72    0.91
-121763.240    12.491    -0.79    0.91
-121391.499    12.215    -0.74    0.88
-121019.795    12.211    -0.01    0.91
-120648.128    12.015    -0.53    1.06
-120276.498    11.910    -0.28    1.41
-119904.905    11.889    -0.06    1.34
-119533.349    11.685    -0.55    1.54
-119161.830    11.713     0.08    1.62
-118790.347    11.527    -0.50    1.82
-118418.902    11.450    -0.21    1.79
-118047.493    11.479     0.08    1.60
-117676.121    10.765    -1.92    1.70
-117304.786    10.433    -0.89    1.61
-116933.488    10.521     0.24    1.50
-116562.227    10.711     0.51    1.31
-116191.002    11.003     0.79    1.09
-115819.814    11.247     0.66    0.93
-115448.663    11.432     0.50    0.87
-115077.549    11.491     0.16    0.78
-114706.471    11.582     0.24    0.87
-114335.431    11.941     0.97    1.10
-113964.427    12.169     0.61    1.07
-113593.459    12.390     0.59    1.08
-113222.528    12.608     0.59    1.02
-112851.634    12.675     0.18    0.80
-112480.777    12.907     0.63    0.91
-112109.956    13.218     0.84    1.10
-111739.172    13.497     0.75    1.13
-111368.425    13.762     0.72    1.26
-110997.714    14.152     1.05    1.23
-110627.040    14.309     0.42    1.17
-110251.936    14.222    -0.23    1.13
-109873.843    14.193    -0.08    1.05
-109495.789    14.292     0.26    1.17
-109117.772    14.503     0.56    1.20
-108739.794    14.893     1.03    0.97
-108361.854    15.198     0.81    0.95
-107983.952    15.429     0.61    0.96
-107606.088    15.520     0.24    1.00
-107228.262    15.479    -0.11    0.96
-106850.474    15.345    -0.35    0.98
-106472.725    15.310    -0.09    1.02
-106095.013    15.355     0.12    1.08
-105717.340    15.573     0.58    1.09
-105339.704    15.891     0.84    1.10
-104962.107    15.801    -0.24    1.12
-104584.547    15.818     0.05    1.12
-104207.026    15.890     0.19    1.18
-103829.543    16.302     1.09    1.19
-103452.097    16.270    -0.08    1.22
-103074.690    16.204    -0.17    1.20
-102697.320    16.318     0.30    1.06
-102319.988    16.520     0.54    1.09
-101942.695    16.586     0.17    1.24
-101565.439    15.889    -1.85    1.68
-101188.221    15.836    -0.14    1.90
-100811.041    15.910     0.20    1.74
-100433.899    16.243     0.88    1.67
-100056.795    16.527     0.75    1.49
 -99679.728    16.520    -0.02    1.12
 -99302.700    16.382    -0.37    1.15
 -98925.709    15.943    -1.16    1.07
 -98548.756    15.678    -0.70    1.01
 -98171.841    15.586    -0.24    1.08
 -97794.963    15.643     0.15    1.09
 -97418.123    15.818     0.46    1.14
 -97041.321    16.140     0.85    1.14
 -96664.557    16.747     1.61    1.23
 -96287.831    17.265     1.37    1.31
 -95911.142    17.836     1.52    1.01
 -95534.491    18.163     0.87    0.90
 -95157.878    18.222     0.16    1.00
 -94781.302    18.272     0.13    1.23
 -94404.764    18.887     1.63    1.58
 -94028.264    19.558     1.78    1.72
 -93651.801    20.211     1.73    1.67
 -93275.376    20.415     0.54    1.43
 -92898.988    20.282    -0.35    1.25
 -92522.638    20.029    -0.67    1.20
 -92146.326    19.927    -0.27    1.14
 -91770.051    19.729    -0.53    1.53
 -91393.814    19.213    -1.37    1.73
 -91017.614    19.047    -0.44    1.62
 -90641.452    18.345    -1.86    1.71
 -90265.327    17.640    -1.88    2.06
 -89889.240    16.783    -2.28    1.90
 -89513.190    15.745    -2.76    1.55
 -89137.178    15.082    -1.76    1.43
 -88761.203    15.355     0.73    1.70
 -88385.266    15.713     0.95    2.00
 -88009.366    15.836     0.33    2.21
 -87633.504    15.140    -1.85    2.36
 -87257.679    14.068    -2.85    2.37
 -86881.891    12.854    -3.23    1.79
 -86506.141    11.907    -2.52    1.43
 -86130.428    11.195    -1.90    1.35
 -85754.753    10.300    -2.38    2.43
 -85379.115     9.382    -2.45    2.21
 -85003.514     8.941    -1.17    2.03
 -84627.950     8.693    -0.66    2.27
 -84252.424     8.713     0.05    1.15
 -83876.935     8.696    -0.05    1.13
 -83501.484     8.454    -0.64    1.11
 -83126.069     8.362    -0.24    2.51
 -82750.692     8.048    -0.84    3.30
 -82375.353     7.890    -0.42    3.31
 -82000.050     7.836    -0.14    3.66
 -81624.785     7.819    -0.05    3.01
 -81249.557     8.169     0.94    2.29
 -80874.366     8.345     0.47    2.22
 -80499.212     8.211    -0.36    1.77
 -80124.095     7.629    -1.55    1.15
 -79749.016     7.991     0.97    1.55
 -79373.973     9.000     2.69    2.36
 -78998.968    11.047     5.46    3.23
 -78624.000    13.582     6.76    3.01
 -78249.069    15.372     4.78    2.49
 -77874.175    17.247     5.00    1.94
 -77499.319    18.211     2.57    1.73
 -77124.499    18.925     1.91    1.53
 -76749.716    19.309     1.02    1.23
 -76374.971    19.300    -0.02    1.45
 -76000.262    19.591     0.78    1.67
 -75625.590    20.082     1.31    1.68
 -75250.956    20.691     1.63    1.22
 -74876.358    20.727     0.10    0.99
 -74501.798    20.608    -0.32    1.18
 -74127.274    20.472    -0.36    1.30
 -73752.787    20.077    -1.05    1.37
 -73378.338    19.605    -1.26    1.38
 -73003.925    18.907    -1.86    1.66
 -72629.549    18.218    -1.84    1.71
 -72255.210    17.729    -1.31    1.42
 -71880.908    17.127    -1.61    1.33
 -71506.642    16.800    -0.87    1.54
 -71132.414    16.336    -1.24    1.56
 -70758.223    16.127    -0.56    1.31
 -70384.068    16.029    -0.26    1.32
 -70009.950    16.044     0.04    1.23
 -69635.869    16.029    -0.04    1.22
 -69261.825    16.095     0.18    1.59
 -68887.817    16.064    -0.08    1.70
 -68513.847    16.282     0.58    1.73
 -68139.913    16.443     0.43    1.65
 -67766.016    16.468     0.07    1.60
 -67392.155    16.672     0.55    1.48
 -67018.331    16.818     0.39    1.38
 -66644.544    16.894     0.20    1.36
 -66270.794    16.907     0.04    1.19
 -65897.081    17.077     0.45    1.23
 -65523.404    17.204     0.34    1.26
 -65149.763    16.582    -1.67    1.57
 -64776.160    16.310    -0.73    1.69
 -64402.593    15.836    -1.27    1.72
 -64029.062    15.618    -0.58    1.54
 -63655.569    16.169     1.48    1.61
 -63282.112    16.232     0.17    1.55
 -62908.691    16.550     0.85    1.51
 -62535.307    16.688     0.37    1.37
 -62161.960    16.711     0.06    1.54
 -61788.649    16.763     0.14    1.80
 -61415.374    16.765     0.00    1.88
 -61042.137    16.872     0.29    1.74
 -60668.935    17.000     0.34    1.49
 -60295.771    16.890    -0.29    1.49
 -59922.642    16.890     0.00    1.47
 -59549.551    16.267    -1.67    1.51
 -59176.495    15.913    -0.95    1.48
 -58803.476    15.661    -0.68    1.50
 -58430.494    15.509    -0.41    1.43
 -58057.548    15.282    -0.61    1.66
 -57684.638    15.407     0.34    1.71
 -57311.765    15.545     0.37    1.93
 -56938.928    15.925     1.02    2.18
 -56566.128    16.072     0.39    1.96
 -56193.364    16.397     0.87    2.26
 -55820.636    16.040    -0.96    2.19
 -55447.945    16.362     0.87    2.33
 -55075.290    16.951     1.58    2.39
 -54702.671    16.872    -0.21    2.16
 -54330.088    16.086    -2.11    2.07
 -53957.542    15.800    -0.77    2.09
 -53585.032    15.200    -1.61    2.03
 -53212.559    14.963    -0.63    1.92
 -52840.122    14.157    -2.16    1.88
 -52467.720    13.336    -2.21    1.61
 -52095.356    13.282    -0.14    1.57
 -51723.027    13.201    -0.22    1.44
 -51350.735    14.047     2.27    2.09
 -50978.478    15.425     3.70    2.81
 -50606.258    15.906     1.29    2.88
 -50234.074    16.072     0.45    2.73
 -49861.927    16.229     0.42    2.90
 -49489.815    15.582    -1.74    2.60
 -49117.739    15.600     0.05    2.47
 -48745.700    16.443     2.27    2.89
 -48373.697    16.563     0.32    3.01
 -48001.730    17.372     2.17    2.81
 -47629.799    18.048     1.82    2.43
 -47257.904    17.889    -0.43    2.02
 -46886.045    17.345    -1.46    1.48
 -46514.222    17.104    -0.65    1.46
 -46142.435    17.218     0.31    1.53
 -45770.684    17.193    -0.07    1.69
 -45398.969    16.854    -0.91    1.67
 -45027.291    16.800    -0.15    1.85
 -44655.648    16.622    -0.48    2.10
 -44284.041    16.318    -0.82    1.95
 -43912.470    15.943    -1.01    1.81
 -43540.935    15.798    -0.39    1.68
 -43169.436    15.485    -0.84    1.91
 -42797.973    15.072    -1.11    1.99
 -42426.546    15.047    -0.07    2.22
 -42055.155    14.491    -1.50    2.23
 -41683.799    14.152    -0.91    2.05
 -41312.480    13.390    -2.05    2.42
 -40941.196    12.854    -1.44    2.05
 -40569.948    12.748    -0.28    2.14
 -40198.736    12.447    -0.81    1.64
 -39827.560    13.068     1.67    1.95
 -39456.420    13.471     1.08    1.94
 -39085.315    14.407     2.52    2.32
 -38714.247    14.685     0.75    2.31
 -38343.214    14.380    -0.82    2.13
 -37972.217    14.691     0.84    2.24
 -37601.255    14.380    -0.84    2.51
 -37230.330    14.327    -0.14    2.40
 -36859.440    14.104    -0.60    2.62
 -36488.585    14.640     1.44    3.16
 -36117.767    14.563    -0.21    2.75
 -35746.984    15.104     1.46    2.84
 -35372.305    15.963     2.29    2.72
 -34994.292    15.818    -0.38    2.46
 -34616.316    15.614    -0.54    2.39
 -34238.378    15.604    -0.03    2.28
 -33860.476    15.372    -0.61    2.83
 -33482.612    15.218    -0.41    3.58
 -33104.785    15.099    -0.31    4.32
 -32726.995    13.062    -5.39    4.03
 -32349.242    12.871    -0.51    4.06
 -31971.527    13.225     0.94    3.55
 -31593.848    12.976    -0.66    2.94
 -31216.207    14.018     2.76    3.06
 -30838.602    14.743     1.92    3.40
 -30461.035    14.265    -1.27    3.97
 -30083.505    14.682     1.11    4.39
 -29706.011    14.590    -0.24    4.64
 -29328.555    13.632    -2.54    4.09
 -28951.136    14.015     1.01    3.49
 -28573.753    13.443    -1.51    3.45
 -28196.408    13.291    -0.40    3.72
 -27819.100    13.497     0.55    4.16
 -27441.828    12.663    -2.21    3.89
 -27064.594    11.425    -3.28    3.98
 -26687.396     9.309    -5.61    4.74
 -26310.236     7.272    -5.40    4.35
 -25933.112     5.157    -5.61    3.16
 -25556.025     3.961    -3.17    1.68
 -25178.975     3.765    -0.52    1.25
 -24801.962     3.647    -0.31    1.32
 -24424.986     3.800     0.41    1.31
 -24048.047     3.893     0.24    1.34
 -23671.144     3.693    -0.53    1.34
 -23294.278     3.568    -0.33    1.31
 -22917.449     2.979    -1.56    1.27
 -22540.657     2.568    -1.09    1.24
 -22163.902     2.119    -1.19    1.28
 -21787.183     1.961    -0.42    1.25
 -21410.501     1.951    -0.03    1.26
 -21033.856     2.086     0.36    1.28
 -20657.248     2.382     0.78    1.29
 -20280.676     2.550     0.45    1.30
 -19904.141     2.783     0.62    1.14
 -19527.643     2.799     0.04    1.18
 -19151.182     2.819     0.05    1.27
 -18774.757     2.855     0.10    1.37
 -18398.368     2.748    -0.28    1.31
 -18022.017     2.600    -0.39    1.28
 -17645.702     2.461    -0.37    1.36
 -17269.424     2.272    -0.50    1.26
 -16893.182     2.109    -0.43    1.27
 -16516.977     2.122     0.03    1.32
 -16140.808     2.278     0.42    1.26
 -15764.676     2.104    -0.46    1.17
 -15388.581     2.169     0.17    1.15
 -15012.522     2.265     0.25    1.16
 -14636.499     2.497     0.62    1.37
 -14260.513     2.586     0.24    1.49
 -13884.564     2.461    -0.33    1.64
 -13508.651     2.761     0.80    1.63
 -13132.775     2.568    -0.51    1.58
 -12756.935     2.232    -0.89    1.63
 -12381.131     2.491     0.69    1.96
 -12005.364     2.484    -0.02    1.97
 -11629.634     2.729     0.65    2.08
 -11253.939     2.874     0.39    1.98
 -10878.282     2.763    -0.29    1.72
 -10502.660     3.032     0.72    1.54
 -10127.075     2.951    -0.22    1.32
  -9751.527     2.515    -1.16    1.47
  -9376.014     2.429    -0.23    1.49
  -9000.538     2.622     0.51    1.64
  -8625.099     3.104     1.28    1.80
  -8249.696     3.618     1.37    1.94
  -7874.329     4.175     1.49    2.15
  -7498.998     4.402     0.60    2.26
  -7123.704     4.532     0.35    2.33
  -6748.445     4.429    -0.28    2.25
  -6373.224     4.354    -0.20    2.19
  -5998.038     3.400    -2.54    1.70
  -5622.889     2.943    -1.22    1.45
  -5247.775     2.629    -0.84    1.23
  -4872.698     2.545    -0.22    1.24
  -4497.658     2.300    -0.65    1.40
  -4122.653     2.298    -0.01    1.31
  -3747.685     2.229    -0.18    1.42
  -3372.752     2.410     0.48    1.49
  -2997.856     2.345    -0.17    1.42
  -2622.996     2.479     0.36    1.29
  -2248.173     2.236    -0.65    1.80
  -1873.385     1.890    -0.92    1.76
  -1498.633     1.910     0.05    1.79
  -1123.918     1.640    -0.72    1.70
   -749.238     1.515    -0.33    1.57
   -374.595     0.982    -1.42    1.42
      0.012     0.421    -1.50    1.12
    374.584     0.372    -0.13    1.39
    749.119     0.763     1.05    1.76
   1123.618     1.095     0.89    2.12
   1498.082     1.691     1.59    2.24
   1872.509     2.213     1.40    2.40
   2246.900     2.193    -0.05    2.29
   2621.255     1.798    -1.06    2.08
   2995.575     1.729    -0.18    1.90
   3369.858     2.095     0.98    1.91
   3744.106     2.669     1.53    2.18
   4118.317     3.300     1.69    2.08
   4492.493     3.309     0.02    2.06
   4866.633     2.943    -0.98    2.27
   5240.737     2.336    -1.62    2.14
   5614.805     1.924    -1.10    1.75
   5988.837     2.067     0.38    1.76
   6362.833     2.425     0.96    1.59
   6736.794     3.218     2.12    3.31
   7110.718     4.765     4.14    5.19
   7484.607     7.484     7.27    5.86
   7858.460    10.947     9.26    5.32
   8232.277    12.943     5.34    3.30
   8606.059    13.225     0.75    3.07
   8979.805    13.390     0.44    3.03
   9353.515    13.232    -0.42    2.54
   9727.189    13.515     0.76    2.55
  10100.828    13.799     0.76    2.49
  10474.430    13.669    -0.35    2.29
  10847.997    14.152     1.29    2.33
  11221.529    14.072    -0.21    2.21
  11595.025    13.727    -0.92    1.96
  11968.485    13.892     0.44    1.61
  12341.909    13.907     0.04    1.44
  12715.298    14.067     0.43    1.70
  13088.651    14.354     0.77    1.50
  13461.969    14.586     0.62    1.44
  13835.251    14.925     0.91    1.38
  14208.497    14.745    -0.48    1.08
  14581.708    14.836     0.24    1.23
  14954.883    14.515    -0.86    1.22
  15328.022    14.138    -1.01    1.46
  15701.127    12.997    -3.06    2.63
  16074.195    11.798    -3.21    2.64
  16447.228    11.397    -1.07    2.89
  16820.226    11.109    -0.77    3.07
  17193.188    11.925     2.19    2.78
  17566.114    12.521     1.60    2.47
  17939.005    13.086     1.51    2.42
  18311.861    13.151     0.17    2.29
  18684.681    13.195     0.12    2.21
  19057.466    12.600    -1.60    1.92
  19430.215    12.548    -0.14    2.05
  19802.929    12.282    -0.71    2.33
  20175.607    12.327     0.12    2.74
  20548.250    11.979    -0.93    2.72
  20920.858    11.927    -0.14    3.12
  21293.430    11.706    -0.59    2.89
  21665.967    12.532     2.22    3.27
  22038.469    12.336    -0.53    3.31
  22410.935    12.800     1.25    3.03
  22783.366    13.072     0.73    2.40
  23155.762    12.454    -1.66    2.57
  23528.122    12.413    -0.11    2.58
  23900.447    12.747     0.90    2.73
  24272.737    13.114     0.99    2.84
  24644.991    13.425     0.84    2.70
  25017.211    13.595     0.46    2.79
  25389.395    13.892     0.80    2.93
  25761.544    13.015    -2.36    2.70
  26133.657    13.000    -0.04    2.64
  26505.736    12.318    -1.83    2.52
  26877.779    11.894    -1.14    2.01
  27249.787    11.729    -0.44    2.21
  27621.760    10.968    -2.05    2.11
  27993.697    11.532     1.52    2.27
  28365.600    11.459    -0.20    1.98
  28737.467    11.818     0.97    2.14
  29109.299    12.363     1.47    2.06
  29481.097    12.291    -0.20    2.02
  29852.859    12.711     1.13    2.10
  30224.586    12.855     0.39    2.03
  30596.278    12.765    -0.24    2.09
  30967.934    12.586    -0.48    2.42
  31339.556    12.604     0.05    2.59
  31711.143    12.572    -0.09    2.43
  32082.695    12.182    -1.05    2.07
  32454.211    12.299     0.32    1.88
  32825.693    12.300     0.00    2.02
  33197.140    12.400     0.27    2.20
  33568.552    12.418     0.05    2.17
  33939.928    12.119    -0.80    2.36
  34311.270    12.491     1.00    2.59
  34682.577    11.925    -1.52    2.87
  35053.849    12.048     0.33    2.81
  35425.086    11.586    -1.24    2.87
  35796.288    10.874    -1.92    2.37
  36167.455    10.979     0.28    2.04
  36538.587    10.987     0.02    1.98
  36909.685    11.270     0.76    1.70
  37280.747    11.247    -0.06    1.71
  37651.775    11.281     0.09    1.97
  38022.768    11.300     0.05    2.04
  38393.726    11.472     0.46    2.29
  38764.649    11.709     0.64    1.89
  39135.537    11.934     0.61    1.60
  39509.868    11.961     0.07    1.61
  39887.804    12.345     1.02    1.67
  40265.704    12.622     0.73    2.00
  40643.567    13.114     1.30    2.19
  41021.394    12.891    -0.59    2.23
  41399.185    12.265    -1.66    2.18
  41776.940    11.289    -2.58    2.20
  42154.659    10.400    -2.35    1.70
  42532.342    10.761     0.96    2.10
  42909.988    11.015     0.67    2.20
  43287.598    10.763    -0.67    2.26
  43665.173    10.818     0.14    1.99
  44042.711    10.604    -0.57    1.78
  44420.213    11.028     1.12    1.86
  44797.679    11.540     1.35    1.95
  45175.108    11.800     0.69    1.82
  45552.502    11.987     0.50    1.89
  45929.860    12.175     0.50    1.58
  46307.181    11.618    -1.48    1.89
  46684.467    11.345    -0.72    1.89
  47061.717    11.044    -0.80    1.83
  47438.930    11.077     0.09    1.79
  47816.108    10.855    -0.59    1.90
  48193.250    10.604    -0.66    1.82
  48570.355    10.058    -1.45    1.76
  48947.425     9.818    -0.64    1.64
  49324.459    10.309     1.30    1.83
  49701.457    10.987     1.80    1.84
  50078.419    11.229     0.64    1.93
  50455.345    11.259     0.08    1.86
  50832.235    10.979    -0.74    1.72
  51209.089    11.000     0.06    1.75
  51585.908    10.688    -0.83    1.78
  51962.690    11.050     0.96    1.80
  52339.437    11.119     0.18    1.75
  52716.148    11.247     0.34    1.52
  53092.823    11.402     0.41    1.34
  53469.462    11.291    -0.30    1.33
  53846.065    10.963    -0.87    1.83
  54222.633    10.725    -0.63    1.89
  54599.165    10.711    -0.04    2.05
  54975.661    10.836     0.33    2.28
  55352.122    11.047     0.56    2.47
  55728.546    10.798    -0.66    2.38
  56104.935    10.595    -0.54    2.26
  56481.288    10.709     0.30    2.25
  56857.606    10.872     0.43    2.24
  57233.888    10.625    -0.66    2.23
  57610.134    10.874     0.66    2.00
  57986.344    10.425    -1.19    1.99
  58362.519    10.125    -0.80    2.14
  58738.658    10.247     0.33    2.25
  59114.762     9.763    -1.29    2.13
  59490.830     9.961     0.53    2.14
  59866.862    10.622     1.76    1.94
  60242.859    10.743     0.32    1.74
  60618.820    10.586    -0.42    1.73
  60994.745    10.355    -0.61    1.88
  61370.636    10.400     0.12    1.91
  61746.490    10.262    -0.37    1.81
  62122.309    10.062    -0.53    1.96
  62498.092    10.236     0.46    2.03
  62873.840    10.595     0.96    2.06
  63249.553    10.709     0.30    2.13
  63625.230    10.763     0.15    1.89
  64000.871    11.497     1.95    1.96
  64376.477    11.471    -0.07    1.94
  64752.048    11.372    -0.26    1.97
  65127.583    10.600    -2.06    2.21
  65503.082     9.729    -2.32    1.82
  65878.547     9.140    -1.57    1.65
  66253.975     9.195     0.15    1.58
  66629.369     9.527     0.89    2.19
  67004.727     9.759     0.62    2.59
  67380.050     9.782     0.06    2.34
  67755.337     9.355    -1.14    2.31
  68130.589     8.782    -1.52    1.90
  68505.806     8.711    -0.19    1.83
  68880.987     8.651    -0.16    1.83
  69256.133     9.140     1.30    1.81
  69631.244     9.308     0.45    1.85
  70006.319     9.132    -0.47    1.98
  70381.359     8.855    -0.74    1.94
  70756.364     8.927     0.19    1.92
  71131.334     8.872    -0.15    1.77
  71506.268     9.018     0.39    1.67
  71881.168     9.081     0.17    1.86
  72256.032     9.355     0.73    2.03
  72630.860     9.327    -0.07    1.96
  73005.654     8.951    -1.00    2.31
  73380.412     9.015     0.17    2.72
  73755.136     8.932    -0.22    2.68
  74129.824     9.229     0.79    2.81
  74504.477     9.799     1.52    2.25
  74879.094     9.484    -0.84    2.16
  75253.677     8.640    -2.25    2.28
  75628.225     8.326    -0.84    2.25
  76002.737     7.963    -0.97    2.09
  76377.214     7.798    -0.44    2.12
  76751.657     7.854     0.15    1.88
  77126.064     7.558    -0.79    2.52
  77500.436     8.182     1.67    2.60
  77874.773     8.265     0.22    2.58
  78249.075     8.410     0.39    2.74
  78623.342     7.910    -1.34    2.79
  78997.574     7.270    -1.71    2.36
  79371.772     7.018    -0.67    1.86
  79745.934     7.067     0.13    1.50
  80120.061     6.979    -0.23    1.47
  80494.153     6.836    -0.38    1.67
  80868.210     6.568    -0.72    1.58
  81242.232     6.232    -0.90    1.64
  81616.220     6.062    -0.45    2.05
  81990.172     6.032    -0.08    2.02
  82364.090     5.836    -0.53    2.15
  82737.972     5.818    -0.05    1.96
  83111.820     6.119     0.80    1.83
  83485.633     6.799     1.82    2.45
  83859.411     7.781     2.63    2.49
  84233.154     8.364     1.56    2.47
  84606.863     8.175    -0.51    2.38
  84980.536     7.503    -1.80    2.35
  85354.175     6.632    -2.33    2.08
  85727.779     5.738    -2.39    1.76
  86101.348     5.657    -0.22    1.85
  86474.882     6.144     1.30    2.33
  86848.382     5.669    -1.27    2.49
  87221.847     5.262    -1.09    2.86
  87595.277     5.032    -0.61    3.08
  87968.672     3.855    -3.15    2.37
  88342.033     3.669    -0.50    2.13
  88715.359     4.327     1.76    2.28
  89088.650     4.440     0.30    2.33
  89461.907     4.540     0.27    2.38
  89835.129     4.874     0.89    2.30
  90208.316     5.175     0.81    2.21
  90581.468     5.647     1.26    2.22
  90954.586     6.157     1.37    2.06
  91327.670     6.532     1.01    2.10
  91700.718     6.072    -1.23    2.34
  92073.732     6.127     0.15    2.23
  92446.712     5.990    -0.37    2.45
  92819.657     5.582    -1.09    2.32
  93192.567     5.169    -1.11    1.75
  93565.443     4.966    -0.55    1.86
  93938.284     4.968     0.01    1.91
  94311.091     5.407     1.18    1.86
  94683.863     5.392    -0.04    1.89
  95056.601     4.782    -1.64    2.31
  95429.304     4.032    -2.01    2.39
  95801.972     3.336    -1.87    2.01
  96174.607     3.854     1.39    2.59
  96547.206     4.636     2.10    2.47
  96919.772     5.454     2.20    2.43
  97292.302     5.855     1.07    2.39
  97664.799     6.545     1.85    2.55
  98037.261     6.891     0.93    2.33
  98409.688     6.949     0.16    2.52
  98782.081     6.211    -1.98    2.83
  99154.440     4.723    -4.00    3.23
  99526.765     3.582    -3.07    3.30
  99899.055     3.189    -1.05    3.63
 100271.310     3.425     0.63    3.70
 100643.532     4.375     2.55    3.53
 101015.719     5.272     2.41    3.22
 101387.871     4.763    -1.37    2.40
 101759.990     4.854     0.24    2.21
 102132.074     5.572     1.93    1.98
 102504.123     5.636     0.17    2.02
 102876.139     5.454    -0.49    2.48
 103248.120     5.021    -1.16    2.89
 103620.067     5.193     0.46    3.45
 103991.980     5.144    -0.13    3.73
 104363.858     4.443    -1.88    3.86
 104735.702     3.701    -1.99    3.73
 105107.512     3.873     0.46    3.91
 105479.288     3.466    -1.10    3.33
 105851.030     3.836     1.00    3.27
 106222.737     4.425     1.59    4.27
 106594.411     4.291    -0.36    4.32
 106966.050     4.540     0.67    4.83
 107337.655     4.685     0.39    4.81
 107709.226     4.577    -0.29    4.29
 108080.763     3.740    -2.25    3.41
 108452.265     2.818    -2.48    2.69
 108823.734     2.013    -2.17    1.21
 109195.168     2.586     1.54    2.05
 109566.569     1.966    -1.67    2.67
 109937.935     2.382     1.12    3.18
 110309.267     2.800     1.13    3.16
 110680.565     3.251     1.21    3.13
 111051.830     4.175     2.49    3.18
 111423.060     4.251     0.20    4.02
 111794.256     4.206    -0.12    4.00
 112165.418     3.278    -2.50    3.26
 112536.546     1.984    -3.49    2.88
 112907.641     2.270     0.77    3.17
 113278.701     2.206    -0.17    3.32
 113649.727     2.669     1.25    3.75
 114020.719     3.568     2.42    3.36
 114394.775     3.267    -0.80    3.13
 114772.633     3.688     1.11    2.78
 115150.456     3.000    -1.82    2.97
 115528.243     3.548     1.45    4.38
 115905.996     3.622     0.20    4.26
 116283.713     3.912     0.77    3.93
 116661.394     5.211     3.44    4.03
 117039.041     4.200    -2.68    3.53
 117416.652     5.206     2.67    4.44
 117794.228     4.568    -1.69    5.40
 118171.769     2.836    -4.59    5.03
 118549.275     2.443    -1.04    5.01
 118926.745     2.429    -0.04    3.97
 119304.180     3.044     1.63    4.23
 119681.581     3.604     1.48    4.14
 120058.946     3.567    -0.10    3.46
 120436.275     2.550    -2.69    2.29
 120813.570     2.663     0.30    2.14
 121190.830     3.018     0.94    2.59
 121568.054     2.743    -0.73    2.80
 121945.244     3.157     1.10    3.10
 122322.398     3.747     1.56    4.32
 122699.518     3.629    -0.31    4.80
 123076.602     2.855    -2.05    4.52
 123453.651     3.576     1.91    4.92
 123830.666     3.036    -1.43    4.07
 124207.645     3.132     0.26    4.00
 124584.589     3.036    -0.26    3.62
 124961.498     2.232    -2.13    2.28
 125338.373     2.873     1.70    3.36
 125715.212     3.614     1.97    3.51
 126092.016     3.548    -0.18    3.63
 126468.786     3.200    -0.92    3.55
 126845.520     1.706    -3.96    2.81
 127222.220     1.961     0.68    3.64
 127598.884     1.629    -0.88    3.96
 127975.514     1.723     0.25    4.15
 128352.109     2.747     2.72    3.94
 128728.669     2.528    -0.58    3.78
 129105.194     3.443     2.43    3.58
 129481.684     2.688    -2.01    3.57
 129858.140     2.218    -1.25    3.18
 130234.560     3.109     2.37    3.37
 130610.946     2.629    -1.28    3.33
 130987.297     2.532    -0.26    3.10
 131363.613     3.163     1.68    2.77
 131739.895     1.891    -3.38    2.67
 132116.141     1.515    -1.00    2.15
 132492.353     2.345     2.21    2.74
 132868.530     2.711     0.97    2.71
 133244.673     2.651    -0.16    2.63
 133620.780     2.836     0.49    2.19
 133996.853     2.355    -1.28    1.59
 134372.891     2.262    -0.25    1.66
 134748.895     2.632     0.98    1.69
 135124.864     2.421    -0.56    1.76
 135500.798     2.799     1.01    1.74
 135876.698     2.595    -0.54    1.64
 136252.562     2.654     0.16    1.68
 136628.393     2.522    -0.35    1.62
 137004.188     2.688     0.44    1.59
 137379.949     2.968     0.75    1.45
 137755.676     2.963    -0.01    1.50
 138131.368     2.817    -0.39    1.57
 138507.025     2.550    -0.71    1.51
 138882.648     1.893    -1.75    1.25
 139258.236     2.195     0.80    1.91
 139633.789     2.372     0.47    2.22
 140009.308     2.581     0.56    2.14
 140384.793     2.747     0.44    1.98
 140760.243     2.947     0.53    1.69
 141135.658     3.345     1.06    1.50
 141511.039     3.509     0.44    1.32
 141886.386     3.206    -0.81    1.39
 142261.698     3.836     1.68    2.07
 142636.976     4.032     0.52    2.33
 143012.219     4.497     1.24    2.07
 143387.428     4.308    -0.50    2.15
 143762.602     3.421    -2.36    2.01
 144137.742     2.961    -1.23    1.84
 144512.848     2.629    -0.89    1.71
 144887.919     2.527    -0.27    1.67
 145262.956     2.157    -0.99    1.66
 145637.958     2.077    -0.21    1.65
 146012.926     2.224     0.39    1.53
 146387.860     2.509     0.76    1.58
 146762.759     2.855     0.92    1.41
 147137.624     2.872     0.05    1.41
 147512.455     2.723    -0.40    1.40
 147887.252     3.225     1.34    1.23
 148262.014     3.472     0.66    1.34
 148636.742     3.567     0.25    1.46
 149011.435     3.654     0.23    1.32
 149386.095     3.176    -1.28    1.58
 149760.720     2.657    -1.38    1.60
 150135.311     2.067    -1.58    1.54
 150509.868     1.910    -0.42    1.44
 150884.390     2.072     0.43    1.72
 151258.879     2.044    -0.08    1.72
 151633.333     2.109     0.17    1.70
 152007.753     1.996    -0.30    1.69
 152382.138     2.254     0.69    0.76
 152756.490     2.289     0.09    0.91
 153130.808     2.553     0.71    1.17
 153505.091     2.997     1.19    1.39
 153879.340     3.440     1.18    1.29
 154253.555     3.800     0.96    1.25
 154627.737     3.704    -0.26    1.39
 155001.883     4.021     0.85    1.48
 155375.996     3.996    -0.07    1.48
 155750.075     4.157     0.43    1.61
 156124.120     4.157     0.00    1.57
 156498.131     4.021    -0.36    1.52
 156872.108     3.600    -1.13    1.59
 157246.050     3.553    -0.12    1.32
 157619.959     3.327    -0.61    1.55
 157993.834     3.169    -0.42    1.53
 158367.674     3.318     0.40    1.54
 158741.481     3.402     0.23    1.55
 159115.254     3.229    -0.46    1.46
 159488.993     3.006    -0.60    1.38
 159862.698     3.032     0.07    1.12
 160236.369     3.169     0.37    1.23
 160610.006     3.478     0.82    1.13
 160983.609     3.657     0.48    1.22
 161357.178     3.776     0.32    1.27
 161730.714     3.618    -0.42    1.21
 162104.215     3.440    -0.48    1.47
 162477.683     3.782     0.91    1.48
 162851.116     3.947     0.44    1.42
 163224.516     4.086     0.37    1.27
 163597.882     4.211     0.33    1.04
 163971.215     4.232     0.06    1.10
 164344.513     4.521     0.77    1.62
 164717.778     4.798     0.74    1.64
 165091.009     4.540    -0.69    1.70
 165464.206     4.364    -0.47    1.71
 165837.369     4.176    -0.51    1.49
 166210.499     4.503     0.88    1.77
 166583.595     4.632     0.35    1.70
 166956.657     4.971     0.91    1.69
 167329.685     4.188    -2.10    2.08
 167702.680     3.345    -2.26    2.62
 168075.641     2.586    -2.03    2.56
 168448.568     3.072     1.30    1.94
 168821.462     3.855     2.10    1.79
 169194.322     4.800     2.53    2.04
 169567.148     5.478     1.82    1.95
 169939.941     5.782     0.82    1.99
 170312.700     6.036     0.68    1.84
 170685.425     5.591    -1.19    1.65
 171058.117     5.515    -0.20    1.53
 171430.775     5.562     0.13    1.56
 171803.400     5.711     0.40    1.65
 172175.991     5.278    -1.16    2.38
 172548.548     3.912    -3.67    2.89
 172921.072     2.930    -2.63    2.62
 173293.563     2.620    -0.83    2.33
 173666.020     3.382     2.04    2.19
 174038.443     4.021     1.72    1.91
 174410.833     4.327     0.82    1.69
 174783.189     4.798     1.26    1.34
 175155.512     4.761    -0.10    1.37
 175527.801     4.896     0.36    1.33
 175900.057     5.021     0.34    1.27
 176272.279     4.968    -0.14    1.19
 176644.468     5.032     0.17    1.33
 177016.624     4.913    -0.32    1.54
 177388.746     4.800    -0.30    1.69
 177760.834     4.647    -0.41    1.79
 178132.890     4.572    -0.20    1.74
 178504.911     4.563    -0.02    1.83
 178876.900     4.476    -0.23    1.32
 179248.855     5.188     1.91    1.39
 179620.777     5.287     0.27    1.21
 179992.665     5.243    -0.12    1.30
 180364.520     4.949    -0.79    1.34
 180736.342     5.364     1.12    1.79
 181108.130     6.318     2.57    2.57
 181479.885     6.666     0.94    2.86
 181851.607     6.545    -0.33    2.99
 182223.295     6.289    -0.69    2.96
 182594.951     5.243    -2.81    2.18
 182966.572     4.607    -1.71    1.56
 183338.161     4.466    -0.38    1.50
 183709.717     4.836     1.00    1.74
 184081.239     5.006     0.46    1.81
 184452.728     5.410     1.09    1.75
 184824.183     5.568     0.43    1.83
 185195.606     5.444    -0.33    1.61
 185566.995     5.515     0.19    1.55
 185938.352     5.289    -0.61    1.51
 186309.675     5.025    -0.71    1.72
 186680.964     5.109     0.23    1.99
 187052.221     4.756    -0.95    1.76
 187423.445     4.532    -0.60    1.39
 187794.635     5.270     1.99    1.72
 188165.792     6.272     2.70    2.18
 188536.917     6.798     1.42    1.97
 188908.008     6.663    -0.36    2.11
 189281.849     6.140    -1.40    2.29
 189659.635     5.125    -2.69    1.88
 190037.386     4.577    -1.45    1.70
 190415.102     4.259    -0.84    1.66
 190792.784     4.373     0.30    1.61
 191170.432     4.206    -0.44    1.74
 191548.046     3.990    -0.57    1.81
 191925.625     4.163     0.46    2.22
 192303.170     4.930     2.03    3.21
 192680.681     5.632     1.86    3.20
 193058.157     5.836     0.54    3.02
 193435.599     5.874     0.10    2.81
 193813.007     4.910    -2.55    1.96
 194190.380     4.521    -1.03    1.70
 194567.720     4.402    -0.32    1.58
 194945.025     4.182    -0.58    1.31
 195322.296     4.025    -0.42    1.33
 195699.532     3.856    -0.45    1.35
 196076.735     4.006     0.40    1.45
 196453.903     4.206     0.53    1.67
 196831.037     4.595     1.03    1.67
 197208.137     5.201     1.61    1.36
 197585.203     5.189    -0.03    1.43
 197962.234     5.447     0.68    1.32
 198339.232     5.259    -0.50    1.36
 198716.195     5.163    -0.25    1.48
 199093.124     5.478     0.83    1.42
 199470.020     5.927     1.19    1.51
 199846.881     6.413     1.29    1.26
 200223.708     6.721     0.82    1.57
 200600.501     6.355    -0.97    1.67
 200977.260     5.930    -1.13    1.66
 201353.984     5.693    -0.63    2.08
 201730.675     5.874     0.48    2.73
 202107.332     6.558     1.82    3.46
 202483.955     7.006     1.19    3.48
 202860.544     6.855    -0.40    3.65
 203237.098     6.729    -0.33    3.72
 203613.619     6.209    -1.38    3.17
 203990.106     6.390     0.48    2.32
 204366.559     6.345    -0.12    1.98
 204742.978     5.119    -3.26    3.03
 205119.363     3.891    -3.26    2.94
 205495.714     3.307    -1.55    2.57
 205872.031     4.058     2.00    2.79
 206248.314     5.424     3.63    2.08
 206624.564     5.727     0.80    1.54
 207000.779     5.614    -0.30    1.55
 207376.961     5.176    -1.16    1.67
 207753.109     4.925    -0.67    1.81
 208129.223     4.699    -0.60    1.72
 208505.303     5.054     0.94    1.90
 208881.349     5.413     0.95    2.04
 209257.362     5.855     1.18    2.13
 209633.340     5.704    -0.40    2.32
 210009.285     5.130    -1.53    2.17
 210385.197     5.050    -0.21    2.06
 210761.074     4.987    -0.17    2.13
 211136.917     5.077     0.24    2.19
 211512.727     4.990    -0.23    2.22
 211888.503     4.817    -0.46    2.16
 212264.246     5.629     2.16    2.48
 212639.955     6.013     1.02    2.25
 213015.630     6.418     1.08    2.29
 213391.271     6.647     0.61    2.19
 213766.878     6.318    -0.88    1.87
 214142.452     6.336     0.05    2.00
 214517.993     6.028    -0.82    1.92
 214893.499     5.759    -0.72    1.66
 215268.972     5.762     0.01    1.70
 215644.412     6.138     1.00    1.48
 216019.817     5.984    -0.41    1.76
 216395.190     5.893    -0.24    2.11
 216770.528     5.856    -0.10    2.04
 217145.833     6.095     0.64    1.96
 217521.105     6.383     0.77    1.72
 217896.342     6.127    -0.68    1.79
 218271.547     5.913    -0.57    2.02
 218646.717     6.104     0.51    2.16
 219021.855     6.013    -0.24    2.20
 219396.958     6.119     0.28    1.86
 219772.029     5.912    -0.55    2.06
 220147.065     5.436    -1.27    2.03
 220522.068     5.407    -0.08    1.88
 220897.038     5.062    -0.92    1.77
 221271.975     5.018    -0.12    1.71
 221646.877     5.044     0.07    1.83
 222021.747     5.114     0.19    1.51
 222396.583     5.640     1.40    1.75
 222771.385     5.679     0.11    1.95
 223146.154     5.800     0.32    1.75
 223520.890     6.067     0.71    1.90
 223895.592     6.054    -0.03    1.87
 224270.261     6.308     0.68    1.92
 224644.897     6.875     1.51    2.09
 225019.499     7.265     1.04    1.95
 225394.068     6.951    -0.84    1.82
 225768.604     6.262    -1.84    1.80
 226143.106     5.586    -1.80    1.85
 226517.575     5.058    -1.41    1.60
 226892.010     4.490    -1.52    1.38
 227266.413     4.660     0.45    1.45
 227640.782     4.836     0.47    1.56
 228015.117     5.006     0.45    1.70
 228389.420     5.402     1.06    1.92
 228763.689     5.451     0.13    1.94
 229137.925     5.402    -0.13    1.93
 229512.128     5.399    -0.01    1.71
 229886.298     5.105    -0.78    1.75
 230260.434     5.298     0.51    1.88
 230634.537     4.929    -0.99    1.73
 231008.607     5.081     0.41    1.85
 231382.644     5.100     0.05    1.73
 231756.648     5.383     0.76    1.82
 232130.618     6.111     1.94    2.01
 232504.555     6.706     1.59    2.27
 232878.460     7.327     1.66    1.94
 233252.331     6.672    -1.75    1.95
 233626.169     6.062    -1.63    2.00
 233999.974     5.582    -1.29    1.91
 234373.745     5.308    -0.73    1.95
 234747.484     5.478     0.45    1.93
 235121.190     5.725     0.66    1.86
 235494.862     5.356    -0.99    1.76
 235868.502     5.747     1.05    1.96
 236242.108     5.816     0.19    1.78
 236615.682     6.236     1.12    1.65
 236989.222     6.402     0.44    1.53
 237362.730     6.459     0.15    1.47
 237736.204     7.015     1.49    2.05
 238109.646     7.032     0.05    2.17
 238483.054     6.891    -0.38    2.14
 238856.430     6.476    -1.11    2.44
 239229.772     5.893    -1.56    1.97
 239603.082     6.201     0.83    2.28
 239976.359     6.660     1.23    2.41
 240349.602     7.532     2.34    2.33
 240722.813     8.067     1.43    1.97
 241095.991     7.472    -1.59    2.10
 241469.136     7.025    -1.20    2.00
 241842.249     6.669    -0.95    1.65
 242215.328     6.649    -0.06    1.54
 242588.374     6.836     0.50    1.63
 242961.388     6.567    -0.72    1.76
 243334.369     5.951    -1.65    1.73
 243707.317     5.610    -0.92    1.72
 244080.232     5.610     0.00    1.65
 244453.114     5.413    -0.53    1.76
 244825.964     5.759     0.93    1.78
 245198.781     6.044     0.76    1.76
 245571.565     6.086     0.11    1.62
 245944.316     6.169     0.22    1.57
 246317.034     6.421     0.67    1.45
 246689.720     6.265    -0.42    1.35
 247062.373     6.240    -0.07    1.40
 247434.993     6.021    -0.59    1.27
 247807.581     6.413     1.05    1.63
 248180.136     6.474     0.16    1.62
 248552.658     6.806     0.89    1.59
