# NaN NaN NaN ;Mean Elev.(m), Avg Gradient(m/km), RMS Gradient(m/km) - SRTM1     
#   59.575 -17.420  37.319 ;Mean Elev.(m), Avg Gradient(m/km), RMS Gradient(m/km) - ASTER GDEM
#   12.490  -5.340  30.691 ;Mean Elev.(m), Avg Gradient(m/km), RMS Gradient(m/km) - GMTED2010 
  8  47.158474  51.939215    16.471    16.386  3 52480.31631566 14.945
  9  47.162741  51.938199    16.742    16.687  6 52515.31626490 20.093
 11  47.171905  51.941326    16.905    16.950  8 52585.31628740 20.056
 12  47.153203  51.934511    15.832    15.824  5 52620.31627011 34.472
 15  47.163703  51.933651    24.945    24.920  4 52725.31629709  9.216
 16  47.142635  51.930383    20.256    20.390  4 52760.31631615 17.660
 17  47.180373  51.947607    17.633    17.684  7 52795.31626840 24.283
 19  47.180097  51.947570    16.989    17.040  7 52865.31637928 21.760
 20  47.158437  51.936260    15.957    15.970  5 52900.31641089 43.853
 21  47.154657  51.940187    97.439    97.439  2 52935.31635277  2.089
 22  47.167869  51.939651    17.509    17.299  8 52970.31637213 45.449
 23  47.156168  51.937064    76.006    75.992  4 53005.31638920  7.050
 27  47.164258  51.938855    16.897    16.618  6 53145.31638255 24.842
 28  47.168523  51.940444    17.479    17.583  8 53180.31639356 44.814
 29  47.161167  51.936742    17.246    17.007  6 53215.31641671 34.720
 30  47.154456  51.935051    18.790    18.858  5 53250.31639004 17.351
 32  47.175625  51.943205    16.358    16.361  8 53320.31636596 22.000
 33  47.163738  51.937660    16.368    16.350  7 53355.31633582 44.977
 34  47.172078  51.942355    17.602    17.627  8 53390.31634291 32.704
 37  47.156760  51.934912    20.623    20.490  6 53495.31643236 44.719
 38  47.169572  51.940965    17.643    17.609  8 53530.31640655 43.211
 39  47.152206  51.933581    15.479    15.480  6 53565.31643760 20.099
 40  47.160898  51.937377    15.713    15.623  6 53600.31637926 24.074
 41  47.167723  51.940667    16.180    15.939  7 53635.31637520 21.770
 42  47.158817  51.936405    16.545    16.557  6 53670.31639770 23.287
 43  47.167565  51.940910    19.638    19.707  7 53705.31633169 36.412
 44  47.156261  51.937404    75.204    75.058  3 53740.31624433  7.678
 48  47.172613  51.941046    17.096    16.999  8 53880.31631720 22.026
 49  47.155990  51.935741    15.831    15.591  5 53915.31637606 19.163
 50  47.151150  51.934033    17.174    17.029  5 53950.31638552 20.665
 51  47.156356  51.935175    18.018    18.034  5 53985.31632220 16.475
 52  47.171982  51.940620    15.364    15.433  8 54020.31635856 35.341
 53  47.177941  51.946151    17.910    17.918  8 54055.31634884 18.758
 54  47.160059  51.937321    18.903    18.172  6 54090.31633851 36.624
 55  47.177871  51.947656    59.441    35.250  5 54125.31626371 41.971
 57  47.173764  51.943541    17.212    17.133  8 54195.31626644 49.268
 58  47.167000  51.940762    17.973    17.973  7 54230.31631708 17.998
 59  47.166509  51.939067    18.359    18.386  7 54265.31633508 32.296
 61  47.160885  51.936284    17.443    16.876  6 54335.31632930 34.909
 63  47.161184  51.936291    15.337    15.188  6 54405.31627374 22.295
 64  47.181138  51.951943   102.825   102.825  2 54440.31622771  5.926
 67  47.162816  51.936965    18.374    18.371  6 54545.31627495 28.789
 68  47.168882  51.940623    19.646    19.558  8 54580.31624077 21.024
 69  47.166373  51.940237    18.355    17.987  7 54615.31626353 28.323
 70  47.164018  51.938215    16.647    16.387  6 54650.31627611 31.374
 71  47.160260  51.937371    16.605    16.635  6 54685.31627023 17.009
 72  47.175714  51.942641    17.107    17.027  9 54720.31621897 20.165
 73  47.164527  51.938256    16.235    16.274  6 54755.31624446 29.567
 74  47.173423  51.943094    16.909    16.802  8 54790.31621280 18.125
 75  47.168468  51.939866    16.950    16.913  7 54825.31624000 38.732
 79  47.163995  51.937670    17.260    17.307  7 54965.31624181 26.097
 80  47.160115  51.935382    17.095    16.815  6 55000.31626280 39.685
 81  47.167607  51.939894    15.766    15.596  7 55035.31624701 22.003
 82  47.159020  51.936341    16.392    16.321  6 55070.31623776 20.021
 84  47.163044  51.937617    16.928    17.015  6 55140.31618613 22.628
 85  47.177419  51.945167    17.296    17.285  7 55175.31614501 42.952
 89  47.164780  51.938665    17.354    17.027  6 55315.31614014 23.745
 90  47.162063  51.938187    17.738    17.318  6 55350.31614617 20.582
 91  47.172057  51.944468    16.741    16.743  5 55385.31613835 16.077
 92  47.165868  51.938027    14.995    15.141  7 55420.31616445 28.001
 93  47.158244  51.935322    16.101    16.205  6 55455.31614206 35.827
