# NaN NaN NaN ;Mean Elev.(m), Avg Gradient(m/km), RMS Gradient(m/km) - SRTM1     
#   25.226  -6.354  21.504 ;Mean Elev.(m), Avg Gradient(m/km), RMS Gradient(m/km) - ASTER GDEM
#   24.247  -6.703  21.180 ;Mean Elev.(m), Avg Gradient(m/km), RMS Gradient(m/km) - GMTED2010 
  7    34.735 52458.31001176 15.91  50.044746  53.426371  4.658
  7    38.705 52458.31001240 17.63  50.043121  53.423148  6.416
  7    31.578 52458.31001304 24.10  50.041511  53.419938  6.416
  7    33.104 52458.31001369 28.03  50.039891  53.416718  6.416
  8    28.443 52493.30999087 31.66  50.049992  53.426177 17.850
  8    28.050 52493.30999152 26.02  50.048382  53.422967 17.850
  8    27.872 52493.30999216 19.91  50.046762  53.419747 17.850
  8    28.639 52493.30999281 16.89  50.045152  53.416527 17.850
 12    50.882 52633.30997820  4.64  50.049054  53.427444  5.021
 12    51.037 52633.30997885  6.59  50.047434  53.424224  5.021
 12    30.007 52633.30998014 29.29  50.044204  53.417784  5.021
 16    33.691 52773.30996871 35.85  50.040342  53.425929 10.616
 16    33.660 52773.30996935 36.03  50.038722  53.422709 10.616
 16    33.995 52773.30997000 35.40  50.037112  53.419499 10.616
 18    29.153 52843.31009135 32.42  50.050544  53.427014 20.494
 18    28.872 52843.31009200 32.05  50.048934  53.423794 20.494
 18    28.833 52843.31009264 32.18  50.047314  53.420584 20.494
 18    28.898 52843.31009329 30.40  50.045704  53.417364 20.494
 19    29.675 52878.31013066 22.88  50.043115  53.422555  5.680
 19    28.187 52878.31013130 24.57  50.041505  53.419335  5.680
 20    30.161 52913.31008806 20.06  50.044427  53.426537 12.340
 20    30.761 52913.31008871 16.19  50.042817  53.423327 12.340
 20    31.243 52913.31008935 13.49  50.041197  53.420107 12.340
 20    30.992 52913.31009000 14.58  50.039587  53.416887 12.340
 21    30.061 52948.31004680 16.86  50.056705  53.420781  4.972
 21    28.903 52948.31004744 18.04  50.055095  53.417561  4.972
 21    29.031 52948.31004809 15.22  50.053475  53.414341  4.972
 23    51.725 53018.31007149  5.58  50.040988  53.428289  5.650
 23    30.704 53018.31007278 30.26  50.037758  53.421859  5.650
 23    30.597 53018.31007342 31.38  50.036148  53.418639  5.650
 25    49.470 53088.31009096  4.33  50.031398  53.428697  4.334
 25    43.285 53088.31009160  6.73  50.029778  53.425477  4.334
 25    33.173 53088.31009225 16.03  50.028168  53.422257  4.334
 26    56.126 53123.31006051  0.35  50.050273  53.427913  3.872
 26    33.214 53123.31006245 17.64  50.045433  53.418253  3.872
 27    30.923 53158.31011840 34.86  50.041428  53.428254  8.618
 27    30.808 53158.31011905 26.03  50.039808  53.425044  8.618
 28    43.838 53193.31011375  2.89  50.045136  53.420824  2.798
 28    30.744 53193.31011439 12.45  50.043526  53.417614  2.798
 31    29.604 53298.31012163 44.72  50.039906  53.428200  8.303
 31    29.673 53298.31012227 41.07  50.038286  53.424990  8.303
 31    29.290 53298.31012292 38.18  50.036676  53.421770  8.303
 31    29.776 53298.31012356 37.54  50.035056  53.418550  8.303
 33    82.334 53368.31003638  1.70  50.038569  53.426024  4.515
 33    79.384 53368.31003702  2.80  50.036949  53.422804  4.515
 33    68.933 53368.31003767  2.34  50.035339  53.419584  4.515
 34    52.244 53403.31006663  6.18  50.046250  53.422754  4.919
 34    51.836 53403.31006727  5.93  50.044640  53.419534  4.919
 37    33.796 53508.31013558 38.00  50.043226  53.426931  6.247
 37    33.582 53508.31013623 35.62  50.041616  53.423711  6.247
 37    33.510 53508.31013687 33.87  50.039996  53.420491  6.247
 37    33.590 53508.31013752 31.69  50.038386  53.417271  6.247
 38    29.877 53543.31014619 27.87  50.040371  53.428335  7.570
 38    31.055 53543.31014684 17.74  50.038761  53.425125  7.570
 38    31.404 53543.31014748 13.63  50.037141  53.421905  7.570
 38    31.761 53543.31014813 12.24  50.035531  53.418685  7.570
 40    31.043 53613.31008278 23.07  50.034535  53.428076 12.108
 40    30.345 53613.31008342 18.28  50.032915  53.424856 12.108
 40    30.656 53613.31008407 23.14  50.031305  53.421636 12.108
 41    29.023 53648.31008880 24.46  50.050044  53.423632  7.783
 41    28.825 53648.31008944 25.55  50.048424  53.420422  7.783
 41    29.123 53648.31009009 21.90  50.046804  53.417202  7.783
 42    29.817 53683.31010348 26.82  50.037386  53.427167  4.536
 42    29.821 53683.31010412 27.92  50.035776  53.423947  4.536
 42    30.732 53683.31010477 25.68  50.034156  53.420727  4.536
 43    28.912 53718.31003129 24.39  50.039442  53.422815  5.459
 43    28.372 53718.31003194 22.76  50.037832  53.419595  5.459
 47    33.116 53858.31002898 43.17  50.043913  53.426278  9.570
 47    32.649 53858.31002962 44.62  50.042303  53.423058  9.570
 47    32.763 53858.31003027 45.01  50.040683  53.419848  9.570
 47    32.507 53858.31003091 45.86  50.039063  53.416628  9.570
 48    30.331 53893.31004402 32.87  50.049837  53.424957  5.389
 48    31.178 53893.31004466 29.41  50.048227  53.421737  5.389
 48    30.802 53893.31004531 28.11  50.046607  53.418517  5.389
 49    29.307 53928.31010171 32.39  50.035172  53.427479  6.285
 49    29.322 53928.31010236 29.00  50.033552  53.424269  6.285
 49    29.606 53928.31010300 29.17  50.031942  53.421049  6.285
 50    28.942 53963.31008345 28.80  50.035088  53.429351 18.675
 50    28.444 53963.31008410 24.69  50.033467  53.426128  9.323
 50    29.268 53963.31008474 26.09  50.031857  53.422918  9.323
 50    29.454 53963.31008539 41.36  50.030237  53.419698  9.323
 51    30.458 53998.31003234 16.25  50.058942  53.424832  2.779
 51    29.979 53998.31003299 16.90  50.057322  53.421612  2.779
 51    29.543 53998.31003363 15.44  50.055712  53.418402  2.779
 51    29.310 53998.31003428 15.56  50.054092  53.415182  2.779
 52    30.804 54033.31008081 21.90  50.051266  53.427028 11.410
 52    30.787 54033.31008146 20.16  50.049650  53.423808  6.026
 52    30.467 54033.31008210 16.94  50.048030  53.420588  6.026
 52    29.932 54033.31008275 16.42  50.046420  53.417378  6.026
 54    83.458 54103.31003311  0.56  50.037554  53.428768  2.964
 54    75.453 54103.31003440  5.61  50.034322  53.422334  4.760
 54    51.281 54103.31003504  5.53  50.032712  53.419114  4.760
 55    87.218 54138.31000445  2.77  50.048213  53.425836  4.742
 55    52.367 54138.31000510  4.82  50.046603  53.422616  4.742
 55    53.382 54138.31000574  5.87  50.044983  53.419406  4.742
 57    33.267 54208.31000994 31.49  50.048563  53.428046  8.463
 57    34.850 54208.31001059 23.88  50.046953  53.424826  8.463
 57    34.225 54208.31001123 22.77  50.045333  53.421606  8.463
 57    34.912 54208.31001188 23.02  50.043723  53.418386  8.463
 58    33.762 54243.31004163 29.12  50.045750  53.427590 15.848
 58    33.519 54243.31004228 29.77  50.044130  53.424370 15.848
 58    33.429 54243.31004292 28.31  50.042520  53.421150 15.848
 58    32.673 54243.31004357 27.64  50.040900  53.417930 15.848
 60    28.731 54313.31005527 34.53  50.045281  53.426968  7.063
 60    30.404 54313.31005591 28.35  50.043671  53.423748  7.063
 60    30.599 54313.31005656 27.40  50.042051  53.420528  7.063
 60    29.717 54313.31005720 27.85  50.040441  53.417308  7.063
 61    29.235 54348.31002648 24.30  50.038732  53.426828 19.014
 61    28.483 54348.31002712 20.43  50.037122  53.423608 19.014
 62    30.387 54383.30999276 22.57  50.049572  53.427279 17.726
 62    30.009 54383.30999340 17.26  50.047952  53.424059 17.726
 62    29.907 54383.30999405 14.86  50.046342  53.420839 17.726
 62    29.853 54383.30999469 13.66  50.044722  53.417619 17.726
 63    28.944 54418.30997567 27.63  50.040917  53.428719 15.196
 63    28.437 54418.30997631 27.09  50.039297  53.425499 15.196
 63    28.004 54418.30997696 25.52  50.037687  53.422279 15.196
 63    30.407 54418.30997760 22.02  50.036067  53.419069 15.196
 64    50.482 54453.30996419  1.81  50.049311  53.420946  4.392
 64    73.110 54453.30996483  1.84  50.047691  53.417726  4.392
 65    30.704 54488.30997441 15.68  50.044196  53.426018  2.843
 65    30.539 54488.30997505 15.75  50.042574  53.422797  2.878
 65    30.254 54488.30997570 15.32  50.040964  53.419577  2.878
 66    86.196 54523.30997668  3.83  50.048364  53.424648  5.648
 66    51.348 54523.30997732  7.09  50.046754  53.421428  5.648
 66    51.316 54523.30997797  7.63  50.045134  53.418208  5.648
 67    85.267 54558.30998356  1.56  50.040858  53.428832  4.224
 67    82.338 54558.30998420  1.87  50.039248  53.425612  4.224
 67    48.624 54558.30998485  4.50  50.037628  53.422392  4.224
 67    42.996 54558.30998549  8.87  50.036018  53.419182  4.224
 68    31.786 54593.30997243 22.38  50.044303  53.425372 14.302
 68    31.378 54593.30997308 21.99  50.042693  53.422162 14.302
 68    31.267 54593.30997372 18.48  50.041073  53.418942 14.302
 69    29.214 54628.30998750 26.23  50.042809  53.426020  7.945
 69    30.690 54628.30998814 14.42  50.041199  53.422810  7.945
 69    31.224 54628.30998879 12.41  50.039579  53.419590  7.945
 70    27.649 54663.30999435 35.99  50.043950  53.427989 10.526
 70    30.756 54663.30999499 30.32  50.042330  53.424779 10.526
 70    30.679 54663.30999564 29.01  50.040720  53.421559 10.526
 70    30.660 54663.30999628 28.11  50.039100  53.418339 10.526
 71    28.524 54698.30996792 39.49  50.041066  53.427933 14.204
 71    28.520 54698.30996856 25.81  50.039446  53.424713 14.204
 71    28.810 54698.30996921 18.88  50.037836  53.421493 14.204
 71    31.117 54698.30996985 18.99  50.036216  53.418273 14.204
 72    28.891 54733.30995193 22.88  50.049271  53.425817 10.776
 72    28.903 54733.30995257 18.59  50.047651  53.422607 10.776
 72    28.164 54733.30995321 17.63  50.046041  53.419387 10.776
 72    28.097 54733.30995386 15.50  50.044421  53.416167 10.776
 73    28.113 54768.30994807 29.93  50.044012  53.426471  8.533
 73    30.914 54768.30994871 17.72  50.042392  53.423251  8.533
 73    31.395 54768.30994936 15.32  50.040782  53.420041  8.533
 73    30.650 54768.30995000 14.06  50.039162  53.416821  8.533
 74    29.486 54803.30994609 23.42  50.047779  53.425231 17.624
 74    29.534 54803.30994673 22.06  50.046169  53.422011 17.624
 74    28.620 54803.30994738 24.44  50.044549  53.418791 17.624
 75    30.039 54838.30994127 41.29  50.044414  53.425922 13.924
 75    30.087 54838.30994192 39.28  50.042794  53.422702 13.924
 75    29.985 54838.30994256 36.45  50.041184  53.419492 13.924
 77    52.043 54908.30994829  8.91  50.036897  53.427841  5.248
 77    51.471 54908.30994893 13.75  50.035277  53.424621  5.248
 77    51.527 54908.30994958 15.96  50.033667  53.421411  5.248
 77    49.731 54908.30995022 10.36  50.032057  53.418191  5.248
 78    87.866 54943.30993766  1.35  50.047945  53.427222  4.414
 78    82.316 54943.30993895  1.84  50.044715  53.420782  4.414
 79    31.583 54978.30996531 39.08  50.043199  53.426489 14.297
 79    31.476 54978.30996595 37.57  50.041589  53.423279 14.297
 79    31.417 54978.30996660 35.95  50.039969  53.420059 14.297
 79    31.630 54978.30996724 36.52  50.038359  53.416839 14.297
 81    30.105 55048.30996421 28.93  50.045476  53.426352  6.224
 81    30.545 55048.30996485 27.22  50.043856  53.423132  6.224
 81    29.958 55048.30996550 26.96  50.042246  53.419922  6.224
 81    30.169 55048.30996614 25.46  50.040626  53.416702  6.224
 82    29.249 55083.30993399 26.87  50.038062  53.428478 11.679
 82    28.960 55083.30993463 20.88  50.036442  53.425258 11.679
 82    29.632 55083.30993527 16.71  50.034832  53.422038 11.679
 82    30.236 55083.30993592 17.64  50.033222  53.418818 11.679
 83    29.464 55118.30989579 21.79  50.050972  53.427951 11.695
 83    28.923 55118.30989643 22.05  50.049352  53.424731 11.695
 83    28.601 55118.30989707 19.29  50.047732  53.421521 11.695
 83    28.759 55118.30989772 17.13  50.046122  53.418301 11.695
 84    28.631 55153.30989316 33.25  50.040967  53.426227 15.971
 84    28.456 55153.30989380 30.79  50.039347  53.423017 15.971
 84    28.828 55153.30989444 28.58  50.037737  53.419797 15.971
 85    29.459 55188.30988408 30.37  50.049139  53.427270 10.274
 85    29.332 55188.30988473 31.63  50.047519  53.424060 10.274
 85    29.459 55188.30988537 31.31  50.045909  53.420840 10.274
 85    29.273 55188.30988602 28.85  50.044289  53.417620 10.274
 86    73.344 55223.30989331  1.14  50.039289  53.420903  3.582
 86    76.542 55223.30989395  0.09  50.037669  53.417683  3.582
 88    82.110 55293.30987943  0.72  50.037998  53.426277  5.432
 88    74.894 55293.30988008  0.95  50.036388  53.423057  5.432
 88    70.388 55293.30988072  2.72  50.034768  53.419837  5.432
 89    34.696 55328.30986300 21.57  50.043841  53.428418 13.943
 89    33.787 55328.30986365 19.04  50.042231  53.425198 13.943
 89    34.007 55328.30986429 18.91  50.040611  53.421978 13.943
 89    33.446 55328.30986494 16.02  50.039001  53.418768 13.943
 90    31.615 55363.30985892 30.73  50.041169  53.426609 12.636
 90    31.092 55363.30985956 29.08  50.039549  53.423389 12.636
 90    30.407 55363.30986021 30.17  50.037939  53.420179 12.636
 91    30.570 55398.30986764 21.93  50.048625  53.426050 16.231
 91    30.906 55398.30986829 21.16  50.047005  53.422840 16.231
 91    29.999 55398.30986893 19.01  50.045395  53.419620 16.231
 91    30.718 55398.30986958 16.64  50.043775  53.416400 16.231
 92    29.486 55433.30987471 22.32  50.044996  53.424834  5.420
 92    29.256 55433.30987536 18.58  50.043376  53.421624  5.420
 92    30.204 55433.30987600 16.38  50.041766  53.418404  5.420
 93    28.358 55468.30983157 29.93  50.037954  53.428680  5.590
 93    29.654 55468.30983221 22.40  50.036334  53.425460  5.590
 93    30.406 55468.30983286 18.03  50.034724  53.422240  5.590
 93    30.182 55468.30983350 18.89  50.033104  53.419020  5.590
