-247707.933    28.977     0.00    1.79
-247336.134    29.301     0.87    2.03
-246964.295    29.643     0.92    1.94
-246592.414    30.021     1.02    1.88
-246220.491    30.575     1.49    1.76
-245848.527    31.509     2.51    1.93
-245476.522    32.868     3.65    2.08
-245104.475    34.677     4.86    3.03
-244732.387    36.966     6.15    3.50
-244360.258    38.770     4.85    3.58
-243988.087    40.965     5.90    3.20
-243615.874    42.253     3.46    2.68
-243243.620    43.259     2.70    2.43
-242871.325    44.724     3.93    2.29
-242498.988    46.202     3.97    2.57
-242126.609    47.747     4.15    2.32
-241754.189    49.496     4.70    2.17
-241381.727    51.281     4.79    2.44
-241009.223    53.792     6.74    3.43
-240636.678    56.539     7.37    3.69
-240264.092    59.150     7.01    3.91
-239891.464    62.321     8.51    3.35
-239518.794    64.954     7.06    3.61
-239146.082    68.092     8.42    3.88
-238773.329    71.109     8.09    3.99
-238400.534    74.643     9.48    4.45
-238027.697    78.066     9.18    4.39
-237654.819    82.125    10.88    4.71
-237281.898    86.492    11.71    6.53
-236908.937    91.809    14.25    9.11
-236535.933    98.387    17.63   10.82
-236162.887   101.101     7.27    9.40
-235789.800    99.948    -3.09    8.05
-235416.671    95.254   -12.58    8.04
-235043.500    88.066   -19.26    7.31
-234670.287    82.914   -13.80    7.09
-234297.032    77.942   -13.32    5.47
-233923.735    74.248    -9.89    4.75
-233550.397    70.643    -9.66    4.76
-233177.016    67.475    -8.48    5.62
-232803.594    65.576    -5.09    5.74
-232430.130    64.573    -2.68    5.95
-232056.623    64.842     0.72    6.16
-231683.075    65.897     2.82    7.05
-231309.485    65.037    -2.30    8.30
-230935.852    61.875    -8.46    9.18
-230562.178    58.287    -9.60    9.15
-230188.462    52.915   -14.37    7.95
-229814.703    47.275   -15.09    7.28
-229440.902    41.367   -15.80    7.33
-229067.060    36.385   -13.33    5.45
-228693.175    33.461    -7.82    2.53
-228319.248    33.264    -0.53    1.66
-227945.279    34.359     2.93    2.25
-227571.268    35.524     3.11    2.54
-227197.215    36.392     2.32    2.91
-226823.119    36.846     1.21    3.02
-226448.981    37.456     1.63    3.10
-226074.801    38.561     2.95    3.47
-225700.579    40.761     5.88    5.02
-225326.315    45.825    13.53    8.38
-224952.008    50.554    12.63    9.03
-224577.659    55.019    11.92   10.14
-224203.268    58.236     8.59   10.01
-223828.834    58.657     1.12   10.04
-223454.358    58.100    -1.49    9.06
-223079.840    57.185    -2.44    7.45
-222705.279    57.009    -0.47    5.48
-222330.676    57.986     2.61    4.32
-221956.031    58.232     0.66    3.76
-221581.343    57.867    -0.97    5.38
-221206.612    56.625    -3.31    8.33
-220831.840    56.609    -0.04   10.71
-220457.025    55.975    -1.69   11.82
-220082.167    54.507    -3.92   11.51
-219707.267    53.148    -3.62    9.54
-219332.324    51.412    -4.63    6.20
-218957.339    50.880    -1.42    4.74
-218582.311    51.560     1.81    4.44
-218207.241    51.816     0.68    3.33
-217832.128    53.609     4.78    4.26
-217456.973    56.419     7.49    5.28
-217081.775    62.412    15.97    9.18
-216706.534    69.304    18.36    9.79
-216331.251    74.982    15.13    8.28
-215955.925    79.625    12.37    5.04
-215580.556    81.439     4.83    4.42
-215205.145    84.117     7.13    7.89
-214829.691    88.321    11.19   12.14
-214454.194    94.166    15.56   14.26
-214078.655    98.126    10.54   13.25
-213703.073   102.592    11.89   12.58
-213327.448   102.729     0.37   10.83
-212951.780   103.351     1.65   10.32
-212576.069   106.863     9.35    9.93
-212200.316   111.809    13.16   11.98
-211824.520   118.974    19.06   12.53
-211448.681   126.338    19.59   12.54
-211072.799   134.707    22.26   12.82
-210696.874   142.484    20.68   11.21
-210320.907   148.125    15.00    9.51
-209944.896   149.032     2.41    8.88
-209568.843   142.846   -16.45   14.42
-209192.746   131.297   -30.70   14.91
-208816.607   122.625   -23.05    9.16
-208440.425   117.321   -14.10    4.58
-208064.199   115.660    -4.41    5.71
-207687.931   114.789    -2.32    6.61
-207311.620   114.223    -1.50    6.94
-206935.265   116.986     7.34    8.25
-206558.868   121.560    12.15    9.36
-206182.427   125.592    10.71    7.87
-205805.944   129.083     9.27    4.43
-205429.417   129.185     0.27    3.14
-205052.847   126.238    -7.82    5.29
-204676.234   122.023   -11.19    5.86
-204299.578   117.527   -11.93    5.81
-203922.879   113.591   -10.45    4.65
-203546.136   110.625    -7.87    4.15
-203169.351   107.456    -8.41    3.69
-202792.522   104.742    -7.20    3.99
-202415.650   101.466    -8.69    4.95
-202038.734    98.192    -8.68    6.15
-201661.776    93.674   -11.98    7.43
-201284.774    89.201   -11.86    8.07
-200907.728    83.953   -13.92    9.34
-200530.640    78.592   -14.22    8.46
-200153.508    74.512   -10.82    7.27
-199776.333    71.157    -8.89    5.19
-199399.114    69.209    -5.16    3.84
-199021.852    68.805    -1.07    3.97
-198644.547    68.827     0.06    5.34
-198267.198    70.851     5.36    7.07
-197889.806    73.304     6.50    7.40
-197512.370    74.431     2.99    6.58
-197134.891    73.150    -3.39    5.49
-196757.368    70.792    -6.24    5.16
-196379.802    67.442    -8.87    4.46
-196002.193    65.229    -5.86    3.68
-195624.539    64.512    -1.90    4.33
-195246.843    64.539     0.07    5.68
-194869.102    64.867     0.87    6.05
-194491.318    63.675    -3.15    5.19
-194113.491    62.109    -4.15    4.32
-193735.620    60.959    -3.04    3.52
-193357.705    60.675    -0.75    4.37
-192979.747    61.351     1.79    5.53
-192601.745    64.091     7.25    6.95
-192223.699    69.141    13.36    8.86
-191845.610    74.959    15.38    8.31
-191467.477    77.875     7.71    7.73
-191089.300    79.225     3.57    8.00
-190711.079    78.009    -3.22    9.34
-190332.815    76.093    -5.06    9.65
-189958.761    75.195    -2.40    9.42
-189588.975    75.980     2.12    8.33
-189219.147    75.805    -0.47    7.87
-188849.277    73.510    -6.20    8.16
-188479.365    72.982    -1.43    8.47
-188109.411    72.351    -1.71    8.00
-187739.416    72.897     1.48    7.96
-187369.379    73.388     1.33    7.33
-186999.301    73.759     1.00    7.34
-186629.180    73.286    -1.28    7.22
-186259.018    73.183    -0.28    7.11
-185888.814    72.948    -0.63    6.78
-185518.568    73.447     1.35    6.64
-185148.280    72.292    -3.12    6.90
-184777.950    70.405    -5.09    7.72
-184407.579    67.049    -9.06    9.47
-184037.165    63.051   -10.79    9.47
-183666.710    60.223    -7.63    8.52
-183296.213    58.906    -3.55    7.11
-182925.674    58.170    -1.98    6.36
-182555.092    56.101    -5.58    6.75
-182184.469    52.778    -8.96    7.17
-181813.804    50.270    -6.77    5.70
-181443.097    49.142    -3.04    4.38
-181072.348    48.560    -1.57    5.05
-180701.556    47.897    -1.79    5.94
-180330.723    45.822    -5.59    6.55
-179959.848    42.958    -7.72    5.10
-179588.930    41.725    -3.32    3.53
-179217.971    42.473     2.02    4.19
-178846.969    42.999     1.42    4.46
-178475.925    42.173    -2.22    4.50
-178104.839    40.454    -4.63    4.17
-177733.711    38.560    -5.10    3.37
-177362.540    36.772    -4.81    2.47
-176991.328    35.689    -2.92    1.81
-176620.073    35.409    -0.76    1.99
-176248.776    36.835     3.84    3.77
-175877.437    38.822     5.35    4.62
-175506.055    39.325     1.36    3.76
-175134.632    38.692    -1.70    3.62
-174763.165    36.969    -4.64    3.18
-174391.657    34.706    -6.09    2.32
-174020.106    33.609    -2.95    2.39
-173648.513    32.835    -2.08    2.29
-173276.878    31.805    -2.77    2.01
-172905.200    30.673    -3.04    1.87
-172533.480    29.643    -2.77    1.50
-172161.717    28.528    -3.00    1.54
-171789.912    27.660    -2.34    1.29
-171418.065    26.863    -2.14    1.40
-171046.175    26.192    -1.80    1.28
-170674.242    25.464    -1.96    1.20
-170302.268    25.002    -1.24    1.13
-169930.250    24.892    -0.30    1.11
-169558.190    24.887    -0.01    1.62
-169186.088    25.825     2.52    2.55
-168813.943    27.691     5.01    3.13
-168441.755    29.505     4.87    2.73
-168069.525    31.527     5.43    1.99
-167697.252    32.960     3.85    2.08
-167324.937    34.871     5.13    2.66
-166952.579    36.965     5.62    2.95
-166580.178    39.609     7.10    4.87
-166207.735    42.625     8.10    6.08
-165835.249    45.375     7.38    6.39
-165462.721    49.012     9.76    6.42
-165090.149    51.953     7.89    6.54
-164717.535    58.225    16.83    8.87
-164344.878    66.159    21.29    9.89
-163972.179    74.412    22.14    9.45
-163599.436    81.135    18.03    7.89
-163226.651    86.894    15.45    6.66
-162853.823    91.523    12.41    5.24
-162480.952    94.688     8.49    4.59
-162108.039    97.175     6.67    2.39
-161735.082    96.982    -0.52    3.35
-161362.083    92.396   -12.29    8.93
-160989.040    83.658   -23.42   13.91
-160615.955    73.142   -28.18   13.06
-160242.827    67.744   -14.46    8.62
-159869.656    70.173     6.51   11.15
-159496.442    77.416    19.40   13.09
-159123.185    84.968    20.23   12.97
-158749.885    91.556    17.65   11.81
-158376.542    94.012     6.58   10.91
-158003.156    96.168     5.77    9.73
-157629.727    98.727     6.85    8.58
-157256.255   101.707     7.98    7.87
-156882.740   105.183     9.30    5.77
-156509.182   107.909     7.30    2.68
-156135.580   108.880     2.60    1.68
-155761.936   108.770    -0.29    2.25
-155388.248   108.521    -0.67    3.11
-155014.517   107.062    -3.90    3.91
-154640.743   105.696    -3.65    4.56
-154266.926   104.625    -2.87    5.71
-153893.066   103.914    -1.90    5.64
-153519.163   103.778    -0.36    4.51
-153145.216   102.691    -2.91    4.44
-152771.226   100.658    -5.43    5.41
-152397.192    97.709    -7.88    5.84
-152023.116    95.846    -4.98    6.31
-151648.996    94.109    -4.64    7.20
-151274.833    92.040    -5.53    8.79
-150900.626    91.990    -0.13    7.74
-150526.377    90.557    -3.83    6.23
-150152.083    87.641    -7.79    6.97
-149777.747    82.559   -13.57    8.81
-149403.367    76.592   -15.93    9.42
-149028.943    70.786   -15.50    9.00
-148654.476    66.379   -11.77    8.28
-148279.966    61.478   -13.09    8.44
-147905.412    57.042   -11.84    6.80
-147530.815    53.953    -8.25    4.04
-147156.174    52.925    -2.74    4.04
-146781.490    53.642     1.91    5.36
-146406.762    54.863     3.26    6.44
-146031.991    57.482     6.99    8.39
-145657.176    61.904    11.80   10.05
-145282.318    65.789    10.36   10.91
-144907.416    70.371    12.22   10.43
-144532.470    70.150    -0.59    9.84
-144157.480    65.264   -13.03   10.73
-143782.447    60.902   -11.63    9.56
-143407.371    58.855    -5.46    7.95
-143032.251    62.678    10.19   10.29
-142657.086    71.359    23.14   11.85
-142281.879    79.425    21.50   10.19
-141906.627    84.281    12.94    9.24
-141531.332    85.996     4.57    9.21
-141155.993    85.920    -0.20    8.94
-140780.610    84.238    -4.48    8.01
-140405.184    81.696    -6.77    7.60
-140029.713    78.831    -7.63    6.58
-139654.199    77.185    -4.38    5.66
-139278.641    74.722    -6.56    5.86
-138903.039    71.428    -8.77    6.39
-138527.393    68.109    -8.84    6.84
-138151.704    66.759    -3.59    6.62
-137775.970    66.101    -1.75    5.71
-137400.192    65.028    -2.85    3.97
-137024.371    63.049    -5.26    4.23
-136648.505    58.689   -11.60    6.26
-136272.596    53.854   -12.86    6.67
-135896.642    50.044   -10.13    6.84
-135520.645    45.855   -11.14    6.44
-135144.603    43.706    -5.71    5.65
-134768.518    41.318    -6.35    4.37
-134392.388    38.609    -7.20    4.37
-134016.214    37.060    -4.12    3.55
-133639.996    35.872    -3.16    2.50
-133263.735    37.264     3.70    3.66
-132887.428    40.042     7.38    3.41
-132511.078    42.335     6.09    3.60
-132134.684    45.445     8.26    3.88
-131758.245    48.157     7.20    4.77
-131381.762    53.709    14.74    8.51
-131005.235    63.219    25.25   13.23
-130628.664    76.035    34.03   15.72
-130252.048    86.919    28.90   11.34
-129875.389    92.418    14.60    6.11
-129498.684    92.388    -0.08    6.65
-129121.936    84.783   -20.18   13.68
-128745.143    74.773   -26.56   14.44
-128368.306    66.887   -20.92   11.16
-127991.425    64.180    -7.18    8.67
-127614.499    67.575     9.01   11.00
-127237.529    74.466    18.28   13.10
-126860.514    81.160    17.75   12.40
-126483.455    86.286    13.59   12.22
-126106.352    90.092    10.09   12.11
-125729.204    90.425     0.88   10.99
-125352.011    84.899   -14.65   13.50
-124974.774    80.625   -11.33   12.28
-124597.493    82.447     4.83   12.09
-124220.167    88.812    16.87   14.82
-123842.796    98.953    26.87   13.23
-123465.381   107.134    21.67    5.98
-123087.922   109.314     5.77    3.00
-122710.417   108.379    -2.47    3.59
-122332.868   106.986    -3.69    3.43
-121955.275   106.641    -0.91    3.54
-121577.637   107.442     2.12    3.79
-121199.954   108.883     3.81    3.30
-120822.226   109.223     0.90    2.69
-120444.454   107.835    -3.67    2.85
-120066.637   105.346    -6.58    4.06
-119688.775   101.141   -11.13    5.89
-119310.869    96.510   -12.25    6.56
-118932.918    92.259   -11.25    7.49
-118554.922    87.659   -12.17    7.59
-118176.881    83.678   -10.53    7.48
-117798.795    80.133    -9.37    7.40
-117420.665    76.759    -8.92    7.43
-117042.489    73.510    -8.59    6.00
-116664.269    70.544    -7.84    5.84
-116286.004    68.953    -4.21    5.24
-115907.694    68.330    -1.65    6.77
-115529.339    68.982     1.72    9.17
-115154.020    70.560     4.20   11.19
-114784.363    71.488     2.51   12.49
-114414.664    71.847     0.97   11.48
-114044.922    70.388    -3.94   10.17
-113675.137    68.335    -5.55    8.75
-113305.310    65.388    -7.97    8.24
-112935.440    62.942    -6.61    8.72
-112565.526    60.542    -6.49    9.85
-112195.571    59.720    -2.22   10.96
-111825.572    60.248     1.43   11.96
-111455.530    62.002     4.74   11.32
-111085.446    63.942     5.24    9.65
-110715.318    64.609     1.80    8.25
-110345.148    62.855    -4.74    6.59
-109974.935    62.035    -2.21    5.24
-109604.678    61.512    -1.41    6.52
-109234.379    62.405     2.41    8.46
-108864.037    64.275     5.05    7.81
-108493.652    63.609    -1.80    8.14
-108123.224    62.969    -1.73    7.72
-107752.753    61.816    -3.11    6.93
-107382.238    60.910    -2.44    5.74
-107011.681    58.829    -5.62    5.53
-106641.081    56.053    -7.49    6.10
-106270.437    53.494    -6.90    5.50
-105899.751    53.691     0.53    7.86
-105529.021    56.642     7.96   10.38
-105158.248    60.101     9.33   10.71
-104787.432    62.767     7.19    8.35
-104416.573    62.641    -0.34    6.34
-104045.671    59.996    -7.13    6.06
-103674.725    57.842    -5.81    5.74
-103303.736    57.786    -0.15    6.26
-102932.704    58.509     1.95    7.37
-102561.629    59.141     1.70    6.90
-102190.510    59.592     1.21    7.60
-101819.348    59.399    -0.52    7.64
-101448.143    57.904    -4.03    7.52
-101076.895    57.974     0.19    7.57
-100705.603    59.222     3.36    6.69
-100334.268    60.192     2.61    4.89
 -99962.889    59.133    -2.85    4.70
 -99591.467    57.625    -4.06    5.75
 -99220.002    55.371    -6.07    6.87
 -98848.493    53.215    -5.80    8.52
 -98476.941    50.351    -7.71    9.72
 -98105.345    49.151    -3.23    9.86
 -97733.706    48.189    -2.59    8.86
 -97362.023    46.642    -4.16    8.50
 -96990.297    46.431    -0.57    7.43
 -96618.528    46.219    -0.57    6.12
 -96246.714    45.093    -3.03    5.21
 -95874.858    42.786    -6.20    4.19
 -95502.957    41.141    -4.42    3.74
 -95131.013    39.625    -4.08    3.21
 -94759.026    38.053    -4.23    3.11
 -94386.994    35.775    -6.12    3.82
 -94014.920    32.759    -8.11    4.99
 -93642.801    29.656    -8.34    5.24
 -93270.639    26.948    -7.28    5.35
 -92898.433    23.641    -8.88    5.12
 -92526.184    20.419    -8.65    4.78
 -92153.890    17.543    -7.72    3.95
 -91781.553    15.439    -5.65    2.80
 -91409.172    14.434    -2.70    1.73
 -91036.748    14.002    -1.16    1.20
 -90664.280    14.164     0.44    1.61
 -90291.767    15.625     3.92    3.08
 -89919.211    17.560     5.19    3.46
 -89546.612    18.915     3.64    2.95
 -89173.968    19.480     1.51    2.45
 -88801.280    18.910    -1.53    2.26
 -88428.549    18.325    -1.57    2.39
 -88055.774    17.947    -1.01    2.30
 -87682.954    17.643    -0.82    2.48
 -87310.091    20.249     6.99    5.97
 -86937.184    24.209    10.62    8.56
 -86564.233    28.926    12.65    9.90
 -86191.237    34.101    13.87    9.18
 -85818.198    35.264     3.12    7.37
 -85445.115    36.297     2.77    5.29
 -85071.988    38.658     6.33    5.17
 -84698.816    44.180    14.80    8.31
 -84325.601    49.254    13.59    9.16
 -83952.341    54.754    14.73    9.31
 -83579.038    61.574    18.27    9.30
 -83205.690    65.802    11.32   10.52
 -82832.298    65.442    -0.96   13.48
 -82458.862    60.544   -13.11   14.81
 -82085.382    54.658   -15.76   12.84
 -81711.857    51.990    -7.14   10.20
 -81338.289    50.754    -3.31   12.42
 -80964.676    50.068    -1.84   12.81
 -80591.019    48.879    -3.18   11.21
 -80217.317    49.725     2.27   11.61
 -79843.571    54.392    12.49   15.31
 -79469.781    62.281    21.10   16.97
 -79095.947    68.789    17.41   16.60
 -78722.068    74.212    14.50   15.06
 -78348.145    79.641    14.52   14.42
 -77974.178    83.338     9.88   13.45
 -77600.166    79.672    -9.80   16.32
 -77226.110    75.953    -9.94   15.33
 -76852.009    73.835    -5.66   11.80
 -76477.864    77.021     8.52   12.99
 -76103.675    86.431    25.15   16.28
 -75729.441   101.894    41.32   17.54
 -75355.162   114.492    33.66   12.48
 -74980.839   121.002    17.39    8.08
 -74606.472   125.304    11.49    3.92
 -74232.060   126.450     3.06    3.82
 -73857.603   126.494     0.12    3.62
 -73483.102   127.021     1.41    2.43
 -73108.556   126.019    -2.68    3.77
 -72733.966   124.475    -4.12    4.77
 -72359.331   123.722    -2.01    6.09
 -71984.651   124.942     3.26    7.24
 -71609.927   127.802     7.63    5.58
 -71235.158   129.471     4.45    3.48
 -70860.344   129.421    -0.13    2.62
 -70485.485   128.710    -1.90    3.14
 -70110.582   127.831    -2.35    4.05
 -69735.634   126.325    -4.02    4.30
 -69360.641   125.431    -2.38    3.74
 -68985.604   123.335    -5.59    4.40
 -68610.522   121.222    -5.63    5.18
 -68235.394   119.781    -3.84    5.52
 -67860.222   118.016    -4.70    6.33
 -67485.006   115.871    -5.71    6.84
 -67109.744   113.143    -7.27    7.50
 -66734.437   108.953   -11.17    8.27
 -66359.086   103.330   -14.98    7.88
 -65983.689    97.496   -15.54    7.49
 -65608.248    93.672   -10.18    5.17
 -65232.762    91.232    -6.50    4.96
 -64857.230    90.351    -2.35    7.04
 -64481.654    89.032    -3.51    8.50
 -64106.033    87.867    -3.10    8.49
 -63730.366    87.609    -0.69    8.27
 -63354.655    87.937     0.87    8.74
 -62978.898    87.592    -0.92    8.90
 -62603.097    86.021    -4.18    8.83
 -62227.250    84.770    -3.33    8.60
 -61851.358    81.915    -7.59    7.45
 -61475.421    78.339    -9.51    5.77
 -61099.439    76.692    -4.38    4.24
 -60723.412    75.747    -2.51    4.43
 -60347.339    75.488    -0.69    4.57
 -59971.222    75.318    -0.45    5.53
 -59595.059    75.625     0.82    6.75
 -59218.851    75.625    -0.00    7.24
 -58842.597    74.367    -3.34    6.57
 -58466.299    72.835    -4.07    5.00
 -58089.955    71.736    -2.92    4.43
 -57713.565    71.969     0.62    6.01
 -57337.131    74.086     5.62    7.91
 -56960.651    74.747     1.76    8.72
 -56584.125    76.931     5.80    8.97
 -56207.554    79.117     5.80    8.14
 -55830.938    79.383     0.71    7.22
 -55454.277    79.335    -0.13    6.71
 -55077.570    79.206    -0.34    7.46
 -54700.817    79.028    -0.47    9.04
 -54324.019    80.592     4.15   10.32
 -53947.176    84.560    10.53   10.32
 -53570.287    89.781    13.85    9.25
 -53193.352    93.015     8.58    8.91
 -52816.372    95.773     7.31    8.21
 -52439.347    98.028     5.98    7.65
 -52062.275   102.576    12.06    9.03
 -51685.159   108.051    14.52   10.55
 -51307.996   115.355    19.36   10.22
 -50930.788   122.575    19.14    9.41
 -50553.534   129.232    17.64    8.61
 -50176.235   133.405    11.06    5.79
 -49798.890   134.560     3.06    3.30
 -49421.499   133.367    -3.16    3.11
 -49044.062   131.691    -4.44    2.70
 -48666.580   130.196    -3.96    2.67
 -48289.052   128.593    -4.25    3.20
 -47911.478   126.835    -4.66    3.67
 -47533.859   125.236    -4.23    3.39
 -47156.193   123.953    -3.40    3.67
 -46778.482   122.528    -3.77    3.83
 -46400.725   121.593    -2.47    3.87
 -46022.922   120.461    -3.00    4.43
 -45645.073   118.575    -4.99    5.02
 -45267.178   115.496    -8.15    6.24
 -44889.237   111.557   -10.42    6.57
 -44511.251   110.658    -2.38    6.09
 -44133.218   112.367     4.52    7.54
 -43755.139   118.512    16.25    8.08
 -43377.015   123.691    13.70    5.01
 -42998.844   125.478     4.72    3.33
 -42620.627   124.180    -3.43    5.10
 -42242.365   120.206   -10.51    7.10
 -41864.056   113.754   -17.05    9.22
 -41485.701   106.109   -20.21    9.08
 -41107.300    99.206   -18.24    9.65
 -40728.853    93.802   -14.28    8.82
 -40352.125    89.371   -11.76    8.81
 -39982.604    87.494    -5.08    8.19
 -39613.039    87.688     0.53    7.73
 -39243.431    89.754     5.59    7.75
 -38873.779    92.953     8.65    7.57
 -38504.083    97.053    11.09    5.87
 -38134.343    98.379     3.59    4.06
 -37764.559    95.818    -6.92    6.50
 -37394.732    91.042   -12.91    7.19
 -37024.860    84.899   -16.61    6.41
 -36654.945    79.660   -14.16    5.10
 -36284.985    75.215   -12.02    6.07
 -35914.982    70.729   -12.12    5.76
 -35544.934    66.002   -12.77    6.48
 -35174.843    59.829   -16.68    7.86
 -34804.707    51.812   -21.66   10.38
 -34434.528    43.789   -21.67    9.80
 -34064.304    37.275   -17.59    8.23
 -33694.036    31.270   -16.22    5.85
 -33323.724    27.738    -9.54    5.92
 -32953.368    23.980   -10.15    5.44
 -32582.968    21.148    -7.64    4.51
 -32212.524    19.076    -5.59    3.86
 -31842.036    18.150    -2.50    4.90
 -31471.503    17.109    -2.81    5.44
 -31100.926    16.359    -2.02    5.56
 -30730.305    14.418    -5.24    5.49
 -30359.640    13.846    -1.54    5.75
 -29988.930    19.291    14.69   11.69
 -29618.177    25.316    16.25   13.58
 -29247.379    32.183    18.52   11.66
 -28876.536    36.902    12.73    7.28
 -28505.649    34.870    -5.48   10.98
 -28134.718    30.359   -12.16   12.85
 -27763.743    25.212   -13.87   13.00
 -27392.723    19.281   -15.99   11.23
 -27021.659    14.851   -11.94    8.44
 -26650.550    11.434    -9.21    5.47
 -26279.397     9.002    -6.55    4.48
 -25908.200     7.720    -3.45    5.26
 -25536.958     7.383    -0.91    6.65
 -25165.672     5.812    -4.23    5.56
 -24794.341     4.117    -4.56    3.63
 -24422.965     2.835    -3.45    1.36
 -24051.545     2.525    -0.83    1.51
 -23680.081     2.363    -0.44    1.50
 -23308.572     2.795     1.16    2.23
 -22937.018     3.173     1.02    2.57
 -22565.420     3.996     2.21    3.00
 -22193.777     4.228     0.62    3.06
 -21822.090     3.818    -1.10    3.09
 -21450.357     3.512    -0.82    3.29
 -21078.581     2.593    -2.47    2.80
 -20706.759     2.942     0.94    3.25
 -20334.893     3.703     2.04    3.63
 -19962.982     4.722     2.74    3.84
 -19591.026     5.124     1.08    3.69
 -19219.026     4.883    -0.65    3.46
 -18846.981     3.996    -2.38    2.86
 -18474.891     2.919    -2.89    1.98
 -18102.756     2.528    -1.05    1.68
 -17730.576     2.415    -0.30    1.51
 -17358.352     2.561     0.39    1.56
 -16986.082     2.402    -0.43    1.58
 -16613.768     2.101    -0.81    1.06
 -16241.409     1.990    -0.30    0.87
 -15869.005     2.062     0.19    0.99
 -15496.556     1.720    -0.92    1.14
 -15124.062     1.464    -0.69    1.04
 -14751.523     1.228    -0.63    0.83
 -14378.939     1.019    -0.56    0.84
 -14006.310     0.947    -0.19    0.87
 -13633.636     0.875    -0.19    0.95
 -13260.917     1.169     0.79    1.17
 -12888.153     1.609     1.18    1.38
 -12515.344     2.367     2.03    1.49
 -12142.490     3.109     1.99    1.61
 -11769.591     3.704     1.60    2.28
 -11396.646     5.323     4.34    2.92
 -11023.657     6.323     2.68    2.80
 -10650.622     7.180     2.30    2.16
 -10277.542     7.084    -0.26    2.16
  -9904.417     6.109    -2.61    2.81
  -9531.246     5.388    -1.93    2.99
  -9158.031     5.314    -0.20    2.96
  -8784.770     5.023    -0.78    2.70
  -8411.464     4.897    -0.34    2.73
  -8038.112     5.248     0.94    2.54
  -7664.716     4.783    -1.24    2.61
  -7291.274     4.415    -0.99    2.63
  -6917.786     4.222    -0.52    2.48
  -6544.254     4.044    -0.47    2.19
  -6170.676     4.157     0.30    1.91
  -5797.052     3.641    -1.38    2.04
  -5423.383     3.264    -1.01    1.96
  -5049.669     2.775    -1.31    1.96
  -4675.909     2.304    -1.26    2.15
  -4302.104     2.592     0.77    2.25
  -3928.253     2.540    -0.14    2.18
  -3554.357     2.670     0.35    2.03
  -3180.415     2.674     0.01    1.91
  -2806.428     2.466    -0.56    2.01
  -2432.395     2.148    -0.85    2.21
  -2058.316     1.704    -1.19    1.97
  -1684.192     0.879    -2.21    2.25
  -1310.023     0.109    -2.06    1.88
   -935.807    -0.214    -0.86    2.01
   -561.546    -0.691    -1.28    1.84
   -187.240    -0.755    -0.17    1.77
    187.113    -0.561     0.52    4.46
    561.511    10.415    29.32   21.88
    935.954    30.019    52.35   33.73
   1310.444    55.672    68.50   34.02
   1684.979    80.387    65.99   17.78
   2059.560    91.786    30.43   10.35
   2434.187   100.031    22.01    9.58
   2808.859   105.754    15.28    7.70
   3183.578   107.015     3.37    8.21
   3558.342   106.287    -1.94   11.35
   3933.152   103.383    -7.75   13.97
   4308.008    98.068   -14.18   16.47
   4682.910    86.890   -29.82   23.18
   5057.858    75.786   -29.61   24.11
   5432.852    70.704   -13.55   18.57
   5807.891    71.101     1.06   16.00
   6182.977    79.689    22.90   14.72
   6558.109    90.093    27.73   12.56
   6933.286    97.789    20.51   11.69
   7308.510   104.440    17.72   11.32
   7683.780   109.325    13.02    9.64
   8059.096   112.673     8.92    9.08
   8434.458   112.910     0.63   10.78
   8809.866   114.578     4.44   10.64
   9185.320   119.046    11.90   10.87
   9560.820   124.765    15.23   10.61
   9936.367   133.752    23.93   10.29
  10311.959   140.093    16.88    8.46
  10687.598   141.546     3.87   11.44
  11063.283   137.309   -11.28   18.11
  11439.014   130.383   -18.43   18.49
  11814.792   129.742    -1.71   18.25
  12190.616   133.156     9.08   15.95
  12566.486   130.196    -7.87   16.48
  12942.402   124.847   -14.23   16.40
  13318.365   122.307    -6.76   17.46
  13694.374   127.264    13.18   20.94
  14070.429   138.793    30.66   20.76
  14446.531   149.892    29.51   14.27
  14822.679   154.396    11.97   11.83
  15198.874   154.321    -0.20   13.33
  15575.115   153.484    -2.22   14.69
  15951.402   149.037   -11.82   17.75
  16327.736   141.720   -19.44   23.22
  16704.117   128.926   -33.99   25.67
  17080.544   117.867   -29.38   22.51
  17457.017   111.482   -16.96   17.83
  17833.537   107.459   -10.68   13.94
  18210.104   104.461    -7.96   11.57
  18586.717    99.712   -12.61   13.01
  18963.377    94.912   -12.74   12.50
  19340.083    95.609     1.85   11.34
  19716.836    97.562     5.18   11.98
  20093.636   102.021    11.84   11.52
  20470.482   107.291    13.98   10.53
  20847.375   112.953    15.02   11.14
  21224.315   117.875    13.06   12.45
  21601.302   129.363    30.47   16.00
  21978.335   143.185    36.66   15.87
  22355.415   155.178    31.81   14.86
  22732.542   166.691    30.53   11.09
  23109.716   171.577    12.96    7.44
  23486.936   173.371     4.76    5.38
  23864.203   170.980    -6.34    6.94
  24241.518   165.390   -14.81    8.32
  24618.879   160.192   -13.77    8.42
  24996.287   153.609   -17.44   10.38
  25373.742   147.447   -16.32   10.80
  25751.243   143.062   -11.62   11.09
  26128.792   139.173   -10.30   12.14
  26506.388   136.722    -6.49   15.26
  26884.031   133.203    -9.32   20.96
  27261.721   131.754    -3.84   25.72
  27639.457   134.812     8.10   31.71
  28017.241   140.659    15.48   36.43
  28395.072   148.222    20.02   40.18
  28772.950   151.189     7.85   43.61
  29150.875   144.958   -16.49   43.17
  29528.848   140.641   -11.42   44.54
  29906.867   142.093     3.84   49.11
  30284.934   151.437    24.72   55.47
  30663.047   167.093    41.41   59.56
  31041.208   171.249    10.99   63.93
  31419.417   154.009   -45.59   73.85
  31797.672   128.894   -66.40   71.69
  32175.975   101.847   -71.50   70.67
  32554.325    76.515   -66.96   53.68
  32932.722    51.531   -66.03   35.68
  33311.167    34.141   -45.95   17.61
  33689.659    25.671   -22.38   11.53
  34068.198    20.609   -13.37    0.00
  34446.498    20.609     0.00    0.00
  34815.883    20.609     0.00    0.00
  35185.313    20.609     0.00    0.00
  35554.788    20.609     0.00    0.00
  35924.308    20.609     0.00    0.00
  36293.873    20.609     0.00    0.00
  36663.483    20.609     0.00    0.00
  37033.137    20.609     0.00    0.00
  37402.837    21.069     1.25    1.86
  37772.582    26.069    13.52   10.22
  38142.372    38.270    33.00   22.70
  38512.207    63.828    69.11   37.22
  38882.087    93.447    80.08   36.13
  39252.012   114.499    56.91   24.16
  39621.982   124.835    27.94    9.16
  39991.998   124.689    -0.39    6.93
  40362.059   119.925   -12.87    7.11
  40732.164   113.897   -16.29    8.14
  41102.315   107.759   -16.58    7.32
  41472.512   103.494   -11.52    7.27
  41842.753   100.083    -9.21    5.91
  42213.040    97.329    -7.44    6.34
  42583.372    93.222   -11.09    7.04
  42953.749    91.244    -5.34    6.63
  43324.172    89.189    -5.55    4.96
  43694.640    88.687    -1.36    4.39
  44065.153    88.799     0.30    4.79
  44435.711    87.641    -3.13    5.46
  44806.315    87.418    -0.60    6.39
  45176.965    85.609    -4.88    6.75
  45547.660    80.974   -12.50    8.72
  45918.400    76.625   -11.73    9.22
  46289.186    70.990   -15.20    5.80
  46660.017    67.909    -8.31    3.14
  47030.893    65.503    -6.49    3.43
  47401.815    62.659    -7.67    4.05
  47772.783    59.656    -8.09    4.71
  48143.796    55.982    -9.91    4.36
  48514.855    52.515    -9.34    3.57
  48885.960    49.964    -6.88    2.90
  49257.109    47.593    -6.39    3.14
  49628.305    44.958    -7.10    3.08
  49999.546    43.046    -5.15    2.94
  50370.833    41.021    -5.45    2.26
  50742.166    39.655    -3.68    1.95
  51113.544    38.101    -4.18    1.62
  51484.968    37.148    -2.56    1.39
  51856.437    36.224    -2.49    1.43
  52227.953    35.576    -1.74    1.43
  52599.514    35.140    -1.17    1.45
  52971.121    34.396    -2.00    1.43
  53342.773    33.689    -1.90    1.73
  53714.472    32.909    -2.10    1.81
  54086.216    31.972    -2.52    1.54
  54458.007    31.342    -1.70    1.30
  54829.843    31.117    -0.61    1.48
  55201.725    30.707    -1.10    1.46
  55573.652    30.466    -0.65    1.50
  55945.626    30.053    -1.11    1.27
  56317.646    29.926    -0.34    1.19
  56689.712    29.783    -0.38    1.16
  57061.823    29.831     0.13    1.38
  57433.981    29.796    -0.09    1.59
  57806.185    29.904     0.29    1.63
  58178.434    29.910     0.02    1.42
  58550.730    29.592    -0.86    1.32
  58923.072    29.226    -0.98    1.28
  59295.460    28.759    -1.26    1.30
  59667.894    28.786     0.07    1.61
  60040.374    28.904     0.32    1.57
  60412.900    28.749    -0.41    1.61
  60785.473    28.722    -0.07    1.78
  61158.091    28.703    -0.05    1.56
  61530.756    28.879     0.47    1.44
  61903.467    29.117     0.64    1.20
  62276.225    29.031    -0.23    1.12
  62649.028    28.847    -0.49    1.10
  63021.878    28.593    -0.68    1.19
  63394.774    28.297    -0.79    1.36
  63767.717    27.716    -1.56    1.37
  64140.705    27.325    -1.05    1.44
  64513.741    26.932    -1.06    1.43
  64886.822    26.461    -1.26    1.29
  65259.950    25.984    -1.28    0.83
  65633.124    25.720    -0.71    0.90
  66006.345    25.718    -0.00    1.03
  66379.612    25.656    -0.17    1.01
  66752.925    25.910     0.68    1.09
  67126.286    26.328     1.12    1.60
  67499.692    26.770     1.19    2.20
  67873.145    26.593    -0.47    2.41
  68246.645    25.838    -2.02    3.12
  68620.191    24.883    -2.56    3.36
  68993.784    24.025    -2.30    2.51
  69367.423    23.623    -1.08    1.57
  69741.109    24.189     1.51    2.01
  70114.842    24.529     0.91    2.65
  70488.621    24.496    -0.09    3.40
  70862.447    23.978    -1.39    3.52
  71236.319    22.840    -3.05    2.35
  71610.238    22.125    -1.91    1.42
  71984.204    21.609    -1.38    1.16
  72358.217    21.189    -1.12    1.09
  72732.277    21.021    -0.45    1.10
  73106.383    21.025     0.01    1.36
  73480.536    21.335     0.83    1.46
  73854.736    21.964     1.68    1.98
  74228.983    22.140     0.47    2.56
  74603.276    21.609    -1.42    1.68
  74977.617    21.406    -0.54    1.47
  75352.004    21.228    -0.48    1.46
  75726.438    21.275     0.13    1.40
  76100.919    21.515     0.64    1.61
  76475.447    21.754     0.64    1.94
  76850.022    22.069     0.84    2.07
  77224.644    22.756     1.83    3.43
  77599.314    22.855     0.26    3.84
  77974.030    22.492    -0.97    3.69
  78348.793    21.749    -1.98    2.92
  78723.603    21.339    -1.10    2.25
  79098.460    21.406     0.18    2.70
  79473.365    21.086    -0.85    2.08
  79848.316    20.687    -1.06    1.85
  80223.315    20.178    -1.36    1.72
  80598.361    19.815    -0.97    1.49
  80973.454    19.437    -1.01    1.19
  81348.594    19.609     0.46    1.34
  81723.781    19.957     0.93    1.39
  82099.016    20.396     1.17    1.27
  82474.298    20.847     1.20    0.95
  82849.627    21.133     0.76    2.82
  83225.003    21.093    -0.11    2.79
  83600.427    20.609    -1.29    0.00
  83975.898    20.609     0.00    0.00
  84351.416    20.609     0.00    0.00
  84726.982    20.609     0.00    0.00
  85102.595    20.609     0.00    0.00
  85478.256    20.609     0.00    0.00
  85853.964    20.609     0.00    0.00
  86229.720    20.657     0.13    0.28
  86605.522    20.859     0.54    1.17
  86981.373    20.734    -0.33    0.79
  87357.271    20.609    -0.33    0.00
  87733.216    20.609     0.00    0.00
  88109.209    20.609     0.00    0.00
  88485.250    20.609     0.00    0.00
  88861.338    20.609     0.00    0.00
  89237.474    20.609     0.00    0.00
  89613.657    20.625     0.04    0.13
  89989.888    20.718     0.25    0.76
  90366.166    20.718     0.00    0.76
  90742.493    20.763     0.12    0.80
  91118.867    22.450     4.48    3.63
  91495.289    26.148     9.83    7.08
  91871.758    28.046     5.04    7.43
  92248.275    28.075     0.08    7.31
  92624.840    25.563    -6.67    7.32
  93001.453    21.975    -9.53    4.20
  93378.114    22.562     1.56    4.77
  93754.822    22.562     0.00    4.77
  94131.578    22.532    -0.08    4.73
  94508.382    22.328    -0.54    4.67
  94885.234    20.831    -3.97    1.76
  95262.134    20.609    -0.59    0.00
  95639.082    20.609     0.00    0.00
  96016.078    20.609     0.00    0.00
  96393.122    20.609     0.00    0.00
  96770.214    20.609     0.00    0.00
  97147.354    20.609     0.00    0.00
  97524.541    20.609     0.00    0.00
  97901.777    20.609     0.00    0.00
  98279.061    20.609     0.00    0.00
  98656.393    20.609     0.00    0.00
  99033.773    20.609     0.00    0.00
  99411.202    20.609     0.00    0.00
  99788.678    20.609     0.00    0.00
 100166.203    20.640     0.08    0.25
 100543.776    22.498     4.92    5.16
 100921.397    29.347    18.14   13.51
 101299.066    40.437    29.37   18.12
 101676.783    52.578    32.15   18.27
 102054.549    64.704    32.10   10.96
 102432.363    71.625    18.32    7.36
 102810.225    75.685    10.74    6.41
 103188.136    78.593     7.70    5.28
 103566.095    79.732     3.01    4.04
 103944.102    80.704     2.57    2.75
 104322.158    81.124     1.11    2.76
 104700.262    82.062     2.48    3.50
 105078.415    83.964     5.03    3.35
 105456.616    85.124     3.07    2.49
 105834.865    85.302     0.47    1.94
 106213.163    83.843    -3.86    3.05
 106591.510    81.657    -5.78    3.74
 106969.905    78.347    -8.75    4.15
 107348.348    73.609   -12.52    5.94
 107726.840    70.688    -7.72    5.80
 108105.381    71.046     0.95    6.82
 108483.970    74.425     8.93    9.64
 108862.608    80.942    17.21   10.09
 109241.295    87.931    18.46    5.83
 109611.872    92.037    11.08    4.06
 109981.159    94.355     6.28    2.95
 110350.493    96.336     5.36    3.28
 110719.872    98.515     5.90    3.56
 111089.298   100.890     6.43    3.73
 111458.769   103.609     7.36    3.66
 111828.287   105.993     6.45    3.67
 112197.851   107.937     5.26    3.09
 112567.462   108.963     2.78    2.86
 112937.118   109.171     0.56    3.32
 113306.821   109.212     0.11    3.79
 113676.569   108.245    -2.62    4.60
 114046.364   105.931    -6.26    4.67
 114416.206   102.453    -9.41    5.32
 114786.093    98.125   -11.70    5.43
 115156.027    92.831   -14.31    6.13
 115526.008    87.625   -14.07    5.90
 115896.034    82.373   -14.19    6.17
 116266.107    77.657   -12.75    5.30
 116636.227    73.641   -10.85    4.24
 117006.392    70.576    -8.28    3.10
 117376.605    68.806    -4.78    2.42
 117746.863    68.157    -1.75    2.26
 118117.168    68.062    -0.26    2.79
 118487.520    67.355    -1.91    3.36
 118857.918    66.286    -2.89    4.00
 119228.362    63.501    -7.52    5.02
 119598.853    60.455    -8.22    5.13
 119969.391    57.147    -8.93    4.73
 120339.975    55.164    -5.35    2.83
 120710.606    54.932    -0.63    2.28
 121081.283    56.218     3.47    3.36
 121452.007    58.851     7.10    4.32
 121822.778    61.078     6.01    4.29
 122193.595    63.228     5.80    3.91
 122564.459    64.093     2.33    3.60
 122935.370    64.086    -0.02    3.75
 123306.328    63.059    -2.77    3.98
 123677.332    61.381    -4.52    3.99
 124048.383    60.297    -2.92    3.94
 124419.480    59.593    -1.90    3.95
 124790.625    58.926    -1.80    4.38
 125161.816    58.086    -2.26    4.59
 125533.054    56.624    -3.94    4.47
 125904.339    55.249    -3.70    4.11
 126275.671    54.625    -1.68    3.85
 126647.050    53.840    -2.11    3.13
 127018.475    53.778    -0.17    2.88
 127389.948    53.218    -1.51    3.13
 127761.468    52.593    -1.68    2.92
 128133.034    52.156    -1.18    2.80
 128504.648    51.821    -0.90    2.14
 128876.308    51.786    -0.09    1.82
 129248.016    51.763    -0.06    1.55
 129619.770    51.674    -0.24    1.67
 129991.572    51.402    -0.73    1.57
 130363.420    51.264    -0.37    1.35
 130735.316    51.756     1.32    1.66
 131107.259    52.328     1.54    1.70
 131479.249    53.062     1.97    1.70
 131851.286    53.796     1.97    1.41
 132223.371    54.132     0.90    1.51
 132595.502    54.306     0.47    1.26
 132967.681    54.193    -0.30    1.16
 133339.907    54.093    -0.27    1.13
 133712.180    53.874    -0.59    1.39
 134084.501    53.578    -0.80    1.31
 134456.869    53.189    -1.04    1.49
 134829.284    52.654    -1.44    1.31
 135201.746    52.297    -0.96    1.37
 135574.256    51.736    -1.51    1.13
 135946.813    51.756     0.06    1.15
 136319.418    51.521    -0.63    1.24
 136692.070    51.164    -0.96    1.15
 137064.769    51.078    -0.23    1.38
 137437.516    51.117     0.11    1.50
 137810.310    51.101    -0.04    1.57
 138183.152    50.892    -0.56    1.61
 138556.042    50.421    -1.26    2.07
 138928.978    49.563    -2.30    2.28
 139301.963    48.720    -2.26    2.00
 139674.995    48.218    -1.35    1.75
 140048.074    48.242     0.06    1.78
 140421.201    48.533     0.78    2.18
 140794.376    48.809     0.74    2.59
 141167.599    48.498    -0.83    2.80
 141540.869    47.482    -2.72    3.17
 141914.186    46.048    -3.84    3.37
 142287.552    44.070    -5.30    3.13
 142660.965    42.070    -5.36    2.80
 143034.426    40.140    -5.17    2.24
 143407.934    38.778    -3.65    1.68
 143781.491    38.321    -1.22    1.85
 144155.095    39.656     3.58    3.90
 144528.747    41.670     5.39    4.94
 144902.447    43.904     5.98    4.61
 145276.195    45.518     4.32    3.14
 145649.990    44.659    -2.30    3.02
 146023.834    42.285    -6.35    3.68
 146397.725    40.624    -4.44    3.76
 146771.664    39.069    -4.16    3.72
 147145.652    37.783    -3.44    3.40
 147519.687    37.393    -1.04    3.72
 147893.770    36.793    -1.60    3.79
 148267.901    36.640    -0.41    3.66
 148642.081    36.359    -0.75    3.54
 149016.308    35.921    -1.17    3.85
 149390.583    35.280    -1.71    3.80
 149764.907    34.092    -3.18    3.28
 150139.278    32.624    -3.92    3.46
 150513.698    30.899    -4.61    3.29
 150888.166    30.409    -1.31    3.60
 151262.682    32.224     4.85    5.72
 151637.246    35.624     9.08    6.83
 152011.859    40.301    12.49    4.96
 152386.520    42.718     6.45    1.92
 152761.229    43.024     0.82    1.35
 153135.986    41.999    -2.73    2.62
 153510.791    38.785    -8.58    5.24
 153885.645    34.133   -12.41    7.11
 154260.547    29.656   -11.95    7.04
 154635.498    25.937    -9.92    5.64
 155010.497    24.281    -4.42    4.52
 155385.544    25.006     1.93    5.92
 155760.640    26.009     2.67    6.49
 156135.784    27.578     4.18    6.75
 156510.976    28.244     1.78    6.18
 156886.217    27.947    -0.79    4.65
 157261.507    28.402     1.21    3.27
 157636.845    29.050     1.73    2.65
 158012.231    30.560     4.02    2.31
 158387.666    31.822     3.36    1.76
 158763.150    32.767     2.52    1.58
 159138.682    30.412    -6.27    5.17
 159514.263    26.958    -9.20    6.16
 159889.893    23.547    -9.08    5.17
 160265.571    20.906    -7.03    1.51
 160641.298    20.609    -0.79    0.00
 161017.073    20.609     0.00    0.00
 161392.897    20.609     0.00    0.00
 161768.770    20.609     0.00    0.00
 162144.692    20.609     0.00    0.00
 162520.662    20.609     0.00    0.00
 162896.682    20.609     0.00    0.00
 163272.750    20.609     0.00    0.00
 163648.867    20.609     0.00    0.00
 164025.032    20.687     0.21    0.62
 164401.247    21.409     1.92    1.81
 164777.510    22.086     1.80    2.28
 165153.823    22.698     1.63    2.45
 165530.184    22.859     0.43    2.47
 165906.595    21.866    -2.64    2.17
 166283.054    21.019    -2.25    1.32
 166659.562    20.640    -1.01    0.17
 167036.119    20.609    -0.08    0.00
 167412.726    20.609     0.00    0.00
 167789.381    20.609     0.00    0.00
 168166.086    20.609     0.00    0.00
 168542.839    20.609     0.00    0.00
 168919.642    20.609     0.00    0.00
 169296.494    20.609     0.00    0.00
 169673.395    20.609     0.00    0.00
 170050.345    20.609     0.00    0.00
 170427.344    20.609     0.00    0.00
 170804.393    20.609     0.00    0.00
 171181.490    20.609     0.00    0.00
 171558.638    20.609     0.00    0.00
 171935.834    20.609     0.00    0.00
 172313.080    20.609     0.00    0.00
 172690.375    20.609     0.00    0.00
 173067.719    20.609     0.00    0.00
 173445.113    20.609     0.00    0.00
 173822.556    20.718     0.29    0.54
 174200.048    21.132     1.10    1.42
 174577.590    25.531    11.65    8.49
 174955.181    33.840    22.01   15.08
 175332.822    45.912    31.97   17.98
 175710.512    55.212    24.63   16.41
 176088.252    64.812    25.42   17.33
 176466.041    75.206    27.52   20.18
 176843.880    85.031    26.01   24.08
 177221.769    96.164    29.47   24.86
 177599.707   105.442    24.55   24.89
 177977.694   115.901    27.67   22.83
 178355.732   126.124    27.05   21.84
 178733.819   137.978    31.36   18.98
 179111.955   147.942    26.36   13.25
 179490.142   152.506    12.07    6.53
 179868.378   150.399    -5.57    7.24
 180246.663   138.393   -31.74   17.80
 180624.999   117.498   -55.24   27.62
 181003.384   101.609   -42.00   25.60
 181381.819    97.624   -10.53   21.24
 181760.304   102.890    13.92   24.40
 182138.839   118.501    41.25   24.57
 182517.423   133.756    40.30   15.25
 182896.058   138.670    12.98   15.64
 183274.742   142.942    11.28   15.85
 183653.477   145.654     7.16   12.89
 184032.261   148.291     6.96    5.75
 184404.490   147.906    -1.03    7.15
 184773.634   147.070    -2.26    7.63
 185142.825   145.240    -4.96    7.58
 185512.063   139.548   -15.42    9.31
 185881.349   132.942   -17.89   10.86
 186250.682   124.912   -21.75    9.56
 186620.062   120.720   -11.35    7.50
 186989.490   119.516    -3.26    6.52
 187358.965   121.244     4.68    8.57
 187728.487   126.315    13.73    9.37
 188098.057   130.148    10.38    8.80
 188467.674   133.281     8.48    7.77
 188837.338   134.953     4.52    6.66
 189207.050   134.245    -1.92    5.39
 189576.809   132.492    -4.74    5.29
 189946.616   129.006    -9.43    6.75
 190316.471   124.528   -12.11    6.80
 190686.373   119.531   -13.51    7.19
 191056.322   114.486   -13.64    6.22
 191426.319   110.730   -10.15    6.03
 191796.363   105.867   -13.14    5.77
 192166.456   100.563   -14.33    6.64
 192536.595    94.468   -16.47    7.62
 192906.783    88.685   -15.63    7.73
 193277.018    82.778   -15.96    5.79
 193647.300    82.669    -0.29    6.80
 194017.631    88.163    14.84   12.27
 194388.009    96.640    22.89   14.11
 194758.435   106.230    25.89   13.53
 195128.908   109.470     8.75   14.63
 195499.430   108.892    -1.56   15.84
 195869.999   109.060     0.45   15.64
 196240.616   109.306     0.66   13.39
 196611.280   113.828    12.20   12.12
 196981.993   119.703    15.85   12.65
 197352.754   128.689    24.24   12.72
 197723.562   137.947    24.97   12.80
 198094.418   148.209    27.68   11.91
 198465.322   157.442    24.90   10.66
 198836.275   162.736    14.27    6.65
 199207.275   161.824    -2.46    7.41
 199578.323   156.116   -15.39   10.02
 199949.419   149.775   -17.09    8.99
 200320.563   143.488   -16.95    6.84
 200691.755   141.286    -5.93    6.05
 201062.996   140.498    -2.12    5.83
 201434.284   139.972    -1.41    4.64
 201805.621   136.886    -8.31    6.54
 202177.005   131.328   -14.97    9.09
 202548.438   122.745   -23.11   10.97
 202919.919   116.240   -17.52    8.78
 203291.448   115.809    -1.16    8.21
 203663.025   119.818    10.79   11.63
 204034.651   128.623    23.70   11.86
 204406.324   137.142    22.92    6.42
 204778.046   139.094     5.25    3.95
 205149.817   137.206    -5.08    5.87
 205521.635   131.270   -15.97    7.99
 205893.502   124.015   -19.51    8.36
 206265.418   117.594   -17.27    7.96
 206637.381   113.270   -11.63    5.73
 207009.393   114.332     2.85    7.71
 207381.454   116.831     6.72    8.84
 207753.563   116.778    -0.14    8.96
 208125.720   116.932     0.41    9.33
 208497.926   117.437     1.36   10.45
 208870.180   122.351    13.20   13.68
 209242.483   129.701    19.75   13.37
 209614.834   137.332    20.50   12.75
 209987.234   143.722    17.16   12.05
 210359.683   148.594    13.08    9.93
 210732.180   152.232     9.77    6.29
 211104.725   152.101    -0.35    6.09
 211477.319   149.291    -7.54    9.00
 211849.962   144.009   -14.18   11.31
 212222.654   139.855   -11.15   11.07
 212595.394   137.698    -5.79   10.52
 212968.183   137.185    -1.38    8.88
 213341.021   135.972    -3.25    6.75
 213713.907   132.516    -9.27    7.36
 214086.843   128.532   -10.69    7.78
 214459.827   122.698   -15.64    7.67
 214832.859   119.577    -8.37    6.81
 215205.941   119.535    -0.11    7.21
 215579.071   119.450    -0.23    7.03
 215952.251   119.498     0.13    5.78
 216325.479   120.802     3.50    7.54
 216698.756   122.859     5.51    9.05
