-344260.697    -7.132     0.00    0.00
-343883.361    -7.171    -0.10    0.28
-343505.991    -7.302    -0.35    0.70
-343128.588    -7.208     0.25    0.83
-342751.151    -7.247    -0.11    0.88
-342373.680    -7.210     0.10    0.74
-341996.176    -7.328    -0.31    0.75
-341618.638    -7.536    -0.55    0.87
-341241.066    -7.613    -0.20    0.90
-340863.461    -7.641    -0.08    0.87
-340485.822    -7.830    -0.50    0.91
-340108.149    -8.019    -0.50    0.91
-339735.811    -8.174    -0.42    1.05
-339364.701    -8.302    -0.35    1.44
-338993.559    -8.309    -0.02    1.51
-338622.384    -8.094     0.58    1.48
-338251.177    -8.000     0.25    1.44
-337879.937    -7.793     0.56    1.03
-337508.664    -7.671     0.33    0.87
-337137.359    -7.762    -0.25    0.78
-336766.022    -7.774    -0.03    0.74
-336394.652    -8.113    -0.91    1.23
-336023.250    -8.299    -0.50    1.56
-335651.814    -8.452    -0.41    1.73
-335280.347    -8.317     0.36    1.65
-334908.847    -8.250     0.18    1.51
-334537.314    -8.317    -0.18    1.57
-334165.748    -8.321    -0.01    1.66
-333794.150    -7.805     1.39    1.75
-333422.519    -7.714     0.25    1.74
-333050.856    -7.623     0.25    1.64
-332679.160    -7.568     0.15    1.54
-332307.431    -7.521     0.13    1.34
-331935.670    -7.317     0.55    0.97
-331563.876    -7.230     0.23    0.94
-331192.049    -7.171     0.16    0.88
-330820.190    -7.055     0.31    1.08
-330448.298    -6.962     0.25    1.03
-330076.373    -7.075    -0.30    1.31
-329704.415    -7.077    -0.00    1.45
-329332.425    -7.132    -0.15    1.33
-328960.402    -6.943     0.51    1.36
-328588.346    -6.792     0.41    1.30
-328216.257    -6.661     0.35    1.16
-327844.136    -6.688    -0.07    1.11
-327471.982    -6.555     0.36    1.35
-327099.795    -6.471     0.23    1.20
-326727.575    -6.208     0.71    1.24
-326355.322    -6.078     0.35    1.20
-325983.036    -6.075     0.01    1.22
-325610.718    -5.868     0.56    1.18
-325238.367    -5.987    -0.32    1.13
-324865.983    -6.054    -0.18    1.21
-324493.566    -6.223    -0.45    1.40
-324121.116    -6.452    -0.61    1.28
-323748.633    -6.836    -1.03    1.24
-323376.117    -7.321    -1.30    1.23
-323003.569    -7.209     0.30    1.27
-322630.987    -7.002     0.55    1.29
-322258.373    -6.415     1.58    1.51
-321885.725    -6.221     0.52    1.47
-321513.045    -6.039     0.49    1.50
-321140.331    -5.762     0.75    1.34
-320767.585    -5.344     1.12    1.43
-320394.806    -5.209     0.36    1.41
-320021.993    -5.171     0.10    1.73
-319649.148    -5.340    -0.45    1.68
-319276.269    -5.566    -0.61    1.56
-318903.358    -5.528     0.10    1.47
-318530.414    -5.585    -0.15    1.56
-318157.436    -5.566     0.05    1.51
-317784.425    -5.641    -0.20    1.23
-317411.382    -5.328     0.84    1.82
-317038.305    -5.058     0.72    1.75
-316665.195    -5.057     0.00    1.67
-316292.052    -5.418    -0.97    1.20
-315918.876    -5.585    -0.45    1.26
-315545.666    -5.732    -0.39    1.23
-315172.424    -6.226    -1.32    1.16
-314799.148    -6.774    -1.47    1.16
-314425.839    -7.206    -1.16    1.08
-314052.498    -7.172     0.09    1.16
-313679.122    -7.311    -0.37    1.11
-313305.714    -7.328    -0.05    1.17
-312932.273    -7.041     0.77    1.22
-312558.798    -7.000     0.11    1.27
-312185.290    -7.113    -0.30    1.39
-311811.749    -6.311     2.15    2.16
-311438.174    -5.760     1.47    2.45
-311064.566    -5.423     0.90    2.36
-310690.925    -4.613     2.17    2.18
-310317.251    -5.299    -1.83    2.39
-309943.543    -5.863    -1.51    2.54
-309569.803    -6.171    -0.83    2.35
-309196.028    -6.314    -0.38    2.06
-308822.221    -6.245     0.18    1.74
-308448.380    -5.968     0.74    1.71
-308074.506    -5.830     0.37    1.68
-307700.598    -5.358     1.26    2.29
-307326.657    -5.361    -0.01    2.25
-306952.683    -5.206     0.41    2.46
-306578.675    -4.887     0.85    2.42
-306204.634    -5.205    -0.85    2.02
-305830.559    -5.566    -0.97    1.95
-305456.451    -5.962    -1.06    1.74
-305082.310    -6.623    -1.76    1.94
-304708.135    -7.152    -1.41    1.78
-304333.927    -6.965     0.50    2.00
-303959.685    -6.528     1.17    1.99
-303585.410    -6.150     1.01    1.61
-303211.101    -5.434     1.91    1.60
-302836.759    -5.186     0.66    1.66
-302462.383    -5.206    -0.05    1.66
-302087.974    -5.434    -0.61    1.89
-301713.531    -5.768    -0.89    1.74
-301339.055    -6.352    -1.56    1.30
-300964.545    -5.953     1.06    1.29
-300590.002    -5.305     1.73    1.58
-300215.425    -4.568     1.97    1.77
-299840.814    -4.226     0.91    1.94
-299466.170    -4.358    -0.35    1.98
-299091.492    -4.811    -1.21    1.87
-298716.781    -5.289    -1.28    1.53
-298342.036    -5.257     0.08    1.76
-297967.257    -5.055     0.54    2.01
-297592.444    -4.943     0.30    2.20
-297217.599    -5.019    -0.20    2.31
-296842.719    -4.818     0.53    2.01
-296467.805    -5.096    -0.74    1.80
-296092.858    -5.075     0.06    1.56
-295717.878    -5.547    -1.26    1.76
-295342.863    -5.465     0.22    1.90
-294967.815    -5.679    -0.57    1.78
-294592.733    -5.767    -0.23    1.72
-294217.617    -5.528     0.64    1.66
-293842.468    -5.698    -0.45    1.58
-293467.285    -5.509     0.50    1.60
-293092.068    -5.613    -0.28    1.67
-292716.817    -5.757    -0.38    1.79
-292341.532    -5.243     1.37    1.69
-291966.214    -4.401     2.24    2.00
-291590.862    -4.168     0.62    1.99
-291215.476    -4.000     0.45    2.17
-290840.056    -4.043    -0.11    2.35
-290464.602    -4.642    -1.60    2.28
-290089.114    -4.767    -0.33    2.28
-289713.593    -4.539     0.60    2.04
-289338.038    -4.055     1.29    2.03
-288962.448    -3.114     2.50    2.19
-288586.825    -1.830     3.42    2.51
-288211.168    -1.614     0.57    2.48
-287835.477    -1.528     0.23    2.70
-287459.752    -2.057    -1.41    3.03
-287083.993    -2.805    -1.99    2.33
-286708.200    -2.832    -0.07    2.10
-286332.373    -2.005     2.20    2.33
-285956.512    -2.094    -0.24    2.24
-285580.617    -2.278    -0.49    2.14
-285204.688    -2.262     0.04    2.21
-284828.725    -2.226     0.09    1.99
-284452.728    -2.221     0.01    1.92
-284076.697    -2.092     0.34    1.81
-283700.632    -2.150    -0.15    1.54
-283324.533    -2.132     0.05    1.45
-282948.400    -1.943     0.50    1.59
-282572.232    -1.721     0.59    1.65
-282196.031    -1.786    -0.17    1.81
-281819.795    -2.041    -0.68    1.65
-281443.526    -2.189    -0.39    1.63
-281067.222    -1.762     1.13    1.88
-280690.884    -1.401     0.96    1.62
-280314.512    -1.651    -0.66    1.84
-279938.106    -1.725    -0.19    1.91
-279561.665    -1.965    -0.64    1.93
-279185.191    -1.906     0.16    2.02
-278808.682    -1.671     0.62    1.91
-278432.139    -1.841    -0.45    1.98
-278055.562    -1.740     0.27    2.16
-277678.950    -1.170     1.51    2.26
-277302.304    -0.651     1.38    2.69
-276925.624    -0.169     1.28    2.66
-276548.910    -0.632    -1.23    2.78
-276172.162    -1.459    -2.19    2.73
-275795.379    -1.521    -0.16    2.49
-275418.562    -2.208    -1.82    1.66
-275041.710    -2.205     0.01    1.55
-274664.824    -2.055     0.40    1.53
-274287.904    -2.061    -0.01    1.75
-273910.950    -1.189     2.31    2.83
-273533.961    -0.228     2.55    2.88
-273156.938    -0.007     0.59    2.57
-272779.880    -0.348    -0.90    2.72
-272402.788    -0.882    -1.42    2.05
-272025.662    -1.324    -1.17    2.06
-271648.501    -1.577    -0.67    2.16
-271271.306    -0.805     2.05    2.73
-270894.077    -1.396    -1.57    2.74
-270516.813    -1.354     0.11    2.80
-270139.514    -1.073     0.74    2.79
-269762.181    -1.703    -1.67    2.19
-269384.814    -1.725    -0.06    1.83
-269007.412    -1.849    -0.33    1.60
-268629.975    -1.989    -0.37    1.31
-268252.504    -1.818     0.45    1.76
-267874.999    -1.793     0.07    1.98
-267497.459    -1.604     0.50    2.23
-267119.884    -1.243     0.95    2.25
-266742.275    -1.296    -0.14    2.10
-266364.631    -1.245     0.13    1.98
-265986.953    -1.257    -0.03    1.84
-265609.240    -0.901     0.94    1.69
-265231.492    -0.965    -0.17    1.70
-264858.773    -1.000    -0.09    1.75
-264487.766    -1.604    -1.63    1.48
-264116.725    -2.262    -1.77    1.47
-263745.651    -2.434    -0.46    1.42
-263374.544    -2.502    -0.18    1.42
-263003.403    -2.264     0.64    1.73
-262632.229    -1.151     3.00    2.04
-262261.021    -0.401     2.02    2.27
-261889.780     0.664     2.87    2.14
-261518.506     1.676     2.72    1.57
-261147.198     1.577    -0.27    1.72
-260775.857     1.397    -0.48    1.84
-260404.483     0.761    -1.71    2.08
-260033.075    -0.302    -2.86    1.83
-259661.634    -1.187    -2.38    1.50
-259290.159    -1.478    -0.78    1.38
-258918.651    -1.577    -0.27    1.37
-258547.109    -1.203     1.00    1.23
-258175.534    -1.132     0.19    1.23
-257803.925    -1.614    -1.30    1.72
-257432.283    -2.247    -1.70    1.99
-257060.607    -2.595    -0.93    1.82
-256688.898    -2.151     1.20    1.84
-256317.155    -1.509     1.72    1.92
-255945.379    -0.595     2.46    1.77
-255573.569    -0.039     1.49    1.73
-255201.726     0.423     1.24    1.68
-254829.849     0.660     0.64    1.72
-254457.938     1.189     1.42    1.78
-254085.994     1.535     0.93    1.63
-253714.016     1.757     0.60    1.89
-253342.005     1.075    -1.83    2.37
-252969.960     0.100    -2.62    2.30
-252597.881    -0.226    -0.88    2.44
-252225.769    -0.882    -1.76    2.14
-251853.623    -1.447    -1.52    1.97
-251481.443    -1.799    -0.95    1.60
-251109.230    -1.257     1.45    1.96
-250736.983    -0.818     1.18    2.35
-250364.702    -0.423     1.06    2.48
-249992.387     0.022     1.19    2.26
-249620.039     0.331     0.83    1.89
-249247.657     0.753     1.13    1.65
-248875.242     1.005     0.68    1.72
-248502.792     0.683    -0.87    1.80
-248130.309     0.294    -1.04    1.98
-247757.792    -0.257    -1.48    1.85
-247385.241    -0.690    -1.16    1.61
-247012.657    -0.547     0.38    1.56
-246640.038    -0.563    -0.04    1.65
-246267.386    -0.854    -0.78    1.78
-245894.700    -1.358    -1.35    1.85
-245521.980    -2.025    -1.79    1.56
-245149.226    -1.830     0.52    1.51
-244776.438    -1.364     1.25    1.86
-244403.617    -1.208     0.42    1.73
-244030.761    -0.792     1.11    1.48
-243657.872    -0.703     0.24    1.23
-243284.949    -0.932    -0.61    1.28
-242911.991    -1.205    -0.73    1.51
-242539.000    -2.170    -2.59    2.17
-242165.975    -2.947    -2.08    2.34
-241792.916    -3.226    -0.75    1.91
-241419.823    -2.897     0.88    1.87
-241046.696    -2.328     1.52    1.84
-240673.535    -1.743     1.57    1.80
-240300.340    -2.039    -0.79    1.95
-239927.111    -2.690    -1.74    1.86
-239553.848    -3.206    -1.38    2.02
-239180.551    -3.972    -2.05    1.49
-238807.220    -3.762     0.56    1.91
-238433.855    -3.189     1.53    2.23
-238060.455    -2.859     0.88    2.04
-237687.022    -2.660     0.53    1.78
-237313.555    -2.762    -0.27    1.74
-236940.053    -2.854    -0.25    1.78
-236566.517    -2.792     0.17    1.87
-236192.948    -2.364     1.15    1.94
-235819.344    -2.292     0.19    1.95
-235445.706    -1.614     1.81    1.90
-235072.033    -1.478     0.37    1.72
-234698.327    -1.732    -0.68    1.64
-234324.586    -2.168    -1.17    1.62
-233950.812    -2.336    -0.45    1.95
-233577.003    -2.257     0.21    2.27
-233203.159    -1.786     1.26    2.52
-232829.282    -1.471     0.84    2.44
-232455.370    -1.921    -1.20    2.42
-232081.424    -2.706    -2.10    3.00
-231707.444    -3.317    -1.63    3.03
-231333.430    -3.623    -0.82    3.37
-230959.381    -2.859     2.04    3.71
-230585.298    -1.340     4.06    3.53
-230211.181    -1.132     0.55    2.99
-229837.029    -0.724     1.09    2.10
-229462.843    -0.928    -0.55    2.27
-229088.623    -1.354    -1.14    2.48
-228714.368    -0.811     1.45    2.96
-228340.079    -0.947    -0.36    3.15
-227965.756    -1.203    -0.69    3.32
-227591.398    -1.340    -0.36    3.60
-227217.006    -1.981    -1.71    3.36
-226842.579    -1.023     2.56    3.38
-226468.118     0.248     3.39    4.29
-226093.623    -0.078    -0.87    4.64
-225719.093    -1.410    -3.55    5.19
-225344.529    -2.114    -1.88    5.07
-224969.930    -2.465    -0.94    4.42
-224595.297    -1.577     2.37    4.12
-224220.629     0.064     4.38    3.04
-223845.927    -1.019    -2.89    2.67
-223471.190    -0.561     1.22    2.73
-223096.419    -0.446     0.31    3.07
-222721.613    -0.188     0.69    3.09
-222346.773    -1.002    -2.17    3.51
-221971.898    -1.660    -1.75    3.27
-221596.988    -0.750     2.43    3.36
-221222.044    -0.340     1.09    3.48
-220847.066    -0.205     0.36    3.73
-220472.053    -0.852    -1.73    4.04
-220097.005    -1.114    -0.70    3.26
-219721.922    -1.262    -0.39    3.40
-219346.805    -0.668     1.58    3.68
-218971.654     0.329     2.66    3.89
-218596.467    -0.039    -0.98    4.01
-218221.246     1.201     3.31    4.10
-217845.990     1.226     0.07    4.07
-217470.700     0.814    -1.10    4.45
-217095.375     1.182     0.98    4.76
-216720.015     0.975    -0.55    4.89
-216344.621     0.609    -0.98    4.65
-215969.191     0.331    -0.74    4.26
-215593.727     0.511     0.48    3.95
-215218.229     0.003    -1.35    3.55
-214842.695     0.564     1.50    2.98
-214467.127     0.483    -0.22    3.88
-214091.524    -0.314    -2.12    3.92
-213715.886     0.283     1.59    4.26
-213340.213     0.790     1.35    4.34
-212964.505     0.404    -1.03    3.94
-212588.763     1.461     2.81    4.08
-212212.986     1.053    -1.08    4.73
-211837.173     0.613    -1.17    4.88
-211461.326     0.504    -0.29    4.05
-211085.445     0.359    -0.39    2.89
-210709.528     0.832     1.26    2.72
-210333.576     1.090     0.69    2.47
-209957.590     1.159     0.18    2.95
-209581.568     0.623    -1.43    3.49
-209205.512     1.791     3.11    3.65
-208829.420     1.331    -1.22    3.82
-208453.294     0.547    -2.08    3.28
-208077.132     1.672     2.99    4.16
-207700.936     1.331    -0.91    4.67
-207324.705     2.349     2.71    4.44
-206948.438     2.341    -0.02    4.33
-206572.137     1.585    -2.01    3.17
-206195.801     1.632     0.12    2.98
-205819.429     2.768     3.02    4.50
-205443.023     1.725    -2.77    5.14
-205066.581     0.627    -2.92    5.46
-204690.104    -0.736    -3.62    4.93
-204313.592    -1.721    -2.62    3.22
-203937.046    -0.774     2.52    3.37
-203560.464     0.939     4.55    3.87
-203183.847     0.829    -0.29    4.04
-202807.194     0.977     0.39    4.12
-202430.507     0.849    -0.34    4.47
-202053.784    -0.604    -3.86    4.12
-201677.027    -0.823    -0.58    3.48
-201300.234    -0.396     1.13    3.13
-200923.405     0.122     1.38    2.63
-200546.542     0.908     2.08    2.25
-200169.644     0.686    -0.59    1.73
-199792.710     1.642     2.53    2.93
-199415.741     2.377     1.95    3.90
-199038.737     2.426     0.13    4.25
-198661.697     2.461     0.09    4.04
-198284.622     1.979    -1.28    3.21
-197907.512     2.137     0.42    3.38
-197530.367     2.797     1.75    3.22
-197153.186     2.831     0.09    3.48
-196775.970     2.100    -1.94    2.78
-196398.718     3.118     2.70    3.34
-196021.432     3.294     0.47    3.55
-195644.109     3.232    -0.17    3.71
-195266.752     4.028     2.11    3.12
-194889.359     2.832    -3.17    2.70
-194511.931     2.886     0.14    2.82
-194134.467     3.322     1.15    2.89
-193756.968     3.225    -0.26    2.83
-193379.434     3.368     0.38    2.57
-193001.864     3.668     0.79    2.60
-192624.258     4.387     1.90    2.83
-192246.617     4.720     0.88    2.96
-191868.941     4.757     0.10    2.77
-191491.229     3.868    -2.35    2.18
-191113.482     3.082    -2.08    2.08
-190735.699     3.442     0.95    2.27
-190357.880     4.146     1.86    2.52
-189984.697     4.397     0.67    2.41
-189613.792     4.704     0.83    2.32
-189242.853     4.113    -1.59    2.49
-188871.879     3.559    -1.49    2.72
-188500.872     3.646     0.23    2.83
-188129.830     3.636    -0.03    2.82
-187758.754     3.660     0.07    2.58
-187387.644     3.535    -0.34    2.28
-187016.500     3.707     0.47    2.04
-186645.321     4.415     1.91    2.30
-186274.108     4.761     0.93    2.05
-185902.861     4.926     0.44    2.16
-185531.580     4.529    -1.07    2.52
-185160.264     4.321    -0.56    2.51
-184788.914     4.886     1.52    2.58
-184417.530     4.738    -0.40    2.41
-184046.111     4.923     0.50    2.27
-183674.658     4.332    -1.59    2.04
-183303.171     4.109    -0.60    2.16
-182931.649     3.572    -1.45    2.27
-182560.093     3.464    -0.29    2.44
-182188.503     4.195     1.97    2.61
-181816.878     4.291     0.26    2.62
-181445.219     4.350     0.16    2.58
-181073.526     4.329    -0.06    2.84
-180701.798     4.975     1.74    3.49
-180330.035     5.294     0.86    3.70
-179958.239     6.423     3.04    2.99
-179586.407     5.886    -1.45    2.42
-179214.542     5.201    -1.84    2.24
-178842.641     4.975    -0.61    2.42
-178470.707     4.849    -0.34    2.51
-178098.738     4.683    -0.45    2.41
-177726.734     4.618    -0.17    2.13
-177354.696     4.722     0.28    2.48
-176982.623     4.604    -0.32    2.27
-176610.516     5.332     1.96    2.94
-176238.374     5.245    -0.23    2.92
-175866.197     5.468     0.60    2.77
-175493.987     5.975     1.36    2.67
-175121.741     5.146    -2.23    2.14
-174749.461     5.672     1.41    1.99
-174377.146     5.628    -0.12    1.72
-174004.797     5.413    -0.58    1.87
-173632.413     4.981    -1.16    1.98
-173259.994     4.377    -1.62    2.12
-172887.541     4.053    -0.87    2.09
-172515.053     4.151     0.26    2.01
-172142.530     4.779     1.68    1.97
-171769.973     5.683     2.43    2.06
-171397.381     6.286     1.62    1.75
-171024.754     6.547     0.70    1.55
-170652.093     6.977     1.15    1.69
-170279.396     7.522     1.46    1.58
-169906.665     7.777     0.68    1.89
-169533.900     8.195     1.12    1.83
-169161.099     8.314     0.32    1.79
-168788.264     8.275    -0.10    1.87
-168415.394     8.450     0.47    1.69
-168042.489     8.172    -0.75    1.61
-167669.549     8.349     0.48    1.61
-167296.575     8.529     0.48    1.43
-166923.566     8.849     0.86    1.54
-166550.521     8.850     0.00    1.38
-166177.442     9.053     0.55    1.30
-165804.328     9.151     0.26    1.23
-165431.180     9.813     1.77    1.86
-165057.996    10.183     0.99    2.09
-164684.777    10.422     0.64    2.13
-164311.524    10.516     0.25    1.68
-163938.235    10.322    -0.52    1.60
-163564.912     9.926    -1.06    1.46
-163191.554    10.404     1.28    1.91
-162818.160    10.585     0.49    2.02
-162444.732    10.457    -0.34    2.07
-162071.269    10.504     0.13    2.15
-161697.770     9.941    -1.51    1.63
-161324.237     9.797    -0.39    1.40
-160950.669    10.386     1.58    1.78
-160577.065    11.297     2.44    1.94
-160203.427    12.426     3.02    2.09
-159829.753    12.582     0.42    2.05
-159456.045    12.340    -0.65    1.94
-159082.301    12.232    -0.29    1.71
-158708.523    11.759    -1.26    1.54
-158334.709    11.832     0.19    1.40
-157960.860    11.707    -0.33    1.72
-157586.976    11.572    -0.36    1.85
-157213.057    11.432    -0.37    1.78
-156839.102    11.753     0.86    1.91
-156465.113    11.922     0.45    1.81
-156091.088    12.472     1.47    1.92
-155717.028    12.564     0.25    1.88
-155342.933    12.201    -0.97    1.74
-154968.803    11.959    -0.65    1.47
-154594.637    11.904    -0.15    1.51
-154220.437    12.057     0.41    2.22
-153846.201    12.493     1.17    2.15
-153471.929    12.829     0.90    2.09
-153097.623    12.868     0.10    1.92
-152723.281    12.664    -0.54    1.59
-152348.904    12.359    -0.82    1.59
-151974.492    12.475     0.31    1.73
-151600.044    12.572     0.26    1.67
-151225.561    12.377    -0.52    1.67
-150851.043    12.286    -0.24    1.37
-150476.489    12.136    -0.40    1.23
-150101.900    12.137     0.00    1.12
-149727.275    12.386     0.66    1.13
-149352.616    12.504     0.32    1.09
-148977.920    12.743     0.64    1.31
-148603.190    13.257     1.37    1.32
-148228.424    13.794     1.43    1.60
-147853.622    13.939     0.39    1.69
-147478.785    14.137     0.53    2.12
-147103.913    14.332     0.52    2.06
-146729.005    14.000    -0.89    1.86
-146354.062    13.386    -1.64    1.76
-145979.083    12.777    -1.62    1.76
-145604.069    12.683    -0.25    1.63
-145229.019    12.832     0.40    1.58
-144853.933    13.127     0.79    1.10
-144478.812    13.086    -0.11    1.05
-144103.656    13.283     0.52    1.34
-143728.464    13.395     0.30    1.37
-143353.236    13.396     0.00    1.44
-142977.973    13.654     0.69    1.32
-142602.674    13.792     0.37    1.34
-142227.340    14.053     0.69    1.30
-141851.970    14.136     0.22    1.43
-141476.564    14.291     0.41    1.43
-141101.123    14.654     0.97    1.37
-140725.646    14.887     0.62    1.18
-140350.133    15.154     0.71    0.91
-139974.585    15.312     0.42    1.06
-139599.001    15.535     0.59    1.08
-139223.381    15.922     1.03    1.10
-138847.726    16.113     0.51    1.07
-138472.035    16.386     0.73    1.08
-138096.308    16.618     0.62    1.08
-137720.545    16.886     0.71    1.01
-137344.747    17.164     0.74    1.00
-136968.913    17.650     1.29    1.13
-136593.043    17.957     0.82    1.01
-136217.137    18.177     0.58    0.92
-135841.195    18.289     0.30    0.98
-135465.218    18.253    -0.10    1.01
-135089.204    17.993    -0.69    1.01
-134713.155    17.720    -0.73    0.94
-134337.070    17.529    -0.51    0.86
-133960.949    17.623     0.25    0.87
-133584.793    17.850     0.60    1.01
-133208.600    18.279     1.14    1.01
-132832.372    18.642     0.96    0.95
-132456.107    18.704     0.17    0.92
-132079.807    18.906     0.54    0.85
-131703.470    18.868    -0.10    0.97
-131327.098    18.725    -0.38    1.05
-130950.690    18.559    -0.44    1.09
-130574.245    18.279    -0.74    1.01
-130197.765    18.151    -0.34    0.95
-129821.249    18.090    -0.16    0.88
-129444.697    18.038    -0.14    0.89
-129068.108    17.504    -1.42    1.24
-128691.484    17.050    -1.21    1.36
-128314.823    16.850    -0.53    1.47
-127938.127    16.792    -0.15    1.49
-127561.394    17.127     0.89    1.44
-127184.626    17.468     0.90    1.26
-126807.821    17.599     0.35    1.21
-126430.980    17.975     1.00    1.26
-126054.103    18.268     0.78    1.24
-125677.190    18.547     0.74    1.01
-125300.241    18.582     0.09    0.91
-124923.255    18.646     0.17    0.95
-124546.234    18.439    -0.55    1.04
-124169.176    18.291    -0.39    1.07
-123792.082    18.189    -0.27    0.97
-123414.951    18.016    -0.46    1.05
-123037.785    17.943    -0.19    1.02
-122660.582    17.975     0.08    0.97
-122283.343    17.757    -0.58    0.95
-121906.068    17.797     0.11    0.91
-121528.757    17.753    -0.12    0.94
-121151.409    17.622    -0.35    1.23
-120774.025    17.486    -0.36    1.37
-120396.604    16.850    -1.69    1.84
-120019.148    16.457    -1.04    2.10
-119641.655    16.220    -0.63    2.22
-119264.125    16.795     1.52    2.55
-118886.559    17.753     2.54    2.09
-118508.957    18.279     1.39    1.29
-118131.319    18.286     0.02    1.24
-117753.644    18.297     0.03    1.22
-117375.933    18.297     0.00    1.02
-116998.185    18.572     0.73    1.04
-116620.401    18.868     0.78    0.97
-116242.580    19.253     1.02    0.77
-115864.723    19.404     0.40    0.69
-115486.829    19.450     0.12    0.63
-115113.101    19.646     0.52    0.42
-114742.304    19.564    -0.22    0.54
-114371.473    19.541    -0.06    0.55
-114000.606    19.464    -0.21    0.59
-113629.704    19.331    -0.36    0.72
-113258.768    18.780    -1.48    1.18
-112887.796    18.387    -1.06    1.15
-112516.789    17.975    -1.11    1.11
-112145.747    17.623    -0.95    1.02
-111774.670    17.743     0.32    0.99
-111403.557    17.650    -0.25    1.03
-111032.410    17.815     0.45    0.97
-110661.227    17.797    -0.05    0.95
-110290.010    17.632    -0.44    0.86
-109918.757    17.743     0.30    0.97
-109547.469    17.905     0.44    0.91
-109176.146    17.535    -1.00    1.26
-108804.787    16.849    -1.85    1.60
-108433.393    16.061    -2.12    1.60
-108061.965    15.695    -0.99    1.35
-107690.500    15.993     0.80    1.39
-107319.001    16.213     0.59    1.42
-106947.466    16.600     1.04    1.31
-106575.897    16.849     0.67    1.17
-106204.291    16.741    -0.29    1.19
-105832.651    16.779     0.10    1.30
-105460.975    16.722    -0.15    1.50
-105089.264    16.922     0.54    1.54
-104717.517    17.118     0.53    1.49
-104345.736    17.257     0.37    1.48
-103973.918    17.377     0.32    1.12
-103602.066    17.377    -0.00    1.15
-103230.178    17.642     0.71    1.22
-102858.255    17.814     0.46    1.13
-102486.296    17.777    -0.10    1.24
-102114.302    17.686    -0.24    1.25
-101742.272    17.457    -0.62    1.25
-101370.207    17.201    -0.69    1.15
-100998.107    17.279     0.21    1.16
-100625.971    17.464     0.50    1.18
-100253.800    17.636     0.46    1.11
 -99881.593    17.623    -0.04    1.07
 -99509.350    17.632     0.02    1.22
 -99137.073    17.349    -0.76    1.18
 -98764.759    17.013    -0.90    1.08
 -98392.410    16.813    -0.54    1.10
 -98020.026    16.341    -1.27    1.18
 -97647.606    16.314    -0.07    1.40
 -97275.150    16.664     0.94    1.41
 -96902.659    17.082     1.12    1.51
 -96530.132    17.156     0.20    1.55
 -96157.570    17.279     0.33    1.70
 -95784.972    17.498     0.59    1.67
 -95412.338    17.500     0.01    1.54
 -95039.669    17.814     0.84    1.30
 -94666.964    17.832     0.05    1.07
 -94294.223    17.779    -0.14    1.15
 -93921.447    16.961    -2.19    1.67
 -93548.635    15.993    -2.60    2.02
 -93175.787    15.220    -2.07    1.89
 -92802.904    14.814    -1.09    1.34
 -92429.985    15.321     1.36    1.61
 -92057.030    16.207     2.38    1.49
 -91684.039    16.868     1.77    1.39
 -91311.013    17.172     0.81    1.17
 -90937.951    17.029    -0.38    1.20
 -90564.853    16.959    -0.19    1.27
 -90191.719    16.672    -0.77    1.26
 -89818.550    16.566    -0.28    1.39
 -89445.345    16.600     0.09    1.39
 -89072.103    16.849     0.67    1.26
 -88698.826    16.868     0.05    1.26
 -88325.513    16.941     0.19    1.23
 -87952.165    17.172     0.62    1.23
 -87578.780    17.541     0.99    1.20
 -87205.360    17.922     1.02    1.22
 -86831.903    18.172     0.67    1.26
 -86458.411    18.461     0.77    1.19
 -86084.883    18.314    -0.39    1.23
 -85711.318    17.983    -0.89    1.26
 -85337.718    17.761    -0.60    1.27
 -84964.082    17.868     0.29    1.39
 -84590.410    17.886     0.05    1.51
 -84216.702    17.618    -0.72    1.53
 -83842.958    17.350    -0.72    1.50
 -83469.178    16.814    -1.43    1.52
 -83095.361    16.535    -0.75    1.45
 -82721.509    16.207    -0.88    1.43
 -82347.621    15.998    -0.56    1.29
 -81973.697    16.225     0.61    1.31
 -81599.736    16.775     1.47    1.58
 -81225.740    17.725     2.54    1.37
 -80851.707    18.189     1.24    1.16
 -80477.639    18.457     0.72    1.01
 -80103.534    18.798     0.91    1.07
 -79729.393    19.019     0.59    1.06
 -79355.216    19.172     0.41    1.01
 -78981.003    19.387     0.58    0.96
 -78606.753    19.493     0.28    0.82
 -78232.468    19.522     0.08    0.70
 -77858.146    19.415    -0.29    0.80
 -77483.788    19.394    -0.06    0.71
 -77109.394    19.377    -0.05    0.72
 -76734.963    19.279    -0.26    0.76
 -76360.496    19.232    -0.13    0.75
 -75985.993    19.078    -0.41    0.77
 -75611.454    18.791    -0.77    0.86
 -75236.879    18.689    -0.27    0.96
 -74862.267    18.850     0.43    1.05
 -74487.619    18.850     0.00    1.08
 -74112.934    18.868     0.05    1.05
 -73738.213    18.868     0.00    1.07
 -73363.456    18.564    -0.81    1.14
 -72988.663    18.566     0.00    1.12
 -72613.833    18.761     0.52    1.19
 -72238.967    19.068     0.82    1.22
 -71864.064    19.529     1.23    1.12
 -71489.125    19.707     0.48    1.37
 -71114.150    19.743     0.10    1.76
 -70739.138    19.743     0.00    1.85
 -70364.089    19.904     0.43    1.87
 -69989.005    20.225     0.86    1.37
 -69613.883    20.329     0.28    0.70
 -69238.726    20.332     0.01    0.71
 -68863.531    20.127    -0.55    0.65
 -68488.301    20.047    -0.22    0.66
 -68113.033    19.797    -0.67    0.81
 -67737.730    19.559    -0.63    0.79
 -67362.389    19.439    -0.32    0.74
 -66987.012    19.302    -0.37    0.77
 -66611.599    19.493     0.51    0.68
 -66236.149    19.811     0.85    0.72
 -65860.662    20.011     0.53    0.59
 -65485.139    20.068     0.15    0.56
 -65109.579    19.956    -0.30    0.54
 -64733.983    19.722    -0.62    0.65
 -64358.350    19.522    -0.53    0.64
 -63982.680    19.464    -0.15    0.65
 -63606.974    19.406    -0.15    0.73
 -63231.230    19.350    -0.15    0.91
 -62855.451    19.312    -0.10    0.95
 -62479.634    19.219    -0.25    0.95
 -62103.781    19.207    -0.03    0.94
 -61727.891    19.261     0.14    0.95
 -61351.964    19.511     0.66    1.00
 -60976.001    19.962     1.20    0.81
 -60600.001    20.457     1.32    0.91
 -60223.964    21.038     1.54    0.99
 -59847.890    21.657     1.65    1.31
 -59471.779    21.975     0.84    1.23
 -59095.632    21.938    -0.10    1.27
 -58719.448    21.613    -0.86    1.28
 -58343.227    20.977    -1.69    1.03
 -57966.969    20.271    -1.88    0.92
 -57590.674    19.753    -1.38    0.94
 -57214.342    19.529    -0.59    0.90
 -56837.974    19.104    -1.13    1.14
 -56461.568    18.973    -0.35    1.13
 -56085.126    18.938    -0.09    1.13
 -55708.646    18.743    -0.52    1.19
 -55332.130    18.654    -0.24    1.11
 -54955.577    18.541    -0.30    1.12
 -54578.987    18.710     0.45    1.00
 -54202.360    18.547    -0.43    1.06
 -53825.695    18.439    -0.28    1.13
 -53448.994    18.136    -0.81    1.26
 -53072.256    18.047    -0.24    1.18
 -52695.481    17.798    -0.66    1.18
 -52318.669    17.962     0.44    1.18
 -51941.819    18.332     0.98    1.09
 -51564.933    17.981    -0.93    1.41
 -51188.009    18.189     0.55    1.48
 -50811.049    18.590     1.06    1.61
 -50434.051    18.850     0.69    1.66
 -50057.016    18.993     0.38    1.28
 -49679.944    18.850    -0.38    1.25
 -49302.835    18.850     0.00    0.96
 -48925.689    19.057     0.55    0.94
 -48548.506    19.535     1.27    1.04
 -48171.285    19.886     0.93    1.08
 -47794.027    19.941     0.14    0.86
 -47416.732    20.131     0.50    0.70
 -47039.400    20.104    -0.07    0.58
 -46662.031    20.254     0.40    0.65
 -46284.624    20.453     0.53    0.72
 -45907.180    20.422    -0.08    0.69
 -45529.699    20.404    -0.05    0.66
 -45152.180    20.359    -0.12    0.63
 -44774.624    20.289    -0.19    0.65
 -44397.031    20.472     0.48    0.74
 -44019.401    20.991     1.37    0.98
 -43641.733    21.509     1.37    1.02
 -43264.028    21.728     0.58    0.93
 -42886.285    21.654    -0.20    1.09
 -42508.505    21.261    -1.04    1.09
 -42130.688    20.850    -1.09    1.02
 -41752.833    20.660    -0.50    0.93
 -41374.941    20.597    -0.17    0.85
 -40997.012    20.701     0.28    0.84
 -40619.045    20.689    -0.03    0.81
 -40244.677    20.850     0.43    0.93
 -39873.989    21.082     0.63    1.00
 -39503.265    21.286     0.55    0.96
 -39132.504    21.743     1.23    0.99
 -38761.708    22.114     1.00    0.97
 -38390.876    22.294     0.49    1.02
 -38020.008    22.743     1.21    1.27
 -37649.104    23.329     1.58    1.13
 -37278.163    23.956     1.69    1.30
 -36907.187    24.609     1.76    1.15
 -36536.175    24.570    -0.11    1.18
 -36165.127    24.832     0.71    1.17
 -35794.043    25.078     0.67    1.21
 -35422.922    25.350     0.73    1.22
 -35051.766    25.725     1.01    1.03
 -34680.574    25.763     0.10    0.99
 -34309.345    25.941     0.48    1.07
 -33938.081    26.189     0.67    1.31
 -33566.780    26.509     0.86    1.39
 -33195.443    26.636     0.34    1.39
 -32824.070    26.701     0.18    1.42
 -32452.661    26.850     0.40    1.30
 -32081.215    26.904     0.14    1.16
 -31709.734    27.412     1.37    1.30
 -31338.216    27.993     1.56    1.45
 -30966.662    28.582     1.59    1.38
 -30595.072    28.921     0.91    1.46
 -30223.446    29.377     1.23    1.26
 -29851.783    29.422     0.12    1.36
 -29480.085    29.679     0.69    1.52
 -29108.350    29.797     0.32    1.49
 -28736.578    30.156     0.97    1.40
 -28364.771    31.061     2.43    1.42
 -27992.927    31.868     2.17    1.37
 -27621.046    32.710     2.26    1.28
 -27249.130    33.386     1.82    1.46
 -26877.177    33.939     1.49    1.48
 -26505.188    35.225     3.46    1.74
 -26133.162    35.977     2.02    1.72
 -25761.100    36.725     2.01    1.76
 -25389.002    37.664     2.52    1.93
 -25016.867    38.439     2.08    2.03
 -24644.696    39.079     1.72    1.79
 -24272.488    39.587     1.36    1.67
 -23900.244    39.850     0.71    1.73
 -23527.964    40.131     0.76    1.56
 -23155.647    40.341     0.56    1.44
 -22783.293    40.064    -0.74    1.34
 -22410.903    39.547    -1.39    1.50
 -22038.477    38.738    -2.17    1.65
 -21666.014    37.493    -3.34    1.73
 -21293.515    36.109    -3.72    1.65
 -20920.979    34.993    -2.99    1.67
 -20548.406    34.003    -2.66    1.60
 -20175.797    32.627    -3.69    2.05
 -19803.152    30.759    -5.01    2.31
 -19430.469    28.956    -4.84    2.47
 -19057.750    27.250    -4.58    1.98
 -18684.995    25.868    -3.71    1.81
 -18312.203    24.850    -2.73    1.64
 -17939.374    24.109    -1.99    1.54
 -17566.509    23.605    -1.35    1.40
 -17193.607    23.183    -1.13    1.46
 -16820.668    22.885    -0.80    1.49
 -16447.693    23.164     0.75    1.85
 -16074.681    23.096    -0.18    1.83
 -15701.632    22.797    -0.80    2.06
 -15328.547    22.104    -1.86    2.43
 -14955.425    20.725    -3.70    1.55
 -14582.266    19.977    -2.00    0.69
 -14209.070    19.885    -0.25    0.48
 -13835.837    19.945     0.16    0.33
 -13462.568    17.922    -5.42    4.93
 -13089.262    14.504    -9.15    7.12
 -12715.919     9.832   -12.51    7.29
 -12342.540     6.011   -10.23    4.68
 -11969.123     4.243    -4.73    1.30
 -11595.670     4.439     0.53    1.28
 -11222.180     4.559     0.32    1.27
 -10848.652     4.798     0.64    1.31
 -10475.088     5.100     0.81    1.56
 -10101.488     5.282     0.49    1.94
  -9727.850     4.887    -1.06    2.45
  -9354.175     4.261    -1.68    2.99
  -8980.463     3.342    -2.46    3.11
  -8606.715     2.582    -2.03    3.03
  -8232.929     3.136     1.48    5.79
  -7859.107     3.100    -0.10    6.59
  -7485.247     2.457    -1.72    6.52
  -7111.351     1.423    -2.76    4.69
  -6737.417     0.850    -1.53    3.19
  -6363.447     0.904     0.14    3.36
  -5989.439     0.730    -0.47    2.21
  -5615.394     0.832     0.27    2.44
  -5241.313     1.061     0.61    2.82
  -4867.194     1.307     0.66    3.44
  -4493.038     1.422     0.31    2.97
  -4118.845     2.675     3.35    5.96
  -3744.615     4.201     4.08    7.80
  -3370.348     5.547     3.59    9.35
  -2996.044     7.022     3.94   10.44
  -2621.702     6.605    -1.11   10.38
  -2247.323     6.522    -0.22   10.32
  -1872.908     6.412    -0.30   10.15
  -1498.455     5.118    -3.46    9.10
  -1123.964     5.118     0.00    8.66
   -749.437     4.692    -1.14    7.94
   -374.872     4.618    -0.20    7.64
     -0.270     4.689     0.19    7.72
    374.369     5.016     0.87    8.03
    749.045     4.207    -2.16    8.01
   1123.759     4.812     1.61    8.68
   1498.510     4.570    -0.65    8.52
   1873.298     5.547     2.61    8.52
   2248.124     6.100     1.48    8.43
   2622.987     7.429     3.55    8.72
   2997.887    10.013     6.89    9.28
   3372.825    13.517     9.34    9.01
   3747.800    16.377     7.63    7.77
   4122.812    18.938     6.83    5.80
   4497.862    20.047     2.96    4.04
   4872.949    20.868     2.19    1.01
   5248.074    21.114     0.65    0.95
   5623.236    21.213     0.27    0.93
   5998.435    21.261     0.13    0.93
   6373.672    20.868    -1.05    0.95
   6748.947    20.600    -0.71    0.92
   7124.259    20.404    -0.52    0.76
   7499.608    20.213    -0.51    0.64
   7874.995    20.207    -0.01    0.58
   8250.419    20.136    -0.19    0.52
   8625.881    20.166     0.08    0.60
   9001.381    20.195     0.08    0.64
   9376.918    20.271     0.20    0.68
   9752.493    20.310     0.10    0.64
  10128.105    20.386     0.20    0.85
  10503.755    20.016    -0.98    3.09
  10879.442    18.149    -4.97    6.12
  11255.168    17.201    -2.52    6.97
  11630.930    16.850    -0.93    7.16
  12006.731    17.166     0.84    6.80
  12382.569    17.698     1.42    6.34
  12758.445    19.201     4.00    4.03
  13134.358    19.595     1.05    3.47
  13510.309    20.552     2.55    1.20
  13886.298    20.779     0.60    1.24
  14262.325    21.061     0.75    1.08
  14638.389    21.377     0.84    1.07
  15014.491    20.572    -2.14    4.04
  15390.631    17.118    -9.18    7.87
  15766.809    13.113   -10.65    8.95
  16143.024     9.324   -10.07    7.70
  16519.277     5.904    -9.09    3.72
  16895.569     4.957    -2.52    2.08
  17271.897     4.885    -0.19    2.01
  17648.264     5.086     0.53    2.02
  18024.669     5.127     0.11    1.76
  18401.111     5.213     0.23    1.59
  18777.592     5.078    -0.36    1.40
  19154.110     5.294     0.57    1.54
  19530.666     5.207    -0.23    1.46
  19907.261     4.741    -1.24    1.55
  20283.893     4.547    -0.52    1.44
  20660.563     4.189    -0.95    1.32
  21037.271     4.341     0.40    1.46
  21414.017     4.922     1.54    1.60
  21790.801     5.141     0.58    1.35
  22167.623     5.385     0.65    1.26
  22544.483     5.368    -0.05    1.38
  22921.381     5.225    -0.38    1.39
  23298.317     5.464     0.63    1.39
  23675.291     5.297    -0.45    1.39
  24052.304     5.236    -0.16    1.25
  24429.354     5.387     0.40    1.24
  24806.442     5.564     0.47    1.25
  25183.569     5.886     0.85    1.09
  25560.734     5.904     0.05    1.14
  25937.936     5.814    -0.24    1.41
  26315.177     5.582    -0.62    2.01
  26692.457     4.922    -1.75    2.28
  27069.774     4.127    -2.11    2.27
  27447.129     3.324    -2.13    1.63
  27824.523     2.886    -1.16    0.13
  28201.955     3.254     0.97    1.41
  28579.425     3.368     0.30    1.53
  28956.934     3.559     0.51    1.59
  29334.481     3.552    -0.02    1.42
  29712.065     3.599     0.12    1.37
  30089.689     4.297     1.85    1.91
  30467.350     4.922     1.65    2.01
  30845.050     6.131     3.20    2.64
  31222.788     7.342     3.20    2.53
  31600.565     8.131     2.09    2.44
  31978.380     8.282     0.40    2.49
  32356.233     7.961    -0.85    2.60
  32734.125     8.008     0.13    2.39
  33112.055     8.650     1.70    2.46
  33490.023     8.763     0.30    2.13
  33868.030     8.314    -1.19    2.17
  34246.076     7.941    -0.99    2.54
  34621.180     7.745    -0.52    2.52
  34991.759     7.359    -1.04    2.55
  35362.374     7.282    -0.21    2.39
  35733.026     7.310     0.08    2.37
  36103.715     6.605    -1.90    2.89
  36474.441     5.814    -2.13    2.99
  36845.204     5.342    -1.28    2.77
  37216.003     7.189     4.98    3.46
  37586.840     8.412     3.30    3.05
  37957.713     8.815     1.09    2.84
  38328.624     9.136     0.86    2.72
  38699.571     7.833    -3.51    2.33
  39070.555     7.154    -1.83    2.09
  39441.577     6.922    -0.63    1.95
  39812.635     6.560    -0.97    1.84
  40183.730     6.512    -0.13    2.07
  40554.863     6.941     1.16    2.30
  40926.032     7.023     0.22    2.58
  41297.238     6.868    -0.42    2.22
  41668.481     6.743    -0.34    1.57
  42039.762     7.359     1.66    1.17
  42411.079     7.350    -0.02    1.24
  42782.434     7.447     0.26    1.19
  43153.826     7.517     0.19    1.23
  43525.255     7.552     0.09    1.20
  43896.720     7.595     0.12    1.22
  44268.224     7.412    -0.49    1.55
  44639.764     6.794    -1.66    1.64
  45011.341     6.745    -0.13    1.67
  45382.956     6.541    -0.55    1.74
  45754.607     6.511    -0.08    1.53
  46126.296     6.868     0.96    1.76
  46498.023     7.189     0.86    1.92
  46869.786     7.064    -0.34    2.19
  47241.587     7.172     0.29    2.11
  47613.424     7.131    -0.11    2.06
  47985.300     6.850    -0.76    1.59
  48357.212     6.851     0.00    1.31
  48729.162     6.618    -0.63    1.30
  49101.149     6.482    -0.37    1.18
  49473.173     6.522     0.11    1.28
  49845.235     6.535     0.03    1.20
  50217.334     6.904     0.99    1.31
  50589.470     7.075     0.46    1.28
  50961.644     7.394     0.86    1.09
  51333.855     7.475     0.22    1.07
  51706.104     7.078    -1.07    1.22
  52078.390     6.868    -0.57    1.28
  52450.713     6.710    -0.42    1.13
  52823.074     6.829     0.32    1.25
  53195.472     6.725    -0.28    1.33
  53567.908     7.053     0.88    1.49
  53940.381     6.956    -0.26    1.50
  54312.892     6.795    -0.43    1.44
  54685.440     6.956     0.43    1.34
  55058.025     6.675    -0.75    1.60
  55430.649     6.613    -0.17    1.77
  55803.309     6.885     0.73    2.13
  56176.008     6.722    -0.44    2.20
  56548.743     6.332    -1.05    1.67
  56921.517     6.812     1.29    1.37
  57294.328     9.868     8.20    6.10
  57667.176    14.600    12.69    8.85
  58040.063    20.008    14.50    8.79
  58412.986    24.956    13.27    5.28
  58785.948    26.172     3.26    3.79
  59158.947    27.109     2.51    2.58
  59531.984    27.064    -0.12    2.25
  59905.058    26.661    -1.08    2.38
  60278.171    26.618    -0.12    2.21
  60651.321    26.745     0.34    2.54
  61024.508    27.195     1.21    2.41
  61397.734    28.006     2.17    2.03
  61770.997    28.395     1.04    1.73
  62144.297    28.558     0.44    1.27
  62517.636    28.500    -0.16    1.06
  62891.013    27.993    -1.36    1.11
  63264.427    26.258    -4.65    3.27
  63637.879    24.939    -3.53    3.72
  64011.369    24.118    -2.20    3.68
  64384.896    24.553     1.17    3.86
  64758.462    26.029     3.95    2.67
  65132.065    26.779     2.01    0.98
  65505.707    26.920     0.38    1.19
  65879.386    27.114     0.52    1.44
  66253.103    27.368     0.68    1.54
  66626.858    28.127     2.03    1.77
  67000.651    28.332     0.55    1.82
  67374.482    28.444     0.30    1.72
  67748.351    28.368    -0.20    1.61
  68122.257    28.166    -0.54    1.55
  68496.202    27.868    -0.80    1.71
  68870.185    27.570    -0.80    2.15
  69244.206    27.457    -0.30    2.37
  69618.265    27.903     1.19    2.35
  69992.361    28.710     2.16    2.23
  70366.496    29.189     1.28    1.98
  70740.669    29.648     1.22    1.13
  71114.880    29.405    -0.65    1.18
  71489.129    28.547    -2.29    1.48
  71863.417    27.613    -2.49    1.49
  72237.742    27.011    -1.61    1.27
  72612.106    26.763    -0.66    1.46
  72986.507    26.991     0.61    1.90
  73360.947    26.957    -0.09    1.84
  73735.425    26.600    -0.95    2.13
  74109.941    25.954    -1.72    2.37
  74484.495    25.297    -1.76    2.28
  74859.088    25.071    -0.60    2.05
  75233.719    25.019    -0.14    1.77
  75608.388    25.422     1.07    1.58
  75983.095    26.008     1.57    1.63
  76357.840    26.689     1.82    1.49
  76732.624    27.201     1.37    1.38
  77107.446    27.675     1.26    1.09
  77482.307    28.058     1.02    1.13
  77857.205    28.349     0.78    1.48
  78232.143    29.020     1.79    2.02
  78607.118    29.904     2.36    2.23
  78982.132    30.850     2.52    2.25
  79357.184    31.956     2.95    2.19
  79732.274    32.938     2.62    1.92
  80107.403    33.429     1.31    1.55
  80482.570    33.939     1.36    1.20
  80857.776    34.029     0.24    1.12
  81233.020    34.156     0.34    1.11
  81608.303    34.444     0.77    1.02
  81983.624    34.832     1.03    1.13
  82358.984    35.109     0.74    1.03
  82734.382    35.299     0.51    1.01
  83109.818    35.523     0.60    0.98
  83485.293    35.902     1.01    1.07
  83860.807    36.226     0.86    1.06
  84236.359    36.342     0.31    0.98
  84611.950    36.442     0.27    1.02
  84987.579    36.678     0.63    1.00
  85363.247    37.086     1.09    0.96
  85738.953    37.213     0.34    0.95
  86114.699    37.377     0.44    0.89
  86490.482    37.650     0.73    0.85
  86866.305    37.902     0.67    0.79
  87242.166    38.183     0.75    0.89
  87618.065    38.511     0.87    1.02
  87994.004    38.850     0.90    1.06
  88369.981    38.938     0.24    0.98
  88745.997    39.047     0.29    1.01
  89122.051    39.307     0.69    0.95
  89498.144    39.657     0.93    1.06
  89874.276    39.725     0.18    1.07
  90250.447    39.902     0.47    1.03
  90626.657    39.814    -0.23    1.17
  91002.905    39.529    -0.76    1.24
  91379.192    39.289    -0.64    1.19
  91755.518    39.172    -0.31    1.23
  92131.883    39.040    -0.35    1.14
  92508.286    39.236     0.52    1.03
  92884.729    39.011    -0.60    1.00
  93261.210    39.090     0.21    0.86
  93637.730    39.292     0.54    0.93
  94014.289    39.457     0.44    0.89
  94390.888    39.713     0.68    0.70
  94767.525    39.939     0.60    0.74
  95144.200    40.047     0.28    0.81
  95520.915    40.268     0.59    0.76
  95897.669    40.322     0.14    0.79
  96274.462    40.547     0.59    0.66
  96651.294    40.504    -0.11    0.80
  97028.165    40.342    -0.43    1.00
  97405.075    40.243    -0.26    1.21
  97782.023    40.114    -0.34    1.15
  98159.011    40.236     0.33    1.06
  98536.038    40.082    -0.41    1.00
  98913.105    40.004    -0.21    0.94
  99290.210    39.904    -0.26    0.94
  99667.354    39.868    -0.10    0.88
 100044.538    40.026     0.42    0.98
 100421.760    40.289     0.70    0.91
 100799.022    40.482     0.51    0.94
 101176.323    40.587     0.28    0.84
 101553.663    40.707     0.32    0.85
 101931.042    40.964     0.68    0.89
 102308.460    41.156     0.51    0.93
 102685.918    41.279     0.32    0.99
 103063.415    41.385     0.28    0.90
 103440.951    41.500     0.30    0.84
 103818.527    41.422    -0.21    0.78
 104196.141    41.343    -0.21    0.84
 104573.795    41.415     0.19    0.97
 104951.489    41.500     0.22    0.99
 105329.221    41.654     0.41    0.99
 105706.993    41.868     0.57    0.84
 106084.804    41.938     0.19    0.80
 106462.655    41.868    -0.19    0.78
 106840.545    41.851    -0.05    0.81
 107218.474    41.741    -0.29    0.77
 107596.443    41.732    -0.02    0.78
 107974.451    41.779     0.12    0.79
 108352.499    41.780     0.00    0.79
 108730.586    41.799     0.05    0.75
 109108.713    41.725    -0.20    0.86
 109484.645    41.728     0.01    0.85
 109855.107    41.613    -0.31    0.95
 110225.607    41.657     0.12    0.96
 110596.145    41.794     0.37    0.89
 110966.720    41.835     0.11    1.01
 111337.333    41.654    -0.49    0.91
 111707.984    41.657     0.01    1.08
 112078.673    41.640    -0.05    1.10
 112449.400    41.464    -0.47    1.10
 112820.164    41.618     0.41    1.07
 113190.967    41.575    -0.12    1.11
 113561.807    41.552    -0.06    1.05
 113932.685    41.622     0.19    1.14
 114303.602    41.768     0.39    1.04
 114674.556    41.868     0.27    1.09
 115045.548    41.851    -0.05    1.17
 115416.578    42.090     0.64    1.18
 115787.645    42.324     0.63    1.15
 116158.751    42.572     0.67    0.98
 116529.895    42.551    -0.05    0.89
 116901.077    42.475    -0.21    0.89
 117272.297    42.351    -0.34    0.92
 117643.555    41.902    -1.21    1.20
 118014.851    41.764    -0.37    1.42
 118386.185    41.558    -0.56    1.38
 118757.557    41.575     0.05    1.36
 119128.967    41.779     0.55    1.23
 119500.416    41.977     0.53    0.94
 119871.902    42.037     0.16    0.95
 120243.427    41.797    -0.65    1.09
 120614.989    41.902     0.28    1.14
 120986.590    41.761    -0.38    1.00
 121358.229    42.008     0.67    1.03
 121729.906    42.166     0.42    1.12
 122101.622    42.359     0.52    1.05
 122473.375    42.482     0.33    0.94
 122845.167    42.447    -0.09    0.86
 123216.997    42.342    -0.28    0.91
 123588.865    42.166    -0.47    0.84
 123960.772    42.335     0.45    0.95
 124332.717    42.498     0.44    0.92
 124704.700    42.429    -0.18    0.87
 125076.721    42.304    -0.34    0.81
 125448.781    42.500     0.52    0.82
 125820.879    42.636     0.37    0.83
 126193.015    42.614    -0.06    0.94
 126565.190    42.517    -0.26    1.08
 126937.403    42.189    -0.88    0.99
 127309.655    41.834    -0.95    0.85
 127681.944    41.582    -0.68    0.73
 128054.273    41.523    -0.16    0.74
 128426.639    41.609     0.23    0.81
 128799.044    41.570    -0.10    0.78
 129171.488    41.741     0.46    0.79
 129543.970    41.751     0.03    0.85
 129916.491    41.600    -0.41    0.86
 130289.050    41.500    -0.27    0.79
 130661.647    41.627     0.34    0.92
 131034.283    41.850     0.60    0.94
 131406.958    41.991     0.38    1.00
 131779.671    42.029     0.10    0.91
 132152.422    42.154     0.34    0.85
 132525.212    42.057    -0.26    0.98
 132898.041    42.241     0.49    1.03
 133270.909    42.377     0.36    1.07
 133643.815    42.454     0.21    1.19
 134016.759    42.500     0.12    1.06
 134389.742    42.482    -0.05    0.98
 134762.764    42.264    -0.58    0.99
 135135.825    42.385     0.32    0.86
 135508.924    42.422     0.10    0.78
 135882.062    42.450     0.08    0.85
 136255.239    42.783     0.89    0.99
 136628.454    43.029     0.66    1.12
 137001.708    43.156     0.34    1.19
 137375.001    43.439     0.76    1.16
 137748.333    43.672     0.62    1.05
 138121.703    43.489    -0.49    1.11
 138495.112    43.292    -0.53    1.19
 138868.560    43.096    -0.52    1.12
 139242.047    42.936    -0.43    1.00
 139615.573    43.001     0.18    1.17
 139989.137    43.100     0.26    1.25
 140362.740    43.207     0.29    1.32
 140736.382    43.159    -0.13    1.31
 141110.064    43.029    -0.35    1.32
 141483.784    43.004    -0.07    1.29
 141857.542    43.109     0.28    1.29
 142231.340    43.196     0.23    1.13
 142605.177    43.071    -0.33    1.11
 142979.053    43.376     0.82    1.07
 143352.967    43.131    -0.66    1.17
 143726.921    43.037    -0.25    1.23
 144100.914    43.053     0.04    1.29
 144474.945    43.047    -0.02    1.25
 144849.016    43.368     0.86    1.21
 145223.126    43.592     0.60    1.24
 145597.274    43.971     1.01    1.24
 145971.462    44.241     0.72    1.11
 146345.689    44.368     0.34    0.98
 146719.955    44.297    -0.19    0.99
 147094.260    44.546     0.67    1.04
 147468.604    44.738     0.51    1.26
 147842.988    45.184     1.19    1.15
 148217.410    45.243     0.16    1.14
 148591.872    45.385     0.38    1.06
 148966.373    45.437     0.14    1.08
 149340.913    45.376    -0.16    1.26
 149715.492    45.437     0.16    1.26
 150090.110    45.314    -0.33    1.19
 150464.768    45.309    -0.02    1.19
 150839.465    45.053    -0.68    1.05
 151214.201    44.973    -0.21    1.10
 151588.976    44.886    -0.23    0.99
 151963.791    45.109     0.60    1.06
 152338.645    45.299     0.51    1.06
 152713.539    45.512     0.57    1.06
 153088.471    45.558     0.12    0.99
 153463.443    45.368    -0.51    1.14
 153838.455    45.359    -0.02    1.09
 154213.505    45.553     0.52    1.13
 154588.595    45.342    -0.56    1.09
 154963.725    45.457     0.31    1.07
 155338.894    45.127    -0.88    1.31
 155714.102    45.075    -0.14    1.44
 156089.350    45.054    -0.05    1.40
 156464.637    45.040    -0.04    1.38
 156839.964    45.166     0.34    1.24
 157215.330    45.207     0.11    1.18
 157590.736    45.395     0.50    1.15
 157966.181    45.422     0.07    1.25
 158341.666    45.172    -0.67    1.28
 158717.190    45.282     0.29    1.35
 159092.754    45.324     0.11    1.15
 159468.358    45.376     0.14    1.09
 159844.001    45.575     0.53    0.92
 160219.683    45.307    -0.71    1.52
 160595.405    45.088    -0.58    1.53
 160971.167    44.757    -0.88    1.55
 161346.969    44.582    -0.46    1.19
 161722.810    44.377    -0.55    1.09
 162098.690    44.368    -0.02    1.16
 162474.611    44.254    -0.30    1.16
 162850.571    44.219    -0.09    1.25
 163226.571    44.224     0.01    1.21
 163602.611    44.422     0.53    1.28
 163978.690    44.597     0.47    1.41
 164354.809    44.780     0.49    1.23
 164730.968    44.798     0.05    1.25
 165107.166    44.614    -0.49    0.98
 165483.405    44.420    -0.52    1.19
 165859.683    44.254    -0.44    1.15
 166236.001    43.975    -0.74    1.14
 166612.359    44.054     0.21    1.20
 166988.757    44.243     0.50    1.02
 167365.194    44.427     0.49    1.07
 167741.672    44.563     0.36    1.04
 168118.189    44.552    -0.03    1.14
 168494.747    44.698     0.39    1.15
 168871.344    44.749     0.14    1.15
 169247.981    44.832     0.22    0.99
 169624.658    44.868     0.09    0.95
 170001.375    44.834    -0.09    0.91
 170378.132    44.833    -0.00    0.87
 170754.929    45.023     0.51    1.06
 171131.766    45.258     0.62    1.02
 171508.644    45.471     0.57    1.11
 171885.561    45.885     1.10    1.03
 172262.518    46.225     0.90    0.92
 172639.515    46.316     0.24    0.88
 173016.553    46.535     0.58    0.93
 173393.630    46.918     1.02    1.02
 173770.748    47.100     0.48    1.04
 174147.905    47.309     0.55    1.07
 174525.103    47.292    -0.04    1.05
 174902.341    47.207    -0.22    1.08
 175279.619    46.800    -1.08    1.11
 175656.937    46.386    -1.10    1.11
 176034.296    46.064    -0.85    1.00
 176411.695    45.799    -0.70    1.09
 176789.134    45.885     0.23    1.38
 177166.613    46.333     1.19    1.49
 177544.132    46.919     1.55    1.54
 177921.692    47.885     2.56    1.20
 178299.292    48.850     2.56    1.43
 178676.932    49.936     2.88    1.62
 179054.613    51.297     3.60    1.63
 179432.334    52.342     2.77    1.59
 179810.095    53.333     2.63    1.31
 180187.897    53.902     1.50    1.10
 180565.739    54.271     0.98    1.13
 180943.621    54.395     0.33    1.07
 181321.544    54.435     0.10    1.01
 181699.508    54.096    -0.90    1.05
 182077.511    53.661    -1.15    0.99
 182455.555    53.410    -0.66    1.07
 182833.640    53.096    -0.83    0.93
 183211.765    53.109     0.04    0.80
 183589.931    53.141     0.08    0.68
 183968.137    52.973    -0.44    0.75
 184345.009    52.672    -0.80    0.84
 184715.352    52.751     0.22    1.04
 185085.735    53.166     1.12    1.39
 185456.156    54.040     2.36    1.58
 185826.616    54.747     1.91    1.38
 186197.115    55.078     0.89    1.25
 186567.653    55.359     0.76    1.20
 186938.229    55.289    -0.19    1.27
 187308.845    55.078    -0.57    1.16
 187679.499    54.850    -0.62    1.23
 188050.192    54.393    -1.24    1.39
 188420.923    54.068    -0.88    1.39
 188791.694    53.798    -0.73    1.36
 189162.503    53.423    -1.01    1.13
 189533.352    52.868    -1.50    1.51
 189904.239    52.342    -1.42    1.58
 190275.165    51.983    -0.97    1.60
 190646.130    51.833    -0.40    1.57
 191017.134    52.026     0.52    1.65
 191388.178    52.020    -0.01    1.61
 191759.260    51.868    -0.41    1.41
 192130.380    51.447    -1.13    1.34
 192501.540    51.368    -0.21    1.14
 192872.739    51.135    -0.63    1.25
 193243.977    51.207     0.20    1.30
 193615.255    51.326     0.32    1.34
 193986.571    51.486     0.43    1.30
 194357.926    51.868     1.03    1.26
 194729.320    52.166     0.80    1.50
 195100.753    52.678     1.38    1.67
 195472.226    53.454     2.09    1.76
 195843.738    53.885     1.16    1.57
 196215.288    53.868    -0.05    1.27
 196586.878    53.939     0.19    1.06
 196958.507    53.468    -1.27    0.92
 197330.175    53.047    -1.13    0.96
 197701.883    52.956    -0.24    1.07
 198073.629    52.577    -1.02    1.05
 198445.415    52.122    -1.22    1.11
 198817.240    51.587    -1.44    1.35
 199189.105    50.597    -2.66    1.96
 199561.008    49.580    -2.73    2.09
 199932.951    48.850    -1.96    2.47
 200304.933    47.973    -2.36    3.38
 200676.955    47.393    -1.56    4.11
 201049.016    46.552    -2.26    4.52
 201421.116    45.412    -3.07    4.88
 201793.255    44.507    -2.43    4.79
 202165.434    42.995    -4.06    4.90
 202537.652    42.393    -1.62    4.64
 202909.910    41.312    -2.90    5.45
 203282.207    41.178    -0.36    5.78
 203654.544    40.570    -1.63    7.16
 204026.919    39.804    -2.06    8.39
 204399.335    38.447    -3.65    9.17
 204771.790    36.850    -4.29    9.39
 205144.284    35.327    -4.09    9.46
 205516.818    33.728    -4.29    8.82
 205889.391    31.728    -5.37    7.53
 206262.004    30.304    -3.82    6.32
 206634.656    28.631    -4.49    3.34
 207007.348    27.868    -2.05    0.00
 207380.079    27.868     0.00    0.00
 207752.850    27.868     0.00    0.00
 208125.661    27.868     0.00    0.00
 208498.511    27.868     0.00    0.00
 208871.401    27.868     0.00    0.00
 209244.330    27.868     0.00    0.00
 209617.299    27.868     0.00    0.00
 209990.308    27.868     0.00    0.00
 210363.356    27.868     0.00    0.00
 210736.444    27.868     0.00    0.00
 211109.572    27.868     0.00    0.00
 211482.740    27.868     0.00    0.00
 211855.947    27.868     0.00    0.00
 212229.194    27.901     0.09    0.26
 212602.481    27.902     0.00    0.26
 212975.807    29.006     2.96    5.00
 213349.174    29.868     2.31    8.34
 213722.580    29.008    -2.30    5.82
 214096.026    28.834    -0.47    5.33
 214469.511    28.812    -0.06    5.18
 214843.037    28.006    -2.16    1.05
 215216.602    28.189     0.49    2.41
 215590.208    29.802     4.32    8.87
 215963.853    30.258     1.22   11.08
 216337.538    30.078    -0.48   10.11
 216711.263    30.718     1.71    9.81
 217085.028    33.782     8.20   17.88
 217458.833    37.850    10.89   23.79
 217832.678    41.413     9.53   26.75
 218206.563    44.376     7.93   28.71
 218580.488    43.404    -2.60   27.56
 218954.453    40.018    -9.06   23.13
 219328.457    35.471   -12.16   13.39
 219702.502    33.359    -5.65    7.94
 220076.587    36.529     8.48   11.05
 220450.712    45.004    22.66   21.16
 220824.877    60.161    40.52   28.77
 221199.083    75.816    41.85   24.83
 221573.328    86.951    29.76   15.96
 221947.613    87.154     0.54   16.46
 222321.939    78.088   -24.22   19.60
 222696.305    66.104   -32.02   17.03
 223070.710    58.921   -19.19   12.13
 223445.156    58.161    -2.03    9.52
 223819.643    64.601    17.20   14.36
 224194.169    76.745    32.43   18.51
 224568.736    88.851    32.33   15.64
 224943.343    98.671    26.22   13.17
 225317.990   103.322    12.42   14.18
 225692.677   110.835    20.05   16.73
 226067.405   119.468    23.04   20.42
 226442.173   130.678    29.92   26.68
 226816.981   148.264    46.93   33.61
 227191.830   167.718    51.91   32.00
 227566.719   184.954    45.99   23.36
 227941.648   195.439    27.97   14.58
 228316.618   191.311   -11.01   21.05
 228691.628   178.377   -34.50   32.05
 229066.678   153.402   -66.61   42.63
 229441.769   120.689   -87.23   37.22
 229816.900    93.950   -71.30   32.22
 230192.072    79.493   -38.54   18.82
 230567.284    82.207     7.23   20.10
 230942.537    97.535    40.86   23.84
 231317.830   116.207    49.77   18.26
 231693.164   128.032    31.51   13.92
 232068.538   136.868    23.55   12.28
