-123544.669   169.378     0.00   11.02
-123170.926   162.224   -19.14   11.98
-122797.229   157.827   -11.77    9.55
-122423.577   154.795    -8.11    7.32
-122049.971   157.348     6.83    9.50
-121676.409   167.461    27.07   12.73
-121302.893   176.110    23.16   12.30
-120929.422   185.101    24.08   11.70
-120555.996   193.255    21.84    7.98
-120182.615   194.736     3.96    6.06
-119809.280   191.379    -8.99    8.30
-119435.989   184.865   -17.45   10.94
-119062.744   175.026   -26.36   13.16
-118689.543   167.558   -20.01   12.91
-118316.388   164.338    -8.63    9.77
-117943.278   165.319     2.63    7.81
-117570.213   170.558    14.04    9.82
-117197.192   179.264    23.34   11.60
-116824.217   190.145    29.18   13.22
-116451.287   198.593    22.66    9.52
-116078.402   200.994     6.44    6.02
-115705.561   199.428    -4.20    6.30
-115332.766   195.192   -11.36    6.37
-114960.015   188.026   -19.23   10.26
-114587.309   177.891   -27.20   16.73
-114214.649   162.116   -42.33   21.29
-113842.033   145.478   -44.66   21.82
-113469.462   130.010   -41.52   17.81
-113096.935   119.526   -28.14   10.71
-112724.454   114.637   -13.13    4.96
-112352.017   114.527    -0.30    3.94
-111979.625   119.449    13.22    7.71
-111607.278   126.113    17.90   10.05
-111234.975   132.332    16.71   10.41
-110862.717   137.984    15.18    9.33
-110490.504   142.166    11.24    8.53
-110118.336   144.805     7.09    9.69
-109746.212   146.240     3.86   10.88
-109374.133   148.816     6.92   12.79
-109002.098   148.090    -1.95   12.73
-108630.108   147.723    -0.99   10.68
-108258.163   148.945     3.29    9.75
-107886.262   153.097    11.16   11.48
-107514.406   157.060    10.66   12.75
-107142.594   161.353    11.55   12.96
-106770.827   164.941     9.65   11.31
-106399.104   168.411     9.34    9.30
-106027.426   172.665    11.45    7.13
-105655.792   177.602    13.29    8.03
-105284.203   184.713    19.14    8.42
-104912.658   192.700    21.50   10.73
-104541.158   208.093    41.44   21.21
-104169.702   225.945    48.06   25.46
-103798.290   242.621    44.90   20.95
-103426.923   254.788    32.77   10.81
-103055.600   261.049    16.86    6.90
-102684.321   263.994     7.93    6.68
-102313.087   265.557     4.21    4.33
-101941.897   265.428    -0.35    4.62
-101570.751   263.929    -4.04    5.71
-101199.649   261.460    -6.65    5.68
-100828.592   259.780    -4.53    5.00
-100457.579   257.069    -7.31    4.98
-100086.610   252.639   -11.94    8.39
 -99715.685   246.816   -15.70   10.28
 -99344.805   241.088   -15.45   13.11
 -98973.969   233.655   -20.05   16.77
 -98603.176   226.010   -20.62   22.44
 -98232.428   216.058   -26.84   27.27
 -97861.724   204.752   -30.50   34.68
 -97491.064   188.397   -44.13   38.36
 -97120.449   172.671   -42.44   31.69
 -96749.877   160.284   -33.43   22.18
 -96379.349   154.100   -16.69   13.23
 -96008.865   154.800     1.89   13.04
 -95638.425   159.255    12.03   13.77
 -95268.030   159.756     1.35   12.84
 -94897.678   157.226    -6.83   11.88
 -94527.370   157.920     1.87   12.16
 -94157.106   163.148    14.12   15.28
 -93786.886   176.103    35.00   17.24
 -93416.710   191.236    40.88   14.50
 -93046.578   204.155    34.91   17.74
 -92676.489   220.397    43.89   19.74
 -92306.445   233.224    34.67   18.13
 -91936.444   243.300    27.23   15.30
 -91566.487   245.541     6.06   15.28
 -91196.574   240.952   -12.41   17.65
 -90826.705   230.945   -27.06   21.17
 -90456.879   217.018   -37.66   21.93
 -90087.098   207.719   -25.15   18.30
 -89717.360   206.145    -4.26   15.05
 -89347.665   212.193    16.36   16.33
 -88978.015   223.049    29.37   15.08
 -88604.629   233.389    27.69    8.60
 -88226.082   235.444     5.43    4.94
 -87847.580   231.776    -9.69    8.79
 -87469.124   223.397   -22.14   13.10
 -87090.715   211.461   -31.54   16.65
 -86712.351   200.969   -27.73   17.03
 -86334.033   193.058   -20.91   12.26
 -85955.761   192.397    -1.75   10.86
 -85577.535   197.590    13.73   11.73
 -85199.355   208.188    28.02   11.48
 -84821.220   220.208    31.79   13.69
 -84443.132   229.994    25.88   15.05
 -84065.089   235.319    14.09   12.32
 -83687.092   232.224    -8.19   18.79
 -83309.141   223.576   -22.88   23.26
 -82931.236   206.684   -44.70   24.62
 -82553.376   191.992   -38.88   19.77
 -82175.562   181.477   -27.83   14.60
 -81797.794   171.393   -26.70   11.00
 -81420.072   162.542   -23.43   12.00
 -81042.395   152.429   -26.78   12.39
 -80664.764   143.772   -22.93   11.29
 -80287.178   133.160   -28.11   10.67
 -79909.638   125.461   -20.39    9.79
 -79532.144   118.816   -17.60    9.19
 -79154.695   114.441   -11.59    7.29
 -78777.292   112.716    -4.57    9.21
 -78399.934   111.606    -2.94   10.59
 -78022.622   111.049    -1.48   11.57
 -77645.356   108.606    -6.48   12.12
 -77268.134   104.710   -10.33   11.33
 -76890.959   104.494    -0.57   11.27
 -76513.829   106.923     6.44   11.90
 -76136.744   113.542    17.55   13.84
 -75759.705   120.764    19.15   12.58
 -75382.711   127.690    18.37   12.95
 -75005.762   133.903    16.48   15.89
 -74628.859   135.985     5.52   18.33
 -74252.001   133.684    -6.11   20.62
 -73875.189   129.477   -11.17   20.10
 -73498.421   124.058   -14.38   14.39
 -73121.700   120.234   -10.15   11.57
 -72745.023   116.994    -8.60   13.83
 -72368.392   113.090   -10.36   16.56
 -71991.805   107.139   -15.81   16.63
 -71615.265    96.165   -29.14   14.45
 -71238.769    87.329   -23.47   13.08
 -70862.318    76.985   -27.48   14.04
 -70485.913    66.832   -26.98   11.80
 -70109.553    60.252   -17.48    7.92
 -69733.238    56.492    -9.99    2.89
 -69356.968    56.710     0.58    2.46
 -68980.743    58.425     4.56    2.97
 -68604.563    61.224     7.44    4.01
 -68228.429    66.060    12.86    6.21
 -67852.339    73.510    19.81   10.99
 -67476.295    84.494    29.21   14.49
 -67100.295    93.477    23.89   13.16
 -66724.340   103.732    27.28   10.71
 -66348.431   111.426    20.47    9.04
 -65972.566   118.461    18.72    8.28
 -65596.746   124.001    14.74    6.59
 -65220.972   125.510     4.01    6.54
 -64845.242   125.381    -0.34    7.39
 -64469.557   125.605     0.60    9.33
 -64093.917   128.224     6.97   17.60
 -63718.321   133.713    14.62   29.73
 -63342.771   134.145     1.15   37.22
 -62967.265   134.545     1.07   40.33
 -62591.805   127.362   -19.13   33.06
 -62216.389   118.222   -24.35   21.00
 -61841.017   117.113    -2.95   17.71
 -61465.691   114.332    -7.41   18.45
 -61090.409   111.994    -6.23   18.21
 -60715.172   108.887    -8.28   15.77
 -60339.980   108.576    -0.83   12.11
 -59964.832   110.462     5.03   11.48
 -59589.729   108.662    -4.80   11.81
 -59214.671   101.478   -19.15   12.49
 -58839.657    93.682   -20.79    9.74
 -58464.688    87.510   -16.46    9.51
 -58089.763    80.610   -18.40   10.69
 -57714.883    74.542   -16.19   11.54
 -57340.048    68.215   -16.88   10.06
 -56965.257    63.165   -13.47    8.48
 -56590.511    59.684    -9.29    8.90
 -56215.809    56.687    -8.00    9.37
 -55841.152    53.429    -8.70   10.24
 -55466.539    52.510    -2.45   11.45
 -55091.970    50.865    -4.39   11.82
 -54717.446    48.034    -7.56   10.95
 -54342.967    45.176    -7.63    8.38
 -53968.532    42.772    -6.42    5.71
 -53594.141    41.970    -2.14    3.91
 -53219.794    40.881    -2.91    3.32
 -52845.492    40.343    -1.44    2.93
 -52471.235    39.510    -2.23    2.65
 -52097.021    38.374    -3.03    2.03
 -51722.852    37.916    -1.22    1.50
 -51348.727    38.199     0.76    2.04
 -50974.647    38.952     2.01    2.55
 -50600.610    39.993     2.78    2.84
 -50226.618    40.002     0.02    2.96
 -49852.671    39.920    -0.22    3.46
 -49478.767    40.703     2.10    4.06
 -49104.907    42.920     5.93    4.75
 -48731.092    45.018     5.61    4.41
 -48357.321    47.832     7.53    3.87
 -47983.594    49.730     5.08    4.17
 -47609.911    51.236     4.03    4.57
 -47236.272    54.337     8.30    6.18
 -46862.677    56.848     6.72    7.41
 -46489.127    59.510     7.12    8.43
 -46115.620    61.541     5.44    9.17
 -45742.157    63.093     4.15    8.21
 -45368.739    62.865    -0.61    7.34
 -44995.364    63.414     1.47    6.49
 -44622.034    64.800     3.71    7.30
 -44248.747    69.247    11.91    9.34
 -43875.504    73.610    11.69    9.05
 -43502.305    78.010    11.79    8.01
 -43129.150    80.410     6.43    7.62
 -42756.039    78.399    -5.39    8.73
 -42382.972    74.372   -10.79    9.08
 -42009.949    72.332    -5.47    6.75
 -41636.969    74.977     7.09    7.31
 -41264.034    80.752    15.48    9.75
 -40891.142    89.264    22.83   12.27
 -40518.294    99.165    26.56   12.65
 -40145.490   109.276    27.12   10.91
 -39772.729   115.276    16.10   10.11
 -39400.012   121.414    16.47   12.16
 -39027.339   123.001     4.26   14.21
 -38654.710   121.748    -3.36   15.77
 -38282.124   119.096    -7.12   16.04
 -37909.582   119.477     1.02   13.38
 -37537.084   124.926    14.63   12.26
 -37164.629   131.639    18.02   10.21
 -36792.218   134.083     6.56    6.94
 -36419.851   131.687    -6.44   10.20
 -36047.527   125.821   -15.76   14.89
 -35675.247   117.461   -22.46   18.58
 -35303.010   103.446   -37.65   20.33
 -34930.817    90.051   -35.99   18.13
 -34558.667    76.383   -36.73   14.63
 -34186.561    67.323   -24.35    8.46
 -33814.498    65.083    -6.02    6.12
 -33442.479    67.510     6.52    8.98
 -33070.503    75.589    21.72   13.23
 -32698.571    83.967    22.53   12.60
 -32326.682    88.446    12.04   11.41
 -31954.837    86.876    -4.22   14.43
 -31583.035    80.526   -17.08   17.04
 -31211.276    73.910   -17.80   16.50
 -30839.560    68.510   -14.53   13.66
 -30467.888    64.067   -11.95    9.97
 -30096.260    61.985    -5.60    7.86
 -29724.674    60.445    -4.14    4.93
 -29353.132    60.391    -0.15    3.17
 -28981.633    61.316     2.49    3.33
 -28610.178    63.372     5.53    4.99
 -28238.765    67.018     9.82    7.63
 -27867.396    73.071    16.30   10.47
 -27496.070    82.637    25.76   13.00
 -27124.788    92.810    27.40   14.19
 -26753.548   102.367    25.74   13.63
 -26382.352   109.493    19.20   13.06
 -26011.198   111.477     5.34   14.70
 -25640.088   107.805    -9.90   18.20
 -25269.021   103.542   -11.49   17.54
 -24897.997   100.192    -9.03   12.54
 -24527.016   101.316     3.03    9.64
 -24156.078   108.623    19.70   11.00
 -23785.184   116.798    22.04    9.96
 -23414.332   124.494    20.75   12.30
 -23043.523   131.193    18.07   13.36
 -22672.757   133.477     6.16   12.68
 -22302.035   135.372     5.11   11.77
 -21931.355   136.784     3.81   10.28
 -21560.718   139.343     6.90   10.07
 -21190.124   143.768    11.94   10.23
 -20819.573   150.768    18.89   10.47
 -20449.065   159.093    22.47   13.30
 -20078.600   170.870    31.79   16.45
 -19708.177   183.067    32.93   16.84
 -19337.798   198.445    41.52   17.82
 -18967.461   210.657    32.98   17.31
 -18597.167   225.929    41.24   19.53
 -18226.916   241.411    41.82   23.01
 -17856.708   256.155    39.83   22.62
 -17486.542   263.843    20.77   23.12
 -17116.419   257.106   -18.20   30.11
 -16746.339   244.803   -33.25   32.36
 -16376.302   227.445   -46.91   32.26
 -16006.307   208.579   -50.99   23.26
 -15636.355   194.800   -37.24   17.84
 -15266.446   189.426   -14.53   17.82
 -14896.579   186.821    -7.04   19.14
 -14526.755   187.060     0.64   18.75
 -14156.974   183.977    -8.34   16.71
 -13784.648   177.510   -17.37   14.43
 -13406.193   167.332   -26.89   15.43
 -13027.783   154.687   -33.42   15.96
 -12649.417   145.357   -24.66   14.93
 -12271.096   140.985   -11.56   13.21
 -11892.820   136.051   -13.04   13.93
 -11514.589   129.365   -17.68   16.12
 -11136.402   122.313   -18.65   13.83
 -10758.260   122.379     0.17   12.78
 -10380.163   128.926    17.32   15.75
 -10002.111   141.086    32.16   14.22
  -9624.103   151.182    26.71   11.68
  -9246.140   156.941    15.24    9.38
  -8868.221   160.961    10.64    8.91
  -8490.347   163.477     6.66   11.22
  -8112.517   166.123     7.00   16.31
  -7734.733   170.920    12.70   20.58
  -7356.992   173.826     7.70   22.21
  -6979.296   167.106   -17.79   22.62
  -6601.645   156.217   -28.84   22.45
  -6224.038   143.541   -33.57   17.94
  -5846.476   135.493   -21.32   11.95
  -5468.958   138.557     8.12   14.15
  -5091.484   147.674    24.15   15.48
  -4714.055   158.413    28.45   14.25
  -4336.671   167.977    25.34   13.28
  -3959.330   168.933     2.53   16.02
  -3582.034   163.816   -13.56   21.16
  -3204.783   155.630   -21.70   24.09
  -2827.576   140.510   -40.09   29.10
  -2450.413   125.343   -40.21   33.81
  -2073.294   107.083   -48.42   40.48
  -1696.220    81.264   -68.47   45.54
  -1319.190    59.149   -58.66   46.81
   -942.204    36.429   -60.27   41.17
   -565.263    17.176   -51.08   29.71
   -188.365     6.816   -27.49   21.74
    188.488    -0.168   -18.53   12.68
    565.297    -2.687    -6.68    3.07
    942.062    -2.425     0.70    2.08
   1318.782    -1.966     1.22    2.00
   1695.459    -0.649     3.50    2.71
   2072.091     0.910     4.14    3.14
   2448.679     2.264     3.60    3.62
   2825.224     2.742     1.27    4.23
   3201.724     2.381    -0.96    4.98
   3578.180     1.559    -2.18    5.30
   3954.592     1.920     0.96    5.40
   4330.960     2.083     0.44    5.42
   4707.284     2.083     0.00    5.24
   5083.564     4.360     6.05    6.39
   5459.800     7.916     9.45    9.27
   5835.993    11.985    10.82   10.14
   6212.141    15.096     8.27   10.06
   6588.245    18.133     8.07    8.00
   6964.306    19.559     3.79    5.27
   7340.322    18.881    -1.80    3.64
   7716.295    16.788    -5.56    3.31
   8092.224    15.993    -2.12    2.87
   8468.109    16.954     2.56    3.80
   8843.950    19.052     5.58    5.07
   9219.748    22.383     8.86    4.70
   9595.501    24.837     6.53    2.59
   9971.211    25.106     0.72    2.08
  10346.877    23.645    -3.89    3.07
  10722.500    21.660    -5.29    3.53
  11098.078    19.772    -5.03    3.25
  11473.613    19.268    -1.34    2.77
  11849.105    19.760     1.31    2.64
  12224.552    21.154     3.71    2.75
  12599.957    22.411     3.35    2.53
  12975.317    23.320     2.42    2.41
  13350.634    24.018     1.86    2.49
  13725.907    24.984     2.58    2.38
  14101.137    25.938     2.54    2.18
  14476.323    27.051     2.96    2.04
  14851.465    28.510     3.89    2.32
  15226.564    30.287     4.74    2.12
  15601.620    31.376     2.90    1.68
  15976.632    32.058     1.82    1.21
  16351.600    32.234     0.47    1.14
  16726.525    32.936     1.87    1.99
  17101.407    34.492     4.15    3.38
  17476.245    37.276     7.43    5.35
  17851.040    40.626     8.94    6.16
  18225.791    43.365     7.31    5.91
  18600.500    46.143     7.41    4.31
  18975.164    47.326     3.16    2.96
  19349.786    47.768     1.18    2.28
  19724.364    48.199     1.15    1.59
  20098.898    48.042    -0.42    1.57
  20473.390    47.734    -0.82    1.70
  20847.838    47.526    -0.55    1.76
  21222.243    47.001    -1.40    1.86
  21596.604    45.843    -3.09    2.63
  21970.923    43.593    -6.01    3.62
  22345.198    41.116    -6.62    3.55
  22719.430    38.393    -7.28    3.31
  23093.619    35.916    -6.62    3.02
  23467.764    33.848    -5.53    3.06
  23841.867    31.703    -5.74    2.78
  24215.926    29.414    -6.12    3.35
  24589.942    26.458    -7.90    4.01
  24963.915    22.573   -10.39    5.49
  25337.845    18.076   -12.03    5.88
  25711.732    14.340    -9.99    4.77
  26085.576    12.171    -5.80    2.85
  26459.377    12.329     0.42    2.82
  26833.135    14.426     5.61    3.26
  27206.850    16.747     6.21    3.42
  27580.522    19.657     7.79    3.56
  27954.151    22.217     6.85    3.85
  28327.737    24.811     6.95    4.28
  28701.280    27.337     6.76    3.41
  29074.780    28.351     2.71    3.94
  29448.238    28.610     0.69    4.67
  29821.652    27.984    -1.67    4.78
  30195.023    27.477    -1.36    4.53
  30568.352    27.772     0.79    4.25
  30941.638    28.001     0.61    4.04
  31314.881    29.103     2.95    4.17
  31688.081    30.313     3.24    4.20
  32061.238    31.303     2.65    3.95
  32434.353    32.081     2.09    3.46
  32807.425    32.958     2.35    3.17
  33180.454    34.123     3.12    3.34
  33553.440    36.018     5.08    3.09
  33926.384    37.626     4.31    2.59
  34299.285    39.215     4.26    2.53
  34672.144    40.476     3.38    2.97
  35044.959    42.226     4.70    3.16
  35417.732    43.544     3.53    3.01
  35790.463    44.848     3.50    3.44
  36163.150    46.355     4.04    3.68
  36535.796    47.657     3.50    3.92
  36908.398    49.387     4.64    3.69
  37280.958    51.284     5.09    3.83
  37653.476    53.110     4.90    3.60
  38025.951    55.002     5.08    3.13
  38398.383    56.329     3.57    2.64
  38770.773    57.100     2.07    2.42
  39143.121    58.426     3.56    2.35
  39515.426    59.710     3.45    2.48
  39887.688    61.081     3.68    2.37
  40259.909    62.222     3.06    2.18
  40632.086    63.626     3.77    2.39
  41004.222    64.635     2.71    2.09
  41376.315    64.690     0.15    1.87
  41748.365    64.423    -0.72    2.07
  42120.373    63.106    -3.54    2.45
  42492.339    61.280    -4.91    2.60
  42864.263    60.329    -2.56    2.56
  43236.144    59.346    -2.64    2.43
  43607.983    58.756    -1.59    2.70
  43979.780    58.074    -1.83    2.84
  44351.534    56.393    -4.52    3.76
  44723.246    54.793    -4.30    3.54
  45094.916    53.527    -3.41    3.23
  45466.544    53.316    -0.57    3.34
  45838.130    54.389     2.89    3.11
  46209.673    55.641     3.37    2.54
  46581.174    57.028     3.73    2.04
  46952.633    58.010     2.64    2.03
  47324.050    58.713     1.89    2.07
  47695.425    59.494     2.10    2.37
  48066.758    60.293     2.15    2.44
  48438.048    61.293     2.69    2.46
  48809.297    62.693     3.77    2.14
  49180.503    63.706     2.73    2.43
  49551.668    65.143     3.87    2.12
  49922.790    66.188     2.81    1.95
  50293.871    67.558     3.69    2.00
  50664.909    68.510     2.56    1.92
  51035.906    69.510     2.70    2.05
  51406.860    70.268     2.04    1.61
  51777.773    69.936    -0.90    1.84
  52148.643    69.372    -1.52    2.42
  52519.472    67.577    -4.84    2.77
  52890.259    65.730    -4.98    2.30
  53261.004    64.365    -3.68    1.80
  53631.707    63.154    -3.27    1.51
  54002.368    62.920    -0.63    1.75
  54372.988    62.133    -2.12    1.93
  54743.565    61.376    -2.04    2.02
  55114.101    60.272    -2.98    2.14
  55484.595    59.086    -3.20    1.81
  55855.047    57.961    -3.04    1.92
  56225.458    56.699    -3.41    1.66
  56595.826    55.976    -1.95    1.68
  56966.153    55.170    -2.18    1.40
  57336.439    55.090    -0.22    1.39
  57706.682    55.010    -0.22    1.27
  58076.884    55.219     0.57    1.52
  58447.045    55.171    -0.13    1.45
  58817.163    55.188     0.05    1.49
  59187.240    54.810    -1.02    1.79
  59557.276    54.929     0.32    1.76
  59927.269    54.710    -0.59    1.72
  60297.222    54.493    -0.59    1.58
  60667.132    54.543     0.14    1.48
  61038.528    54.310    -0.63    1.34
  61416.888    54.043    -0.70    1.14
  61795.205    54.182     0.37    1.07
  62173.478    54.018    -0.43    1.10
  62551.707    53.900    -0.31    1.13
  62929.893    53.626    -0.72    1.35
  63308.036    53.176    -1.19    1.34
  63686.134    52.592    -1.55    1.28
  64064.189    49.610    -7.89    5.48
  64442.201    47.820    -4.73    6.41
  64820.169    48.182     0.96    6.74
  65198.094    49.303     2.97    6.72
  65575.975    52.035     7.23    3.84
  65953.813    53.076     2.76    1.36
  66331.607    51.215    -4.93    4.29
  66709.358    46.052   -13.67    7.80
  67087.065    41.860   -11.10    7.86
  67464.729    41.706    -0.41    7.51
  67842.350    42.229     1.38    7.65
  68219.927    44.527     6.08    7.27
  68597.461    47.676     8.34    6.43
  68974.952    48.428     1.99    6.63
  69352.399    48.360    -0.18    6.93
  69729.804    48.781     1.12    6.82
  70107.164    48.655    -0.33    6.80
  70484.482    48.124    -1.41    7.07
  70861.756    47.133    -2.63    7.53
  71238.987    47.611     1.27    7.17
  71616.175    47.160    -1.20    7.08
  71993.320    45.870    -3.42    7.19
  72370.421    45.276    -1.58    6.87
  72747.480    46.671     3.70    6.86
  73124.495    46.768     0.26    6.86
  73501.467    47.411     1.71    6.61
  73878.396    47.054    -0.95    6.48
  74255.282    47.139     0.23    6.42
  74632.124    48.693     4.12    6.25
  75008.924    50.391     4.51    5.64
  75385.681    51.832     3.83    4.69
  75762.394    52.443     1.62    4.40
  76139.065    53.374     2.47    2.92
  76515.693    52.141    -3.27    4.51
  76892.277    50.887    -3.33    5.03
  77268.819    50.018    -2.31    5.18
  77645.318    49.137    -2.34    4.85
  78021.774    49.510     0.99    4.69
  78398.186    49.171    -0.90    4.54
  78774.556    49.713     1.44    4.62
  79150.884    49.916     0.54    4.85
  79527.168    49.936     0.05    4.51
  79903.409    50.423     1.30    4.35
  80279.608    51.526     2.93    3.86
  80655.763    53.188     4.42    2.06
  81031.876    53.593     1.08    1.55
  81407.947    53.837     0.65    1.44
  81783.974    53.693    -0.38    1.84
  82159.959    53.351    -0.91    1.50
  82535.900    53.222    -0.34    1.41
  82911.800    52.993    -0.61    1.31
  83287.656    53.110     0.31    1.33
  83663.470    53.494     1.02    1.48
  84039.241    53.768     0.73    1.53
  84414.969    54.051     0.75    1.31
  84790.655    54.083     0.09    1.26
  85166.298    54.160     0.20    1.22
  85541.899    54.234     0.20    1.10
  85917.457    54.224    -0.03    1.11
  86292.972    54.477     0.67    1.02
  86668.445    54.653     0.47    0.98
  87043.875    54.736     0.22    1.09
  87419.263    54.933     0.53    1.16
  87794.608    55.069     0.36    1.22
  88169.911    55.210     0.37    1.27
  88545.171    55.116    -0.25    1.26
  88920.389    55.313     0.52    1.06
  89295.564    55.188    -0.33    1.07
  89670.697    55.002    -0.50    0.87
  90045.788    55.188     0.50    0.83
  90420.836    55.086    -0.27    0.91
  90795.842    55.272     0.50    0.97
  91170.805    55.287     0.04    0.99
  91545.726    55.592     0.81    1.00
  91920.605    56.001     1.09    0.97
  92295.441    56.494     1.31    1.05
  92670.235    56.781     0.77    0.96
  93044.987    57.293     1.37    1.08
  93419.696    57.441     0.39    1.04
  93794.363    57.756     0.84    1.09
  94168.988    58.103     0.93    1.23
  94543.571    58.594     1.31    1.36
  94918.111    59.126     1.42    1.37
  95292.610    59.611     1.30    1.14
  95667.066    60.044     1.16    1.19
  96041.480    60.459     1.11    1.27
  96415.852    60.913     1.21    1.11
  96790.181    61.492     1.55    1.05
  97164.469    61.903     1.10    1.10
  97538.714    62.278     1.00    1.21
  97912.918    62.657     1.01    1.11
  98287.079    63.124     1.25    1.24
  98661.198    63.083    -0.11    1.27
  99035.275    63.149     0.18    1.17
  99409.311    63.476     0.87    1.22
  99783.304    63.713     0.63    1.20
 100157.255    64.278     1.51    1.21
 100531.164    64.960     1.82    1.52
 100905.031    65.831     2.33    1.28
 101278.857    66.952     3.00    1.58
 101652.640    67.900     2.53    1.63
 102026.382    68.883     2.63    1.86
 102400.081    69.876     2.66    1.72
 102773.739    70.411     1.43    1.56
 103147.355    71.243     2.23    1.84
 103520.929    71.975     1.96    1.61
 103894.461    72.445     1.26    1.48
 104267.951    73.165     1.93    1.43
 104641.400    73.803     1.71    1.70
 105014.806    75.106     3.49    2.40
 105388.171    76.624     4.07    2.21
 105761.495    77.510     2.37    1.52
 106134.776    77.337    -0.46    1.62
 106508.016    76.444    -2.39    1.84
 106881.214    75.660    -2.10    1.72
 107254.370    74.883    -2.08    1.56
 107627.485    74.408    -1.27    1.77
 108000.558    74.090    -0.85    1.77
 108373.589    73.948    -0.38    1.96
 108746.579    74.393     1.19    2.06
 109119.527    73.750    -1.72    2.62
 109492.433    72.626    -3.01    2.94
 109865.298    70.803    -4.89    3.00
 110238.121    68.414    -6.41    3.01
 110610.903    65.696    -7.29    3.51
 110983.643    62.906    -7.48    4.11
 111356.342    61.510    -3.75    3.77
 111728.999    61.747     0.64    4.62
 112101.615    63.234     3.99    4.85
 112474.189    64.476     3.33    3.76
 112846.722    62.756    -4.62    4.50
 113219.213    59.751    -8.07    4.60
 113591.663    56.426    -8.93    4.04
 113964.071    54.665    -4.73    2.81
 114336.438    54.816     0.41    2.76
 114708.764    55.820     2.70    2.90
 115081.048    55.679    -0.38    3.55
 115453.291    55.805     0.34    3.25
 115825.493    56.160     0.95    3.36
 116197.653    57.713     4.17    4.46
 116569.772    59.751     5.48    3.90
 116941.850    60.559     2.17    3.31
 117313.886    59.295    -3.40    4.19
 117685.881    57.542    -4.71    3.93
 118057.835    56.055    -4.00    3.76
 118429.748    56.272     0.58    3.51
 118801.619    57.459     3.19    3.68
 119173.449    58.827     3.68    3.94
 119545.238    61.060     6.00    3.87
 119916.986    62.611     4.17    4.04
 120288.693    64.362     4.71    4.19
 120660.358    66.255     5.09    4.22
 121031.983    68.286     5.46    3.38
 121403.566    69.628     3.61    3.55
 121775.108    70.772     3.08    3.29
 122146.609    71.958     3.19    3.26
 122518.069    73.165     3.25    2.95
 122889.488    74.146     2.64    2.68
 123260.866    75.559     3.80    2.55
 123632.203    77.096     4.14    2.02
 124003.499    78.575     3.98    2.15
 124374.754    80.069     4.02    1.90
 124745.968    80.764     1.87    1.47
 125117.141    80.916     0.41    1.23
 125488.273    80.444    -1.27    1.48
 125859.364    79.717    -1.96    1.51
 126230.414    79.079    -1.72    1.77
 126601.424    78.182    -2.42    1.85
 126972.392    77.896    -0.77    1.68
 127343.319    78.199     0.82    1.42
 127714.206    77.795    -1.09    1.95
 128085.052    78.116     0.87    2.01
 128455.857    78.510     1.06    1.88
 128826.621    79.113     1.63    1.69
 129197.345    79.264     0.41    1.45
 129568.027    78.781    -1.30    1.69
 129938.669    78.272    -1.37    2.02
 130309.270    77.610    -1.79    2.36
 130679.830    77.810     0.54    2.19
 131050.350    78.153     0.93    2.08
 131420.829    78.198     0.12    1.52
 131791.267    78.106    -0.25    1.58
 132161.665    77.154    -2.57    1.51
 132532.022    76.389    -2.06    1.35
 132902.338    76.641     0.68    2.02
 133272.614    78.229     4.29    3.64
 133642.849    80.408     5.88    3.85
 134013.043    81.596     3.21    2.82
 134383.197    80.313    -3.47    3.52
 134753.310    76.724    -9.70    5.20
 135123.383    72.374   -11.75    5.84
 135493.415    67.193   -14.00    5.42
 135863.981    64.120    -8.29    4.11
 136242.252    61.803    -6.12    3.45
 136620.480    59.928    -4.96    3.38
 136998.667    57.943    -5.25    3.64
 137376.810    55.385    -6.76    2.93
 137754.912    53.606    -4.70    3.08
 138132.970    51.798    -4.78    2.24
 138510.987    50.923    -2.31    1.62
 138888.961    50.693    -0.61    1.66
 139266.892    50.492    -0.53    1.71
 139644.781    50.120    -0.99    2.00
 140022.628    49.717    -1.07    2.19
 140400.433    48.461    -3.32    2.28
 140778.195    47.205    -3.32    2.63
 141155.915    45.493    -4.53    2.76
 141533.592    43.526    -5.21    2.94
 141911.227    41.289    -5.92    3.70
 142288.820    38.855    -6.45    3.75
 142666.371    36.563    -6.07    3.14
 143043.879    34.674    -5.00    2.56
 143421.346    33.406    -3.36    1.99
 143798.770    32.492    -2.42    1.07
 144176.152    32.280    -0.56    1.01
 144553.491    31.943    -0.89    1.51
 144930.789    31.320    -1.65    1.91
 145308.044    30.760    -1.49    1.88
 145685.257    30.222    -1.43    1.83
 146062.429    29.867    -0.94    1.82
 146439.558    29.772    -0.25    1.58
 146816.645    29.594    -0.47    1.47
 147193.689    30.205     1.62    1.68
 147570.692    30.984     2.07    1.37
 147947.653    31.199     0.57    1.08
 148324.572    31.376     0.47    1.41
 148701.449    30.941    -1.16    2.52
 149078.284    28.510    -6.45    5.01
 149455.076    24.577   -10.43    6.67
 149831.827    19.613   -13.17    5.99
 150208.536    15.843   -10.01    3.60
 150585.203    14.018    -4.84    1.69
 150961.828    13.458    -1.49    0.85
 151338.412    13.406    -0.14    0.85
 151714.953    13.362    -0.12    0.96
 152091.452    13.372     0.03    1.08
 152467.910    13.217    -0.41    1.48
 152844.326    13.035    -0.48    1.70
 153220.700    13.060     0.07    1.72
 153597.032    13.648     1.56    2.59
 153973.322    14.594     2.52    3.15
 154349.571    16.903     6.14    3.95
 154725.778    18.760     4.93    3.83
 155101.943    19.329     1.51    3.98
 155478.066    19.843     1.37    3.87
 155854.148    20.286     1.18    3.77
 156230.188    20.936     1.73    3.85
 156606.186    20.969     0.09    4.56
 156982.143    20.251    -1.91    4.94
 157358.058    19.027    -3.26    5.50
 157733.932    17.198    -4.86    5.68
 158109.763    14.885    -6.15    5.00
 158485.554    12.685    -5.85    3.36
 158861.302    11.815    -2.32    2.84
 159237.009    11.706    -0.29    2.38
 159612.675    11.941     0.62    1.97
 159988.299    12.713     2.06    2.33
 160363.881    12.945     0.62    1.96
 160739.422    12.861    -0.23    1.94
 161114.921    12.960     0.26    1.61
 161490.379    12.862    -0.26    1.35
 161865.796    13.426     1.50    1.41
 162241.171    13.913     1.30    1.08
 162616.505    13.690    -0.59    1.38
 162991.797    12.393    -3.46    1.90
 163367.048    11.117    -3.40    2.25
 163742.257     9.854    -3.37    2.11
 164117.425     9.099    -2.01    1.66
 164492.552     9.310     0.56    2.22
 164867.637     8.773    -1.43    2.46
 165242.681     8.264    -1.36    2.57
 165617.684     7.199    -2.84    1.79
 165992.645     6.751    -1.20    1.27
 166367.565     6.626    -0.33    1.15
 166742.444     6.357    -0.72    1.19
 167117.282     6.199    -0.42    1.03
 167492.078     6.124    -0.20    1.03
 167866.834     6.133     0.02    1.11
 168241.548     6.260     0.34    1.19
 168616.220     6.593     0.89    1.39
 168990.852     6.289    -0.81    1.37
 169365.442     6.268    -0.06    1.27
 169739.992     5.786    -1.29    1.44
 170114.500     5.018    -2.05    1.32
 170488.967     4.544    -1.26    1.49
 170863.393     3.983    -1.50    1.51
 171237.778     3.723    -0.70    1.33
 171612.122     3.528    -0.52    1.15
 171986.425     3.372    -0.42    1.03
 172360.686     3.561     0.51    1.03
 172734.907     3.559    -0.01    1.16
 173109.087     3.630     0.19    1.16
 173483.226     3.900     0.72    1.45
 173857.323     4.219     0.85    1.75
 174231.380     4.825     1.62    1.95
 174605.396     5.276     1.21    1.90
 174979.371     5.287     0.03    1.79
 175353.305     4.860    -1.14    1.86
 175727.198     4.176    -1.83    1.74
 176101.050     3.219    -2.56    1.80
 176474.862     2.527    -1.85    1.49
 176848.632     2.561     0.09    1.93
 177222.362     2.306    -0.68    2.02
 177596.051     2.255    -0.14    1.54
 177969.699     2.061    -0.52    1.48
 178343.306     2.018    -0.12    1.47
 178716.873     1.969    -0.13    1.57
 179090.398     2.010     0.11    1.84
 179463.883     1.960    -0.13    1.85
 179837.327     1.928    -0.09    1.56
 180210.731     1.941     0.03    1.37
 180584.094     1.679    -0.70    1.28
 180957.416     1.426    -0.68    1.33
 181330.697     1.103    -0.87    1.12
 181703.938     0.742    -0.97    1.04
 182077.138     0.395    -0.93    1.16
 182450.297     0.369    -0.07    1.03
 182823.416     0.199    -0.46    1.14
 183196.495     0.420     0.59    1.59
 183569.532     0.608     0.50    1.65
 183942.529     0.264    -0.92    1.63
 184315.486     0.165    -0.27    1.37
 184688.402    -0.033    -0.53    1.07
 185061.277    -0.151    -0.32    1.14
 185434.112    -0.180    -0.08    1.10
 185806.907    -0.283    -0.28    1.15
 186179.661    -0.524    -0.65    1.10
 186552.374    -0.508     0.04    1.08
 186925.047    -0.490     0.05    1.15
 187297.680    -0.508    -0.05    1.04
 187670.272    -0.687    -0.48    1.03
 188042.824    -0.714    -0.07    1.01
 188415.335    -0.769    -0.15    1.10
 188787.806    -0.801    -0.08    1.30
 189160.237    -1.040    -0.64    1.37
 189532.627    -1.507    -1.25    1.42
 189904.977    -1.946    -1.18    1.43
 190277.286    -1.542     1.09    1.64
 190649.556    -0.854     1.85    1.93
 191021.785     0.193     2.81    1.79
 191393.973     1.153     2.58    0.88
 191766.122     1.329     0.48    0.72
 192138.230     1.527     0.53    0.80
 192510.298     1.808     0.76    0.98
 192882.326     2.086     0.75    1.04
 193254.313     2.222     0.36    0.97
 193626.261     1.992    -0.62    1.13
 193998.168     1.594    -1.07    1.00
 194370.035     1.100    -1.33    1.07
 194741.862     0.755    -0.93    0.85
 195113.649     0.443    -0.84    0.82
 195485.395     0.047    -1.07    0.91
 195857.102    -0.244    -0.78    0.87
 196228.768    -0.543    -0.80    0.95
 196600.394    -1.064    -1.40    0.97
 196971.981    -1.249    -0.50    1.06
 197343.527    -0.870     1.02    1.52
 197715.033     0.018     2.39    2.02
 198086.499     0.950     2.51    1.82
 198457.926     1.372     1.13    1.33
 198829.312     0.967    -1.09    1.58
 199200.658     0.051    -2.47    1.66
 199571.964    -0.525    -1.55    1.28
 199943.231    -0.707    -0.49    1.06
 200314.457    -0.563     0.39    1.10
 200685.644    -0.421     0.38    1.07
 201056.790    -0.245     0.48    0.99
 201427.897    -0.031     0.57    1.10
 201798.964     0.247     0.75    1.03
 202169.991     0.665     1.13    1.18
 202540.978     0.943     0.75    1.20
 202911.925     1.165     0.60    1.34
 203282.833     1.441     0.74    1.44
 203653.700     1.577     0.37    1.32
 204024.528     1.665     0.24    1.12
 204395.316     1.597    -0.18    0.97
 204766.065     1.608     0.03    0.91
 205136.773     1.706     0.26    0.82
 205507.442     1.751     0.12    0.96
 205878.071     1.692    -0.16    0.98
 206248.661     1.443    -0.67    1.13
 206619.211     1.264    -0.48    1.09
 206989.721     1.193    -0.19    1.20
 207360.191     1.137    -0.15    1.10
 207730.622     1.544     1.10    1.15
 208101.013     2.113     1.54    1.32
 208471.365     2.527     1.12    1.33
 208841.677     3.561     2.79    1.70
 209211.949     4.630     2.89    1.77
 209582.182     5.559     2.51    1.65
 209952.375     6.010     1.22    1.71
 210322.529     6.303     0.79    1.50
 210692.643     6.658     0.96    1.29
 211070.566     7.093     1.15    1.29
 211448.706     7.738     1.70    1.20
 211826.805     8.723     2.60    1.43
 212204.862     9.560     2.21    1.23
 212582.878    10.260     1.85    1.10
 212960.852    10.772     1.36    0.89
 213338.786    11.128     0.94    0.91
 213716.678    11.682     1.47    0.98
 214094.528    12.044     0.96    1.03
 214472.338    12.460     1.10    1.06
 214850.106    12.872     1.09    0.83
 215227.832    12.992     0.32    0.86
 215605.518    13.252     0.69    0.97
 215983.162    13.310     0.15    1.08
 216360.766    13.543     0.62    1.02
 216738.328    13.801     0.68    1.10
 217115.848    14.027     0.60    1.03
 217493.328    14.369     0.91    0.95
 217870.767    14.476     0.28    0.96
 218248.164    14.768     0.77    0.91
 218625.520    14.983     0.57    1.00
 219002.835    14.985     0.00    1.01
 219380.109    15.045     0.16    0.97
 219757.342    15.089     0.11    1.00
 220134.534    14.984    -0.28    1.07
 220511.685    15.137     0.40    1.13
 220888.795    14.906    -0.61    1.15
 221265.864    15.113     0.55    1.09
 221642.892    15.226     0.30    1.14
 222019.879    15.295     0.18    1.02
 222396.825    15.426     0.35    0.98
 222773.729    15.389    -0.10    1.01
 223150.594    15.352    -0.10    0.92
 223527.417    15.579     0.60    0.83
 223904.199    15.668     0.24    0.80
 224280.940    15.682     0.04    0.78
 224657.641    15.637    -0.12    0.75
 225034.300    15.526    -0.29    0.72
 225410.919    15.334    -0.51    0.68
 225787.497    15.229    -0.28    0.86
 226164.034    15.323     0.25    0.90
 226540.530    15.303    -0.05    0.93
 226916.985    15.422     0.32    0.85
 227293.400    15.492     0.19    0.86
 227669.774    15.323    -0.45    1.03
 228046.107    15.313    -0.03    1.07
 228422.400    15.326     0.03    1.05
 228798.652    15.408     0.22    0.96
 229174.863    15.561     0.41    1.03
 229551.033    15.826     0.70    0.91
 229927.163    15.832     0.01    0.90
 230303.252    15.896     0.17    0.94
 230679.300    15.544    -0.93    0.86
 231055.308    15.510    -0.09    0.86
 231431.275    15.510     0.00    0.95
 231807.202    15.786     0.73    1.04
 232183.088    16.052     0.71    1.13
 232558.933    16.001    -0.14    1.27
 232934.738    15.941    -0.16    1.33
 233310.503    15.825    -0.31    1.14
 233686.226    15.832     0.02    1.09
 234061.910    15.974     0.38    0.89
 234437.553    15.985     0.03    0.92
 234813.155    15.906    -0.21    0.88
 235188.717    15.808    -0.26    0.82
 235564.238    15.628    -0.48    0.91
 235939.719    15.544    -0.22    1.04
 236315.160    15.545     0.00    1.02
 236690.560    15.475    -0.19    1.07
 237065.920    15.544     0.18    1.03
 237441.239    15.492    -0.14    0.92
 237816.518    15.526     0.09    0.81
 238191.757    15.458    -0.18    0.85
 238566.956    15.406    -0.14    0.87
 238942.114    15.391    -0.04    0.87
 239317.231    15.391     0.00    0.89
 239692.309    15.352    -0.10    0.96
 240067.346    15.286    -0.18    0.92
 240442.343    15.476     0.51    0.99
 240817.300    15.599     0.33    0.88
 241192.216    15.760     0.43    0.93
 241567.093    15.615    -0.39    0.99
 241941.929    15.440    -0.47    1.00
 242316.725    15.372    -0.18    1.02
 242691.480    15.389     0.05    0.86
 243066.196    15.475     0.23    0.80
 243440.871    15.545     0.19    0.78
 243815.507    15.624     0.21    0.84
 244190.102    15.546    -0.21    0.96
 244564.657    15.303    -0.65    1.10
 244939.172    15.124    -0.48    1.05
 245313.647    14.958    -0.44    1.10
 245688.082    15.027     0.18    1.05
 246062.477    15.272     0.66    0.77
 246436.831    15.234    -0.10    0.79
 246811.146    15.036    -0.53    0.89
 247185.421    14.676    -0.96    0.81
 247559.656    14.670    -0.02    0.91
 247933.851    14.422    -0.66    0.87
 248308.006    14.331    -0.24    0.92
 248682.121    14.061    -0.72    0.90
 249056.196    13.751    -0.83    0.84
 249430.231    13.544    -0.55    0.91
 249804.226    13.374    -0.45    0.90
 250178.182    13.331    -0.11    0.90
 250552.097    13.210    -0.32    0.85
 250925.973    13.176    -0.09    0.89
 251299.809    13.165    -0.03    0.87
 251673.605    13.206     0.11    0.81
 252047.361    13.280     0.20    0.78
 252421.077    13.242    -0.10    0.77
 252794.754    13.148    -0.25    0.85
 253168.391    13.103    -0.12    0.85
 253541.988    13.036    -0.18    0.87
 253915.545    13.096     0.16    0.94
 254289.063    13.201     0.28    0.86
 254662.541    13.182    -0.05    0.87
 255035.979    13.250     0.18    0.89
 255409.377    13.395     0.39    0.88
 255782.736    13.282    -0.30    0.93
 256156.055    13.251    -0.08    0.89
 256529.335    13.194    -0.15    0.91
 256902.575    13.001    -0.52    0.80
 257275.775    13.141     0.38    0.79
 257648.936    13.141     0.00    0.96
 258022.057    13.442     0.81    1.03
 258395.139    13.310    -0.35    1.11
 258768.181    13.329     0.05    1.20
 259141.183    13.563     0.63    1.12
 259514.146    13.597     0.09    1.06
 259887.070    13.633     0.09    0.91
 260259.954    13.475    -0.42    0.92
 260632.798    13.630     0.42    0.94
 261005.603    13.662     0.09    0.87
 261378.369    13.820     0.42    0.86
 261751.095    13.773    -0.13    0.88
 262123.782    13.676    -0.26    0.92
 262496.429    13.437    -0.64    0.92
 262869.037    13.251    -0.50    0.93
 263241.606    13.110    -0.38    0.78
 263614.135    13.110     0.00    0.72
 263986.624    12.974    -0.36    0.71
 264359.075    12.866    -0.29    0.85
 264731.486    12.696    -0.45    0.94
 265103.858    12.527    -0.45    0.98
 265476.190    12.268    -0.69    0.94
 265848.484    12.234    -0.09    0.87
 266220.738    12.206    -0.07    0.91
 266592.952    12.128    -0.21    0.80
 266965.128    12.069    -0.16    0.86
 267337.264    12.081     0.03    0.89
 267709.361    11.776    -0.82    0.95
 268081.419    11.597    -0.48    1.01
 268453.437    11.492    -0.28    0.90
 268825.417    11.475    -0.05    1.04
 269197.357    11.442    -0.09    1.06
 269569.258    11.475     0.09    1.03
 269941.120    11.562     0.24    0.93
 270312.943    11.443    -0.32    0.95
 270684.727    11.349    -0.25    0.78
 271056.472    11.103    -0.66    0.79
 271428.177    10.991    -0.30    0.84
 271799.844    10.889    -0.27    0.81
 272171.472    10.867    -0.06    0.82
 272543.060    10.788    -0.21    0.80
 272914.610    10.615    -0.47    0.75
 273286.120    10.475    -0.38    0.86
 273657.592    10.442    -0.09    0.78
 274029.024    10.438    -0.01    0.78
 274400.418    10.352    -0.23    0.77
 274771.772    10.237    -0.31    0.71
 275143.088    10.096    -0.38    0.88
 275514.365    10.073    -0.06    0.96
 275885.602    10.165     0.25    0.93
 276256.801    10.292     0.34    1.03
 276627.961    10.389     0.26    0.92
 276999.082    10.387    -0.01    0.83
 277370.165    10.457     0.19    0.81
 277741.208    10.403    -0.15    0.91
 278112.213    10.372    -0.08    0.94
 278483.179    10.561     0.51    0.94
 278854.106    10.615     0.14    0.94
 279224.994    10.395    -0.59    0.91
 279595.844    10.438     0.12    0.93
 279966.654    10.389    -0.13    0.92
 280337.426    10.491     0.28    0.86
 280708.160    10.510     0.05    0.77
 281078.854    10.710     0.54    0.85
 281449.510    10.693    -0.04    0.79
 281820.127    10.825     0.36    0.87
 282190.706    10.913     0.24    0.96
 282561.245    10.958     0.12    1.05
 282931.747    11.044     0.23    1.01
 283302.209    10.878    -0.45    0.92
 283672.633    10.820    -0.16    0.78
 284043.018    10.630    -0.51    0.82
 284413.365    10.440    -0.52    0.86
 284783.673    10.343    -0.26    0.83
 285153.943    10.510     0.45    0.88
 285524.174    10.596     0.23    0.88
 285901.270    10.673     0.21    0.86
 286279.325    10.544    -0.34    1.08
 286657.339    10.440    -0.28    1.12
 287035.313    10.459     0.05    1.12
 287413.246    10.596     0.36    1.05
 287791.140    10.825     0.61    1.02
 288168.993    11.001     0.46    1.26
 288546.806    11.037     0.09    1.27
 288924.578    10.849    -0.50    1.27
 289302.310    10.510    -0.90    1.07
 289680.003    10.527     0.05    0.96
 290057.655    10.247    -0.74    0.99
 290435.266     9.974    -0.72    1.03
 290812.838     9.154    -2.17    1.44
 291190.370     8.206    -2.51    1.67
 291567.861     7.239    -2.56    1.68
 291945.312     6.391    -2.24    1.26
 292322.723     6.251    -0.37    1.48
 292700.094     6.425     0.46    1.68
 293077.425     6.406    -0.05    1.76
 293454.716     6.153    -0.67    1.58
 293831.967     5.602    -1.46    1.39
 294209.178     5.137    -1.23    1.23
 294586.349     4.635    -1.33    1.10
 294963.480     4.510    -0.33    1.08
 295340.571     4.613     0.27    0.99
 295717.622     5.170     1.48    1.03
 296094.633     5.993     2.18    1.33
 296471.604     6.843     2.25    1.50
 296848.535     7.668     2.19    1.57
 297225.426     8.545     2.33    1.21
 297602.277     9.027     1.28    0.88
 297979.089     9.268     0.64    0.76
 298355.860     9.086    -0.48    0.93
 298732.592     8.340    -1.98    1.58
 299109.284     7.268    -2.84    1.88
 299485.936     6.544    -1.92    1.60
 299862.548     6.273    -0.72    1.50
 300239.120     6.492     0.58    1.38
 300615.653     6.967     1.26    1.09
 300992.146     7.217     0.66    0.90
 301368.599     7.387     0.45    1.00
 301745.012     7.387     0.00    1.09
 302121.386     7.391     0.01    0.95
 302497.720     7.206    -0.49    0.89
 302874.014     6.747    -1.22    1.07
 303250.269     5.941    -2.14    1.27
 303626.483     5.369    -1.52    1.26
 304002.659     4.713    -1.74    0.78
 304378.794     4.734     0.06    0.92
 304754.890     4.742     0.02    0.97
 305130.946     4.437    -0.81    1.21
 305506.963     4.069    -0.98    1.24
 305882.940     3.438    -1.68    1.02
 306258.878     3.193    -0.65    0.98
 306634.776     3.251     0.15    1.04
 307010.634     3.372     0.32    1.02
 307386.453     3.648     0.73    0.87
 307762.233     3.768     0.32    0.93
 308137.973     4.099     0.88    0.78
 308513.673     4.510     1.09    1.03
 308889.334     5.289     2.07    1.38
 309264.956     6.135     2.25    1.32
 309640.538     6.699     1.50    1.08
 310016.080     7.148     1.19    1.15
 310391.584     7.510     0.96    1.15
 310767.047     8.110     1.60    1.32
 311142.472     8.653     1.45    1.03
 311517.857     8.861     0.55    0.83
 311893.203     8.899     0.10    0.83
 312268.509     9.018     0.32    0.88
 312643.776     9.385     0.98    0.90
 313019.004     9.645     0.69    0.94
 313394.192     9.786     0.37    1.01
 313769.341    10.045     0.69    1.04
 314144.451    10.247     0.54    1.05
 314519.522    10.328     0.21    0.80
 314894.553    10.510     0.48    0.84
 315269.545    10.528     0.05    0.81
 315644.498    10.408    -0.32    0.84
 316019.412    10.528     0.32    0.82
 316394.286    10.442    -0.23    0.85
 316769.122    10.423    -0.05    0.90
 317143.918    10.403    -0.06    0.95
 317518.675    10.410     0.02    0.93
 317893.393    10.340    -0.19    0.91
 318268.071    10.352     0.03    0.82
 318642.711    10.273    -0.21    0.82
 319017.312    10.124    -0.40    0.84
 319391.873     9.956    -0.45    0.87
 319766.396     9.906    -0.13    0.84
 320140.879    10.018     0.30    0.73
 320515.323    10.092     0.20    0.71
 320889.728    10.193     0.27    0.75
 321264.095    10.037    -0.42    0.77
 321638.422    10.028    -0.03    0.87
 322012.710    10.019    -0.02    0.90
 322386.960    10.299     0.75    1.05
 322761.170    10.528     0.61    0.99
 323135.341    10.645     0.31    0.90
 323509.474    10.650     0.01    0.79
 323883.568    10.349    -0.80    0.91
 324257.622     9.883    -1.25    0.95
 324631.638     9.778    -0.28    0.94
 325005.615     9.599    -0.48    0.90
 325379.553     9.658     0.16    0.88
 325753.452     9.633    -0.07    0.95
 326127.313     9.545    -0.23    0.95
 326501.134     9.660     0.31    0.90
 326874.917     9.808     0.40    0.84
 327248.661     9.813     0.01    0.76
 327622.366     9.887     0.20    0.76
 327996.033     9.983     0.26    0.78
 328369.660     9.738    -0.66    0.91
 328743.249     9.676    -0.16    1.06
 329116.800     9.475    -0.54    1.24
 329490.311     9.295    -0.48    1.29
 329863.784     9.395     0.27    1.29
 330237.218     9.760     0.98    1.21
 330610.614     9.896     0.36    1.06
 330983.970    10.239     0.92    1.05
 331357.289    10.545     0.82    0.85
 331730.568    10.594     0.13    0.84
 332103.809    10.528    -0.18    0.81
 332477.012    10.355    -0.47    0.93
 332850.175    10.250    -0.28    1.01
 333223.301    10.120    -0.35    0.98
 333596.387     9.885    -0.63    0.89
 333969.435     9.803    -0.22    0.86
 334342.445     9.665    -0.37    0.83
 334715.416     9.545    -0.32    0.82
 335088.348     9.682     0.37    0.94
 335461.242     9.795     0.30    0.93
 335834.098     9.706    -0.24    0.86
 336206.915     9.639    -0.18    0.85
 336579.694     9.306    -0.89    0.78
 336952.434     9.045    -0.70    0.76
 337325.136     9.001    -0.12    0.82
 337697.799     9.010     0.02    0.86
 338070.424     9.001    -0.02    0.85
 338443.011     9.103     0.27    0.77
 338815.559     9.141     0.10    0.77
 339188.069     9.279     0.37    0.67
 339560.541     9.279     0.00    0.67
