-142323.359   329.188     0.00    5.04
-141949.120   328.559    -1.68    5.59
-141574.926   326.768    -4.79    6.74
-141200.777   325.897    -2.33    7.60
-140826.673   325.928     0.08    7.97
-140452.615   324.868    -2.83    7.94
-140078.602   321.736    -8.37    8.39
-139704.635   318.964    -7.41    7.03
-139330.713   316.305    -7.11    4.83
-138956.836   313.929    -6.35    4.18
-138583.004   311.759    -5.81    5.28
-138209.218   309.542    -5.93    6.54
-137835.476   308.157    -3.71    6.78
-137461.780   308.693     1.43    5.21
-137088.130   307.780    -2.44    4.23
-136714.524   305.252    -6.77    5.75
-136340.963   301.630    -9.70    8.85
-135967.448   297.429   -11.25   12.95
-135593.978   292.392   -13.49   17.09
-135220.553   287.187   -13.94   18.81
-134847.172   277.478   -26.01   22.50
-134473.837   261.754   -42.12   27.41
-134100.547   242.542   -51.47   23.56
-133727.303   227.742   -39.66   13.27
-133354.103   221.800   -15.92    6.91
-132980.948   222.607     2.16    8.40
-132607.838   229.280    17.89   11.36
-132234.773   237.074    20.89   11.25
-131861.753   244.407    19.66   13.12
-131488.777   253.550    24.52   15.19
-131115.847   263.255    26.03   17.80
-130742.962   272.550    24.93   17.20
-130370.121   278.873    16.96   16.28
-129997.326   282.469     9.65   14.93
-129624.575   284.249     4.78   12.98
-129251.869   287.504     8.73   10.94
-128879.207   290.026     6.77   10.09
-128506.591   290.852     2.22    9.53
-128134.019   294.575     9.99    8.24
-127761.492   297.780     8.61    8.52
-127389.010   302.929    13.83    9.66
-127016.573   307.929    13.43    8.94
-126644.180   313.105    13.90    6.24
-126271.832   314.878     4.76    4.27
-125899.528   314.511    -0.99    4.01
-125527.269   314.059    -1.21    3.49
-125155.055   313.429    -1.69    3.53
-124782.886   312.076    -3.64    4.57
-124410.761   309.709    -6.36    5.34
-124038.680   307.297    -6.48    5.06
-123666.644   305.123    -5.84    3.76
-123294.653   303.157    -5.29    2.07
-122922.706   302.107    -2.82    2.22
-122550.804   300.542    -4.21    2.71
-122178.946   299.010    -4.12    2.59
-121807.132   297.677    -3.58    2.27
-121435.363   296.792    -2.38    2.93
-121063.639   296.042    -2.02    3.33
-120691.959   295.300    -2.00    4.02
-120320.323   293.614    -4.54    4.91
-119948.732   291.109    -6.74    4.96
-119577.185   289.091    -5.43    4.41
-119205.682   286.749    -6.30    3.58
-118834.224   283.429    -8.94    7.61
-118462.810   274.946   -22.84   19.08
-118091.440   260.122   -39.92   26.40
-117720.115   245.365   -39.75   22.41
-117348.834   237.312   -21.69   14.95
-116977.597   236.312    -2.69   11.58
-116606.404   243.138    18.39   13.23
-116235.256   250.820    20.70   12.56
-115864.151   255.768    13.33   10.43
-115493.091   260.321    12.27    8.02
-115122.075   262.839     6.79    7.27
-114751.103   266.074     8.72    5.96
-114380.176   270.042    10.70    5.44
-114009.292   274.935    13.19    5.41
-113638.453   279.456    12.19    5.92
-113267.657   282.649     8.61    5.62
-112896.906   284.232     4.27    5.06
-112526.198   283.376    -2.31    5.60
-112155.535   280.542    -7.64    4.88
-111784.916   278.820    -4.65    2.54
-111414.340   278.429    -1.05    2.60
-111043.809   278.829     1.08    2.56
-110673.322   280.010     3.19    4.37
-110302.878   281.978     5.31    7.11
-109932.479   283.233     3.39    8.61
-109562.123   283.403     0.46    9.03
-109191.811   281.138    -6.12    9.11
-108821.543   278.321    -7.61    7.26
-108451.319   274.236   -11.04    4.82
-108081.139   270.992    -8.76    4.89
-107711.002   268.581    -6.52    4.97
-107340.910   267.309    -3.44    5.28
-106970.861   267.370     0.17    6.30
-106600.856   267.568     0.53    7.04
-106230.895   265.464    -5.69    7.87
-105860.977   260.876   -12.41    6.69
-105491.103   256.884   -10.79    5.49
-105121.273   251.583   -14.33    7.15
-104751.486   243.865   -20.87   11.05
-104381.744   232.687   -30.23   14.28
-104012.044   225.558   -19.29   11.91
-103642.389   222.107    -9.34    7.32
-103268.319   225.649     9.47    8.41
-102889.779   232.360    17.73    8.40
-102511.284   238.008    14.93    5.40
-102132.836   242.324    11.40    5.49
-101754.433   245.642     8.77    5.23
-101376.076   249.090     9.11    6.05
-100997.765   251.607     6.65    5.69
-100619.500   252.042     1.15    5.77
-100241.281   251.478    -1.49    5.92
 -99863.108   249.326    -5.69    5.42
 -99484.980   248.171    -3.05    5.01
 -99106.898   249.353     3.12    5.02
 -98728.862   253.455    10.85    7.51
 -98350.871   256.600     8.32    7.83
 -97972.926   258.365     4.67    7.41
 -97595.027   259.800     3.80    6.58
 -97217.174   259.469    -0.88    5.47
 -96839.366   260.833     3.61    5.25
 -96461.604   262.784     5.17    4.46
 -96083.888   264.199     3.75    4.22
 -95706.217   267.091     7.66    5.35
 -95328.591   270.503     9.03    6.22
 -94951.012   272.946     6.47    6.92
 -94573.477   273.026     0.21    9.21
 -94195.989   271.187    -4.87   11.31
 -93818.546   267.542    -9.66   12.12
 -93441.148   263.349   -11.11   11.34
 -93063.796   259.663    -9.77    9.42
 -92686.489   257.598    -5.47    6.82
 -92309.228   257.632     0.09    6.69
 -91932.012   258.741     2.94    6.96
 -91554.841   260.752     5.33    6.64
 -91177.716   260.928     0.47    6.12
 -90800.636   260.392    -1.42    6.03
 -90423.602   260.297    -0.25    7.34
 -90046.613   260.904     1.61    9.38
 -89669.669   262.732     4.85   11.41
 -89292.771   266.817    10.84   10.52
 -88915.918   269.397     6.85    8.25
 -88539.110   269.878     1.28    5.86
 -88162.347   268.059    -4.83    5.84
 -87785.630   265.381    -7.11    5.67
 -87408.958   261.913    -9.21    5.74
 -87032.330   257.805   -10.91    6.99
 -86655.749   253.386   -11.74   10.21
 -86279.212   251.771    -4.29   10.02
 -85902.720   253.913     5.69    8.61
 -85526.274   256.436     6.70    6.53
 -85149.873   257.993     4.14    6.93
 -84773.516   258.010     0.04    9.72
 -84397.205   256.977    -2.75   12.67
 -84020.939   259.026     5.45   11.04
 -83644.718   261.008     5.27    7.12
 -83268.542   258.026    -7.93   11.27
 -82892.411   249.456   -22.79   17.65
 -82516.324   233.333   -42.88   22.73
 -82140.283   215.159   -48.33   23.14
 -81764.287   200.155   -39.91   22.71
 -81388.336   180.868   -51.31   23.12
 -81012.429   159.665   -56.41   23.50
 -80636.568   140.899   -49.93   25.42
 -80260.751   122.330   -49.41   19.59
 -79884.979   110.305   -32.01   10.83
 -79509.253   105.176   -13.65    5.59
 -79133.570   114.820    25.67   23.68
 -78757.933   131.354    44.02   32.10
 -78382.341   151.487    53.61   32.43
 -78006.793   172.141    55.00   23.10
 -77631.290   183.476    30.19   15.91
 -77255.832   193.836    27.60   13.79
 -76880.418   200.754    18.43   15.99
 -76505.049   200.167    -1.56   21.03
 -76129.725   198.956    -3.23   25.86
 -75754.445   190.582   -22.32   28.61
 -75379.211   177.110   -35.91   25.93
 -75004.020   166.534   -28.19   22.74
 -74628.875   159.979   -17.48   16.26
 -74253.774   159.993     0.04   15.13
 -73878.717   163.300     8.82   13.35
 -73503.705   168.655    14.28   12.17
 -73128.738   175.833    19.14   12.77
 -72753.815   182.404    17.53   12.47
 -72378.937   188.768    16.98   12.94
 -72004.103   195.042    16.74   13.40
 -71629.314   204.252    24.57   17.98
 -71254.569   223.171    50.49   24.91
 -70879.868   239.255    42.93   23.91
 -70505.212   246.944    20.52   18.95
 -70130.601   243.349    -9.60   23.01
 -69756.033   228.784   -38.89   24.91
 -69381.510   214.568   -37.96   17.63
 -69007.032   203.765   -28.85   14.63
 -68632.598   198.814   -13.22   12.80
 -68258.208   199.300     1.30   14.26
 -67883.862   206.076    18.10   19.41
 -67509.561   217.632    30.88   21.45
 -67135.304   231.272    36.45   22.28
 -66761.091   239.946    23.18   20.79
 -66386.923   242.173     5.95   18.32
 -66012.798   237.432   -12.67   16.40
 -65638.718   224.913   -33.47   17.46
 -65264.682   208.797   -43.09   19.08
 -64890.691   198.792   -26.75   20.66
 -64516.743   192.973   -15.56   20.81
 -64142.839   192.494    -1.28   21.23
 -63768.980   191.500    -2.66   19.19
 -63395.165   179.259   -32.75   26.34
 -63021.394   160.993   -48.87   25.49
 -62647.666   147.583   -35.88   20.19
 -62273.983   135.630   -31.99   14.30
 -61900.344   131.784   -10.29   11.34
 -61526.749   138.526    18.05   18.49
 -61153.198   150.907    33.14   19.63
 -60779.691   162.534    31.13   10.78
 -60406.228   165.926     9.08    5.97
 -60032.809   160.365   -14.89   10.68
 -59659.433   154.800   -14.90   11.19
 -59286.102   157.764     7.94   15.95
 -58912.815   165.042    19.50   19.38
 -58539.571   170.566    14.80   16.20
 -58166.371   169.929    -1.71   15.65
 -57793.215   168.992    -2.51   18.20
 -57420.103   174.519    14.81   23.04
 -57047.035   187.873    35.80   24.05
 -56674.011   200.817    34.70   13.31
 -56301.030   204.542     9.99    7.40
 -55928.093   199.946   -12.33   10.37
 -55555.200   192.042   -21.20   13.24
 -55182.350   183.994   -21.59   14.30
 -54809.545   179.141   -13.02   14.05
 -54436.783   178.026    -2.99   13.74
 -54064.064   178.206     0.48   11.04
 -53691.389   174.976    -8.67   14.76
 -53318.758   168.926   -16.24   18.27
 -52946.171   160.432   -22.80   22.09
 -52573.627   158.312    -5.69   23.35
 -52201.127   162.629    11.59   22.07
 -51828.670   166.683    10.89   18.65
 -51456.257   171.973    14.21   10.45
 -51083.887   166.994   -13.37   11.99
 -50711.561   157.992   -24.18   13.08
 -50339.279   147.747   -27.52   12.85
 -49967.040   137.978   -26.25   14.24
 -49594.844   128.446   -25.61   16.30
 -49222.692   115.337   -35.22   17.89
 -48850.583   105.124   -27.45   14.43
 -48478.518    98.995   -16.48   12.62
 -48106.496    97.878    -3.00   13.90
 -47734.517    96.995    -2.38   14.30
 -47362.582    95.301    -4.55   13.95
 -46990.690    89.534   -15.51   12.29
 -46618.842    84.008   -14.86   10.04
 -46247.037    82.011    -5.37   11.44
 -45875.275    82.398     1.04   14.25
 -45503.557    82.963     1.52   15.63
 -45131.881    81.076    -5.08   15.48
 -44760.249    77.526    -9.55   13.07
 -44388.661    73.963    -9.59   11.64
 -44017.115    72.878    -2.92   11.44
 -43645.613    72.534    -0.93   13.26
 -43274.154    72.911     1.02   15.53
 -42902.738    74.897     5.35   17.38
 -42531.365    78.229     8.97   21.72
 -42160.035    87.190    24.13   25.97
 -41788.749   100.766    36.57   21.89
 -41417.506   110.665    26.67   19.09
 -41046.305   117.095    17.32   16.62
 -40675.148   118.519     3.84   14.01
 -40304.034   119.398     2.37   10.82
 -39932.963   114.661   -12.77   11.37
 -39561.935   109.292   -14.47    9.68
 -39190.949   102.642   -17.93   11.18
 -38820.007    93.665   -24.20   15.98
 -38449.108    83.157   -28.33   22.89
 -38078.252    67.139   -43.19   27.81
 -37707.439    52.485   -39.52   23.82
 -37336.669    39.236   -35.74   15.01
 -36965.941    32.059   -19.36    6.88
 -36595.257    30.107    -5.27    1.92
 -36224.615    30.784     1.83    2.58
 -35854.016    32.534     4.72    3.10
 -35483.461    35.376     7.67    3.70
 -35112.948    39.042     9.90    5.29
 -34742.477    43.076    10.89    6.27
 -34372.050    48.868    15.64    9.17
 -34001.665    56.776    21.35   12.56
 -33631.323    60.567    10.24   11.29
 -33261.024    58.059    -6.77   13.47
 -32890.768    51.846   -16.78   15.14
 -32520.554    42.598   -24.98   11.97
 -32150.383    36.567   -16.29    8.05
 -31780.255    33.616    -7.97    6.03
 -31410.169    33.731     0.31    5.24
 -31040.126    34.929     3.24    5.30
 -30670.126    38.109     8.59    8.81
 -30300.168    43.558    14.73   12.25
 -29930.253    50.203    17.96   14.77
 -29560.380    60.124    26.82   21.08
 -29190.550    73.284    35.58   24.39
 -28820.763    89.833    44.75   28.66
 -28447.598   107.839    48.25   27.64
 -28069.155   122.436    38.57   23.19
 -27690.756   132.928    27.73   14.78
 -27312.402   133.485     1.47   13.52
 -26934.093   128.510   -13.15   17.43
 -26555.828   125.559    -7.80   19.88
 -26177.608   127.655     5.54   18.69
 -25799.432   128.788     3.00   19.15
 -25421.302   121.994   -17.97   23.71
 -25043.216   115.365   -17.53   19.97
 -24665.174   117.665     6.09   21.75
 -24287.177   132.312    38.75   24.59
 -23909.225   144.892    33.29   23.02
 -23531.317   153.768    23.49   22.22
 -23153.453   162.632    23.46   21.51
 -22775.634   168.236    14.83   16.07
 -22397.860   167.960    -0.73   15.49
 -22020.130   157.960   -26.47   21.19
 -21642.445   148.042   -26.26   19.28
 -21264.804   145.809    -5.91   15.80
 -20887.207   150.159    11.52   16.25
 -20509.655   160.284    26.82   14.35
 -20132.147   169.141    23.46   11.54
 -19754.684   176.826    20.36   12.45
 -19377.265   185.392    22.70   14.05
 -18999.890   195.731    27.40   13.16
 -18622.559   203.583    20.81   10.78
 -18245.273   206.626     8.06    8.55
 -17868.031   203.109    -9.32   11.46
 -17490.834   195.698   -19.65   14.25
 -17113.681   189.318   -16.92   13.81
 -16736.571   184.592   -12.53   12.47
 -16359.507   182.276    -6.14   12.08
 -15982.486   180.614    -4.41   10.95
 -15605.509   177.682    -7.78    8.25
 -15228.577   177.209    -1.25    6.07
 -14851.689   177.365     0.41    4.10
 -14474.845   175.130    -5.93    5.58
 -14098.045   170.403   -12.55    8.09
 -13721.289   164.008   -16.97    8.86
 -13344.577   159.566   -11.79    9.39
 -12967.910   157.559    -5.33    9.95
 -12591.286   158.276     1.90    9.34
 -12214.706   159.124     2.25    7.93
 -11838.171   156.764    -6.27    8.67
 -11461.679   148.768   -21.24   13.25
 -11085.231   138.680   -26.80   16.03
 -10708.828   127.333   -30.15   17.88
 -10332.468   118.178   -24.32   19.74
  -9956.152   114.977    -8.51   20.41
  -9579.880   114.091    -2.35   20.23
  -9203.652   110.337    -9.98   19.39
  -8827.468    97.169   -35.00   22.27
  -8451.328    82.959   -37.78   20.78
  -8075.231    69.333   -36.23   18.03
  -7699.179    53.990   -40.80   16.32
  -7323.170    43.042   -29.11   12.86
  -6947.205    36.862   -16.44    8.73
  -6571.284    34.764    -5.58    8.73
  -6195.406    35.190     1.13    9.78
  -5819.572    40.010    12.82   12.59
  -5443.782    46.409    17.03   14.88
  -5068.036    51.856    14.50   16.45
  -4692.333    51.558    -0.79   16.61
  -4316.675    46.387   -13.77   16.24
  -3941.059    33.220   -35.06   17.95
  -3565.488    22.697   -28.02   16.61
  -3189.960    14.944   -20.65   15.16
  -2814.475     7.659   -19.40   11.13
  -2439.034     3.409   -11.32    7.39
  -2063.637     1.519    -5.04    4.09
  -1688.283     1.008    -1.36    3.11
  -1312.973     0.403    -1.61    2.75
   -937.707    -0.440    -2.25    1.60
   -562.484    -0.351     0.24    1.70
   -187.304     0.359     1.89    2.51
    187.832     0.436     0.20    2.53
    562.925     0.305    -0.35    2.49
    937.974    -0.040    -0.92    2.32
   1312.980    -0.958    -2.45    0.00
   1687.942    -0.958     0.00    0.00
   2062.861     0.155     2.97    2.70
   2437.737     1.577     3.79    3.88
   2812.569     2.485     2.42    3.98
   3187.358     2.884     1.07    3.91
   3562.104     2.042    -2.25    3.42
   3936.806     1.110    -2.49    2.89
   4311.465     0.659    -1.20    2.61
   4686.081     0.469    -0.51    2.64
   5060.653     0.142    -0.87    2.41
   5435.182    -0.208    -0.93    1.79
   5809.668     0.093     0.80    2.71
   6184.111     1.436     3.59    3.81
   6558.511     2.197     2.03    3.86
   6932.867     3.076     2.35    4.05
   7307.180     3.805     1.95    4.11
   7681.450     2.397    -3.76    4.02
   8055.677     2.509     0.30    4.50
   8429.861     2.337    -0.46    4.45
   8804.002     2.423     0.23    3.90
   9178.100     2.876     1.21    4.05
   9552.154     3.432     1.49    4.43
   9926.166     3.611     0.48    4.53
  10300.134     3.288    -0.86    4.30
  10674.060     2.732    -1.49    4.13
  11047.942     2.977     0.65    3.71
  11421.782     3.159     0.49    3.21
  11795.579     3.567     1.09    3.04
  12169.332     2.342    -3.28    2.77
  12543.043     1.876    -1.25    2.85
  12916.711     1.645    -0.62    3.52
  13290.336     1.195    -1.21    3.27
  13663.918     0.813    -1.02    2.70
  14037.457     1.060     0.66    3.06
  14410.953     1.321     0.70    3.06
  14784.406     1.508     0.50    2.88
  15157.817     1.583     0.20    2.74
  15531.185     1.321    -0.70    2.49
  15904.510     1.142    -0.48    2.13
  16277.792     1.347     0.55    2.44
  16651.032     1.442     0.25    2.35
  17024.228     1.487     0.12    2.47
  17397.382     1.432    -0.15    2.65
  17770.494     1.354    -0.21    3.11
  18143.562     1.077    -0.74    3.36
  18516.588     1.059    -0.05    3.75
  18889.572     0.779    -0.75    3.58
  19262.512     0.591    -0.51    3.30
  19635.410     1.297     1.89    4.00
  20008.266     2.354     2.84    4.47
  20381.079     2.826     1.27    4.71
  20753.849     2.800    -0.07    4.75
  21126.577     3.478     1.82    4.80
  21499.262     3.692     0.58    4.25
  21871.904     3.878     0.50    3.14
  22244.505     4.358     1.29    2.53
  22617.062     3.704    -1.76    1.87
  22989.577     2.646    -2.84    1.91
  23362.050     3.419     2.08    2.84
  23734.480     4.749     3.57    3.45
  24106.868     6.178     3.84    3.04
  24479.213     7.432     3.37    1.69
  24851.516     8.042     1.64    2.33
  25223.777     8.409     0.98    2.74
  25595.995     8.359    -0.13    3.11
  25968.171     7.726    -1.70    3.39
  26340.304     6.992    -1.97    3.57
  26712.396     6.190    -2.16    2.67
  27084.445     5.652    -1.44    2.98
  27456.451     5.665     0.03    3.06
  27828.416     5.358    -0.83    3.25
  28200.338     4.042    -3.54    3.60
  28572.217     4.144     0.27    4.59
  28944.055     5.995     4.98    6.30
  29315.850     8.709     7.30    6.80
  29687.604    12.008     8.88    6.00
  30059.315    14.829     7.59    3.92
  30430.984    16.206     3.70    1.45
  30802.610    16.619     1.11    1.42
  31174.195    17.110     1.32    1.31
  31545.737    17.598     1.31    1.24
  31917.238    17.784     0.50    1.22
  32288.696    18.333     1.48    1.43
  32660.112    19.024     1.86    1.43
  33031.486    19.682     1.77    1.53
  33402.818    20.500     2.20    1.30
  33774.109    21.075     1.55    1.32
  34145.357    21.676     1.62    1.25
  34516.563    22.192     1.39    1.10
  34887.727    22.669     1.29    1.13
  35258.849    23.426     2.04    1.46
  35629.929    24.462     2.79    1.67
  36000.968    25.642     3.18    2.20
  36371.964    27.192     4.18    2.48
  36742.919    28.491     3.50    2.39
  37113.831    29.720     3.31    2.09
  37484.702    30.382     1.78    1.60
  37855.531    30.551     0.46    1.35
  38226.318    30.578     0.07    1.16
  38597.063    30.992     1.12    1.42
  38967.767    31.526     1.44    1.55
  39338.428    32.123     1.61    1.55
  39709.048    32.759     1.72    1.49
  40079.626    32.720    -0.10    1.33
  40450.163    32.859     0.37    1.24
  40820.657    33.239     1.03    1.08
  41191.110    33.442     0.55    0.94
  41561.522    33.576     0.36    0.89
  41931.891    33.462    -0.31    1.08
  42302.219    33.585     0.33    1.22
  42672.506    34.092     1.37    1.37
  43042.750    34.569     1.29    1.40
  43412.953    35.419     2.30    1.74
  43783.115    37.129     4.62    3.16
  44153.235    39.124     5.39    3.80
  44523.313    40.732     4.34    3.51
  44893.350    41.655     2.49    3.35
  45263.345    42.473     2.21    3.58
  45633.299    43.776     3.52    4.13
  46003.211    45.239     3.96    4.69
  46375.575    46.665     3.83    4.69
  46753.927    48.771     5.57    4.95
  47132.236    50.859     5.52    5.52
  47510.500    54.107     8.59    5.82
  47888.722    56.784     7.08    5.06
  48266.900    58.173     3.67    3.58
  48645.034    56.321    -4.90    5.24
  49023.125    52.483   -10.15    7.83
  49401.172    48.008   -11.84    6.76
  49779.176    45.398    -6.90    5.05
  50157.137    45.462     0.17    3.69
  50535.054    47.939     6.55    2.59
  50912.927    49.709     4.68    2.86
  51290.758    51.288     4.18    2.54
  51668.545    52.776     3.94    2.47
  52046.288    54.127     3.58    2.22
  52423.988    54.991     2.29    3.01
  52801.645    56.333     3.55    3.80
  53179.259    57.292     2.54    4.11
  53556.829    58.442     3.05    3.80
  53934.356    58.846     1.07    3.52
  54311.840    58.042    -2.13    3.67
  54689.280    57.636    -1.08    3.73
  55066.678    56.616    -2.70    3.82
  55444.032    56.026    -1.56    3.82
  55821.343    55.517    -1.35    3.66
  56198.610    55.108    -1.08    3.20
  56575.835    54.098    -2.68    2.58
  56953.016    52.714    -3.67    2.32
  57330.155    51.551    -3.09    2.09
  57707.250    50.542    -2.67    1.97
  58084.302    49.476    -2.83    1.83
  58461.311    48.771    -1.87    1.78
  58838.277    48.091    -1.80    1.68
  59215.200    47.744    -0.92    1.68
  59592.080    48.009     0.70    1.52
  59968.917    48.146     0.36    1.48
  60345.710    47.913    -0.62    1.57
  60722.461    47.398    -1.37    1.82
  61099.169    45.941    -3.87    2.52
  61475.834    44.568    -3.64    2.51
  61852.456    43.846    -1.92    2.63
  62229.036    43.485    -0.96    2.85
  62605.572    43.646     0.43    3.02
  62982.065    43.534    -0.30    3.09
  63358.516    43.788     0.67    2.81
  63734.923    43.127    -1.76    2.44
  64111.288    42.392    -1.95    2.40
  64487.610    42.075    -0.84    2.44
  64863.889    42.330     0.68    2.53
  65240.126    43.426     2.91    1.95
  65616.319    43.567     0.38    1.85
  65992.470    42.453    -2.96    2.56
  66368.578    40.942    -4.02    3.13
  66744.644    39.534    -3.75    3.05
  67120.667    39.344    -0.51    2.85
  67496.647    39.609     0.70    3.01
  67872.584    40.892     3.41    2.56
  68248.479    41.575     1.81    1.70
  68624.331    41.542    -0.09    2.03
  69000.140    40.942    -1.60    2.28
  69375.907    40.165    -2.07    2.58
  69751.631    39.994    -0.46    2.43
  70127.313    40.839     2.25    2.47
  70502.952    42.178     3.56    2.49
  70878.549    43.403     3.26    1.73
  71254.103    44.226     2.19    1.42
  71629.614    44.652     1.14    1.26
  72005.083    44.956     0.81    1.17
  72380.510    44.960     0.01    1.04
  72755.894    45.111     0.40    0.99
  73131.235    45.109    -0.01    0.94
  73506.535    45.326     0.58    0.92
  73881.791    45.517     0.51    1.02
  74257.006    45.754     0.63    0.91
  74632.178    45.873     0.32    0.89
  75007.308    45.800    -0.19    0.99
  75382.395    45.059    -1.98    1.60
  75757.440    43.742    -3.51    2.23
  76132.442    42.172    -4.19    2.44
  76507.403    40.476    -4.52    2.33
  76882.321    38.801    -4.47    1.93
  77257.196    37.413    -3.70    2.36
  77632.030    35.737    -4.47    2.53
  78006.821    34.364    -3.66    2.76
  78381.570    32.909    -3.88    2.19
  78756.277    32.060    -2.27    2.11
  79130.942    31.659    -1.07    2.45
  79505.564    31.129    -1.42    2.61
  79880.144    29.829    -3.47    3.48
  80254.683    28.229    -4.27    4.17
  80629.179    25.904    -6.21    4.27
  81003.632    23.720    -5.83    2.83
  81378.044    22.616    -2.95    2.00
  81752.414    21.890    -1.94    1.47
  82126.742    21.534    -0.95    1.48
  82501.027    21.026    -1.36    1.56
  82875.271    19.937    -2.91    2.23
  83249.472    17.354    -6.90    4.93
  83623.632    12.270   -13.59    8.00
  83997.749     6.623   -15.09    8.30
  84371.825     1.594   -13.44    5.50
  84745.858    -0.924    -6.73    0.26
  85119.850    -0.958    -0.09    0.00
  85493.800    -0.958     0.00    0.00
  85867.707    -0.958     0.00    0.00
  86241.573    -0.958     0.00    0.00
  86615.397    -0.958     0.00    0.00
  86989.180    -0.958     0.00    0.00
  87362.920    -0.958     0.00    0.00
  87736.618    -0.958     0.00    0.00
  88110.275    -0.958     0.00    0.00
  88483.890    -0.958     0.00    0.00
  88857.463    -0.958     0.00    0.00
  89230.994    -0.958     0.00    0.00
  89604.484    -0.958     0.00    0.00
  89977.932    -0.958     0.00    0.00
  90351.338    -0.958     0.00    0.00
  90724.702    -0.958     0.00    0.00
  91098.025    -0.958     0.00    0.00
  91471.306    -0.958     0.00    0.00
  91844.545    -0.958     0.00    0.00
  92217.743    -0.958     0.00    0.00
  92590.899    -0.958     0.00    0.00
  92964.013    -0.958     0.00    0.00
  93337.086    -0.958     0.00    0.00
  93710.117    -0.958     0.00    0.00
  94083.107    -0.958     0.00    0.00
  94456.055     1.652     7.00    9.09
  94828.962     8.242    17.67   19.24
  95201.827    25.302    45.75   35.03
  95574.650    55.698    81.52   49.44
  95947.432    90.853    94.29   47.98
  96320.173   120.829    80.41   36.84
  96692.872   145.449    66.05   19.15
  97065.530   152.432    18.74    4.86
  97438.146   150.805    -4.37    4.84
  97810.721   147.042   -10.10    6.59
  98183.254   140.732   -16.94    8.33
  98555.746   132.111   -23.14   11.59
  98928.197   118.108   -37.59   17.54
  99300.606   102.203   -42.70   18.75
  99672.974    87.025   -40.76   18.83
 100045.301    73.129   -37.32   12.25
 100417.586    66.881   -16.78    8.16
 100789.830    66.766    -0.31    9.90
 101162.033    72.008    14.08   12.70
 101534.194    79.124    19.12   10.67
 101906.314    83.669    12.21    7.34
 102278.393    83.754     0.23    6.78
 102650.431    82.110    -4.42    8.04
 103022.428    79.768    -6.30    8.88
 103394.383    78.972    -2.14    9.76
 103766.297    80.692     4.62   10.99
 104138.170    81.857     3.13    9.92
 104510.002    76.292   -14.96   14.43
 104881.793    63.127   -35.41   21.79
 105253.543    49.220   -37.41   24.66
 105625.251    35.892   -35.85   18.20
 105996.919    29.784   -16.43   11.99
 106368.545    29.822     0.10   10.95
 106740.131    30.941     3.01    8.87
 107111.675    29.178    -4.74    7.69
 107483.178    22.958   -16.74    8.30
 107854.641    14.419   -22.98    9.76
 108226.062     7.956   -17.40    8.64
 108597.442     2.829   -13.80    5.97
 108968.782    -0.376    -8.63    2.21
 109340.080    -0.958    -1.57    0.00
 109711.338    -0.958     0.00    0.00
 110082.554    -0.958     0.00    0.00
 110453.730    -0.958     0.00    0.00
 110824.865    -0.958     0.00    0.00
 111195.959    -0.958     0.00    0.00
 111567.012    -0.958     0.00    0.00
 111938.024    -0.958     0.00    0.00
 112308.995    -0.958     0.00    0.00
 112679.926    -0.958     0.00    0.00
 113050.816    -0.958     0.00    0.00
 113421.665    -0.958     0.00    0.00
 113792.473    -0.958     0.00    0.00
 114163.241    -0.958     0.00    0.00
 114533.967    -0.958     0.00    0.00
 114904.653    -0.958     0.00    0.00
 115275.299    -0.958     0.00    0.00
 115645.903    -0.958     0.00    0.00
 116016.467    -0.958     0.00    0.00
 116386.991    -0.958     0.00    0.00
 116757.473    -0.958     0.00    0.00
 117127.915    -0.958     0.00    0.00
 117498.317    -0.958     0.00    0.00
 117868.678    -0.958     0.00    0.00
 118238.998    -0.958     0.00    0.00
 118609.278    -0.854     0.28    0.79
 118979.517    -0.400     1.23    1.77
 119349.715     0.129     1.43    2.46
 119719.873     0.826     1.88    2.80
 120089.991     1.471     1.74    2.76
 120460.068     2.010     1.46    2.42
 120830.104     2.697     1.86    1.91
 121201.786     2.942     0.66    1.80
 121580.045     3.559     1.63    1.55
 121958.262     3.924     0.96    1.33
 122336.436     4.146     0.59    1.42
 122714.568     3.988    -0.42    1.63
 123092.657     3.924    -0.17    1.54
 123470.704     4.094     0.45    1.63
 123848.709     4.349     0.67    1.71
 124226.671     4.415     0.18    1.66
 124604.591     4.335    -0.21    1.54
 124982.469     6.259     5.09    6.65
 125360.304    11.649    14.26   13.15
 125738.097    19.026    19.52   15.96
 126115.848    27.937    23.59   15.83
 126493.556    35.305    19.50   13.16
 126871.223    42.776    19.78    6.74
 127248.847    46.364     9.50    5.98
 127626.429    48.736     6.28    5.32
 128003.968    50.483     4.63    4.12
 128381.466    51.111     1.66    3.91
 128758.921    51.096    -0.04    4.68
 129136.335    52.026     2.46    4.72
 129513.706    52.867     2.23    4.68
 129891.035    53.432     1.50    4.17
 130268.322    52.075    -3.60    3.88
 130645.566    50.359    -4.55    5.68
 131022.769    45.991   -11.58    7.89
 131399.930    42.857    -8.31    7.78
 131777.049    41.805    -2.79    6.63
 132154.125    41.560    -0.65    4.66
 132531.160    42.632     2.85    2.64
 132908.153    43.720     2.89    1.92
 133285.104    43.387    -0.88    1.93
 133662.012    41.924    -3.88    2.65
 134038.879    40.024    -5.04    2.75
 134415.704    38.442    -4.20    2.48
 134792.487    37.784    -1.75    2.31
 135169.228    38.010     0.60    2.44
 135545.928    38.059     0.13    2.54
 135922.585    36.956    -2.93    3.65
 136299.201    34.698    -5.99    4.32
 136675.774    33.551    -3.05    4.44
 137052.306    34.094     1.44    5.40
 137428.796    35.621     4.06    5.53
 137805.245    37.682     5.47    4.56
 138181.651    39.727     5.43    3.24
 138558.016    41.508     4.73    3.63
 138934.339    41.682     0.46    3.66
 139310.621    37.788   -10.35   10.13
 139686.860    27.232   -28.05   18.65
 140063.058    15.779   -30.44   19.17
 140439.215     5.326   -27.79   12.97
 140815.329    -0.708   -16.04    1.87
 141191.402    -0.958    -0.66    0.00
 141567.434    -0.958     0.00    0.00
 141943.423    -0.958     0.00    0.00
 142319.372    -0.958     0.00    0.00
 142695.278    -0.958     0.00    0.00
 143071.143    -0.958     0.00    0.00
 143446.967    -0.958     0.00    0.00
 143822.749    -0.958     0.00    0.00
 144198.489    -0.958     0.00    0.00
 144574.188    -0.958     0.00    0.00
 144949.845    -0.958     0.00    0.00
 145325.461    -0.958     0.00    0.00
 145701.036    -0.958     0.00    0.00
 146076.569     0.788     4.65    8.44
 146452.061    18.833    48.05   34.05
 146827.511    39.797    55.83   43.31
 147202.920    68.263    75.82   41.61
 147578.287    95.209    71.78   20.52
 147953.613   102.788    20.19   10.52
 148328.898   103.517     1.94   10.00
 148704.141   103.944     1.14   13.04
 149079.343   115.958    32.01   22.16
 149454.504   135.096    51.01   31.32
 149829.624   154.187    50.89   29.84
 150204.702   168.060    36.98   21.89
 150579.739   168.749     1.84   17.05
 150954.735   159.007   -25.98   17.10
 151329.689   146.558   -33.20   16.83
 151704.602   134.621   -31.84   12.33
 152079.474   126.853   -20.72    9.60
 152454.305   119.928   -18.47    9.46
 152829.095   115.975   -10.55    8.79
 153203.844   114.663    -3.50    7.96
 153578.551   115.606     2.52    8.59
 153953.217   117.941     6.23    6.47
 154327.842   116.935    -2.68    6.88
 154702.427   110.204   -17.97   11.15
 155076.970   100.195   -26.72   12.53
 155451.472    90.818   -25.03   12.58
 155825.932    84.636   -16.51    9.58
 156200.352    83.127    -4.03    8.96
 156574.731    83.727     1.60    9.13
 156949.069    84.059     0.89    8.73
 157323.366    76.157   -21.11   13.89
 157697.622    63.887   -32.78   15.13
 158071.837    50.466   -35.86   14.30
 158446.011    42.399   -21.55    8.24
 158820.144    43.732     3.56   10.65
 159194.236    54.697    29.31   18.11
 159568.287    69.534    39.66   18.59
 159942.298    85.991    44.00   17.49
 160316.267    99.667    36.56   15.18
 160690.196   110.583    29.19   12.03
 161064.084   117.588    18.73    8.20
 161437.931   116.060    -4.09    8.99
 161811.737   110.456   -14.99   12.97
 162185.502   107.878    -6.90   15.23
 162559.227   110.922     8.14   18.38
 162932.911   118.525    20.34   18.57
 163306.554   125.796    19.46   10.90
 163680.156   122.246    -9.50   14.67
 164053.718   111.323   -29.23   19.20
 164427.239    96.649   -39.28   19.50
 164800.719    81.686   -40.06   18.36
 165174.159    68.917   -34.19   15.25
 165547.558    58.492   -27.91   13.68
 165920.916    47.870   -28.45   13.56
 166294.234    38.473   -25.17   14.19
 166667.511    28.737   -26.08   15.58
 167040.747    20.909   -20.97   12.68
 167413.943    16.212   -12.58   10.10
 167787.098    16.144    -0.18   11.36
 168160.213    22.157    16.11   15.70
 168533.287    31.370    24.69   16.86
 168906.321    39.788    22.56   14.61
 169279.314    46.672    18.45   14.53
 169652.267    49.159     6.67   18.06
 170025.179    46.481    -7.18   21.05
 170398.050    39.534   -18.63   22.99
 170770.882    34.534   -13.41   20.65
 171143.673    37.060     6.77   25.44
 171516.423    45.924    23.78   34.46
 171889.133    51.720    15.55   37.06
 172261.803    48.709    -8.08   38.39
 172634.432    45.060    -9.79   40.32
 173007.021    38.960   -16.37   40.34
 173379.569    35.060   -10.47   40.67
 173752.077    34.907    -0.41   40.75
 174124.545    29.715   -13.94   38.25
 174496.973    22.284   -19.95   33.05
 174869.360    15.148   -19.16   25.27
 175241.707    12.459    -7.22   25.36
 175614.014     8.619   -10.31   21.94
 175986.280     3.560   -13.59   13.41
 176358.506     0.862    -7.25    5.93
 176730.692    -0.596    -3.92    1.60
 177102.838    -0.958    -0.97    0.00
 177474.944    -0.958     0.00    0.00
 177847.009    -0.958     0.00    0.00
 178219.035    -0.958     0.00    0.00
 178591.020    -0.958     0.00    0.00
 178962.965    -0.958     0.00    0.00
 179334.870    -0.958     0.00    0.00
 179706.735    -0.958     0.00    0.00
 180078.559    -0.958     0.00    0.00
 180450.344    -0.958     0.00    0.00
 180822.089    -0.958     0.00    0.00
 181193.793    -0.958     0.00    0.00
 181565.458    -0.958     0.00    0.00
 181937.082    -0.958     0.00    0.00
 182308.667    -0.958     0.00    0.00
 182680.211    -0.958     0.00    0.00
 183051.716    -0.958     0.00    0.00
 183423.180    -0.958     0.00    0.00
 183794.605    -0.958     0.00    0.00
 184165.990    -0.958     0.00    0.00
 184537.335    -0.958     0.00    0.00
 184908.640    -0.958     0.00    0.00
 185279.905    -0.751     0.56    1.17
 185651.130    -0.061     1.86    2.79
 186022.315     0.534     1.60    3.53
 186393.461     0.792     0.70    3.72
 186764.566     1.436     1.73    4.26
 187135.632     1.987     1.48    4.53
 187506.658     3.326     3.61    5.08
 187877.644     4.674     3.63    5.04
 188248.591     5.944     3.42    5.01
 188619.498     7.551     4.33    4.36
 188990.365     8.801     3.37    3.07
 189361.192     9.890     2.94    1.22
 189731.979    10.008     0.32    0.83
 190102.727    10.077     0.18    0.84
 190473.435    10.129     0.14    0.82
 190844.104    10.223     0.25    0.81
 191214.733    10.569     0.93    1.05
 191585.322    11.059     1.32    1.73
 191955.872    11.561     1.35    2.19
 192326.382    12.686     3.04    3.12
 192696.852    14.288     4.32    3.85
 193067.283    15.944     4.47    4.35
 193437.674    18.266     6.27    4.31
 193808.026    20.288     5.46    3.86
 194178.338    22.076     4.83    2.80
 194548.610    23.197     3.03    1.82
 194918.844    23.870     1.82    1.13
 195289.037    23.822    -0.13    0.98
 195659.191    23.659    -0.44    1.01
 196030.278    23.534    -0.34    1.07
 196408.450    23.534     0.00    1.07
 196786.581    23.951     1.10    1.31
 197164.670    25.112     3.07    2.02
 197542.719    26.364     3.31    1.86
 197920.725    27.161     2.11    1.52
 198298.691    27.656     1.31    1.00
 198676.615    27.788     0.35    1.27
 199054.498    28.059     0.72    1.13
 199432.340    28.042    -0.04    1.13
 199810.140    27.958    -0.22    1.09
 200187.900    27.674    -0.75    0.94
 200565.618    27.232    -1.17    1.15
 200943.295    26.639    -1.57    1.31
 201320.931    26.200    -1.16    1.40
 201698.525    25.209    -2.62    1.67
 202076.079    23.899    -3.47    2.28
 202453.591    22.682    -3.23    2.77
 202831.063    21.749    -2.47    2.63
 203208.493    21.939     0.50    2.34
 203585.882    22.093     0.41    1.79
 203963.230    22.703     1.62    1.09
 204340.538    23.024     0.85    0.88
 204717.804    23.824     2.12    1.46
 205095.029    25.209     3.67    1.71
 205472.213    26.165     2.53    1.35
 205849.356    26.663     1.32    0.89
 206226.458    26.381    -0.75    1.06
 206603.519    25.835    -1.45    1.35
 206980.540    25.232    -1.60    1.71
 207357.519    24.624    -1.61    1.66
 207734.457    24.318    -0.81    1.55
 208111.355    24.370     0.14    1.55
 208488.212    24.551     0.48    1.36
 208865.027    24.449    -0.27    0.87
 209241.802    24.656     0.55    0.92
 209618.537    25.075     1.11    1.54
 209995.230    25.920     2.24    2.09
 210371.882    27.077     3.07    2.18
 210748.494    28.246     3.10    1.53
 211125.065    28.659     1.10    1.08
 211501.595    28.270    -1.03    1.23
 211878.085    27.926    -0.92    1.29
 212254.534    27.398    -1.40    1.28
 212630.942    26.801    -1.59    1.23
 213007.309    26.157    -1.71    1.37
 213383.636    25.274    -2.34    1.24
 213759.922    24.577    -1.85    1.20
 214136.167    23.879    -1.86    1.13
 214512.372    23.190    -1.83    1.08
 214888.536    22.828    -0.96    1.04
 215264.660    22.663    -0.44    0.99
 215640.742    22.534    -0.34    0.83
 216016.785    22.621     0.23    0.78
 216392.787    23.127     1.34    1.18
 216768.748    23.857     1.94    1.43
 217144.669    24.784     2.46    1.38
 217520.549    25.569     2.09    0.78
 217896.388    25.757     0.50    0.77
 218272.188    26.007     0.67    0.87
 218647.946    26.411     1.07    1.01
 219023.665    27.333     2.45    1.45
 219399.342    28.232     2.39    1.76
 219774.980    29.525     3.44    1.74
 220150.577    30.265     1.97    1.44
 220526.133    30.059    -0.55    1.48
 220901.650    29.463    -1.59    1.36
 221277.125    28.909    -1.48    1.26
 221652.561    28.449    -1.22    1.05
 222027.956    28.094    -0.95    1.32
 222403.311    27.419    -1.80    1.24
 222778.625    27.078    -0.91    1.28
 223153.899    26.732    -0.92    1.34
 223529.133    26.624    -0.29    1.38
 223904.327    26.895     0.72    1.50
 224279.480    27.399     1.34    1.54
 224654.594    27.870     1.25    1.43
 225029.666    28.263     1.05    1.15
 225404.699    28.586     0.86    0.85
 225779.692    28.732     0.39    0.82
 226154.644    28.660    -0.19    0.80
 226529.556    28.691     0.08    0.77
 226904.428    28.674    -0.05    1.06
 227279.260    28.452    -0.59    1.15
 227654.052    28.305    -0.39    1.14
 228028.803    28.025    -0.75    1.07
 228403.515    27.585    -1.17    1.01
 228778.187    27.376    -0.56    1.01
 229152.818    26.972    -1.08    0.94
 229527.409    26.406    -1.51    1.08
 229901.961    25.759    -1.73    1.26
 230276.472    25.115    -1.72    1.14
 230650.943    24.632    -1.29    1.01
 231025.374    24.165    -1.25    0.87
 231399.766    23.920    -0.66    0.98
 231774.117    23.754    -0.44    1.11
 232148.429    23.663    -0.24    1.07
 232522.700    23.428    -0.63    1.16
 232896.932    23.042    -1.03    1.37
 233271.123    22.263    -2.08    1.42
 233645.275    21.649    -1.64    1.23
 234019.387    21.242    -1.09    1.16
 234393.459    20.715    -1.41    0.98
 234767.491    20.709    -0.02    0.97
 235141.483    20.907     0.53    1.01
 235515.436    21.059     0.41    1.04
 235889.349    21.370     0.83    0.85
 236263.222    21.525     0.41    0.82
 236637.055    21.602     0.20    0.77
 237010.848    21.471    -0.35    0.78
 237384.602    21.602     0.35    0.88
 237758.316    21.697     0.25    0.82
 238131.990    21.937     0.64    1.01
 238505.624    22.542     1.62    1.34
 238879.219    23.093     1.47    1.28
 239252.774    23.867     2.07    1.02
 239626.289    24.111     0.65    1.01
 239999.765    24.551     1.18    1.04
 240373.201    24.935     1.03    1.02
 240746.598    25.229     0.79    0.99
 241119.955    25.431     0.54    1.12
 241493.272    25.422    -0.03    1.27
 241866.550    25.341    -0.22    1.43
 242239.788    24.833    -1.36    1.48
 242612.987    24.114    -1.93    1.51
 242986.146    23.305    -2.17    1.30
 243359.265    22.720    -1.57    1.26
 243732.345    22.534    -0.50    1.30
 244105.386    22.370    -0.44    1.29
 244478.387    22.283    -0.23    1.27
 244851.349    22.297     0.04    1.27
 245224.271    22.170    -0.34    1.28
 245597.154    22.126    -0.12    1.24
 245969.997    22.042    -0.22    1.07
 246342.801    21.920    -0.33    1.09
 246715.565    22.195     0.74    1.28
 247088.291    22.353     0.42    1.22
 247460.976    22.498     0.39    1.20
 247833.623    22.346    -0.41    1.23
 248206.230    22.176    -0.46    1.14
 248578.798    22.203     0.07    1.12
 248951.326    22.534     0.89    1.21
 249323.815    22.899     0.98    1.23
 249696.265    23.167     0.72    1.16
 250068.676    23.568     1.07    1.10
 250441.047    23.853     0.76    1.25
 250813.379    23.904     0.14    1.29
 251185.672    24.093     0.51    1.33
 251557.926    24.266     0.47    1.46
 251930.140    24.185    -0.22    1.42
 252302.316    24.297     0.30    1.31
 252674.452    24.227    -0.19    1.26
 253046.549    24.094    -0.36    1.10
 253418.607    24.279     0.50    1.12
 253790.625    24.609     0.89    1.29
 254162.605    24.721     0.30    1.32
 254534.545    24.594    -0.34    1.20
 254906.447    24.669     0.20    1.19
 255278.309    24.818     0.40    1.12
 255650.132    24.922     0.28    1.09
 256021.917    24.941     0.05    1.05
 256393.662    24.774    -0.45    1.00
 256765.368    24.757    -0.05    1.02
 257137.035    24.703    -0.14    0.94
 257508.663    25.096     1.06    0.82
 257880.253    25.376     0.75    0.86
 258251.803    25.660     0.77    0.97
 258623.314    26.060     1.07    1.06
 258994.787    26.422     0.97    0.91
 259366.220    26.669     0.67    0.96
 259737.615    26.586    -0.22    1.02
 260108.970    26.680     0.25    1.07
 260480.287    26.632    -0.13    1.24
 260851.565    26.674     0.11    1.26
 261222.804    26.602    -0.19    1.28
 261594.004    26.376    -0.61    1.10
 261965.166    26.060    -0.85    1.13
 262336.288    25.733    -0.88    0.98
 262707.372    25.626    -0.29    0.89
 263078.417    25.428    -0.53    0.80
 263449.423    25.456     0.07    0.84
 263820.391    25.341    -0.31    0.87
 264191.319    25.253    -0.24    1.01
 264562.210    25.411     0.43    1.14
 264933.061    25.481     0.19    1.13
 265303.873    25.042    -1.18    1.13
 265674.647    24.691    -0.95    1.16
 266045.383    24.321    -1.00    0.99
 266416.079    24.079    -0.65    0.88
 266786.737    23.797    -0.76    0.93
 267157.357    23.765    -0.09    0.92
 267527.937    23.473    -0.79    1.01
 267898.479    23.270    -0.55    0.98
 268268.983    23.178    -0.25    1.09
 268639.448    23.042    -0.37    1.22
 269009.874    23.007    -0.09    1.16
 269380.262    22.907    -0.27    1.07
 269750.611    22.757    -0.41    1.11
 270120.922    22.200    -1.50    1.32
 270491.194    21.674    -1.42    1.34
 270861.792    21.111    -1.52    1.53
 271239.874    20.370    -1.96    1.31
 271617.917    20.108    -0.69    1.24
 271995.919    19.757    -0.93    1.12
 272373.881    19.744    -0.03    0.98
 272751.803    19.330    -1.09    1.08
 273129.684    18.972    -0.95    1.18
 273507.526    18.937    -0.09    1.18
 273885.327    18.579    -0.95    1.06
 274263.088    18.180    -1.06    1.05
 274640.809    17.920    -0.69    1.05
 275018.490    17.752    -0.44    1.05
 275396.130    17.516    -0.62    1.17
 275773.731    17.417    -0.26    1.30
 276151.291    17.409    -0.02    1.47
 276528.812    17.570     0.43    1.36
 276906.292    17.955     1.02    1.21
 277283.732    18.115     0.42    0.96
 277661.132    18.235     0.32    0.79
 278038.493    18.393     0.42    0.90
 278415.813    18.463     0.19    1.05
 278793.093    18.288    -0.46    1.09
 279170.333    18.346     0.15    1.06
 279547.533    18.305    -0.11    1.14
 279924.694    18.274    -0.08    1.19
 280301.814    18.305     0.08    1.13
 280678.894    18.253    -0.14    1.06
 281055.935    18.534     0.74    1.09
 281432.936    19.165     1.67    1.31
 281809.896    19.806     1.70    1.12
 282186.817    20.508     1.86    1.42
 282563.698    21.370     2.29    1.49
 282940.539    22.242     2.32    1.73
 283317.341    23.042     2.12    1.77
 283694.102    23.779     1.96    1.72
 284070.824    24.212     1.15    1.37
 284447.506    24.399     0.50    1.23
 284824.148    24.376    -0.06    1.49
 285200.751    23.765    -1.62    1.66
 285577.314    23.473    -0.77    1.63
 285953.837    23.095    -1.00    1.42
 286330.320    22.780    -0.84    1.34
 286706.764    22.274    -1.34    1.18
 287083.168    22.007    -0.71    1.09
 287459.532    21.342    -1.76    1.09
 287835.857    20.828    -1.37    1.19
 288212.142    20.358    -1.25    1.14
 288588.387    19.876    -1.28    1.04
 288964.593    19.674    -0.54    0.96
 289340.759    19.364    -0.82    0.92
 289716.886    19.008    -0.94    1.07
 290092.973    18.463    -1.45    1.22
 290469.020    18.060    -1.07    1.26
 290845.028    17.370    -1.83    1.97
 291220.996    16.857    -1.36    2.39
 291596.925    16.525    -0.88    2.27
 291972.815    16.351    -0.46    2.20
 292348.665    16.762     1.09    2.29
 292724.475    17.218     1.21    1.05
 293100.246    17.534     0.84    0.93
 293475.978    17.481    -0.14    0.98
 293851.670    17.393    -0.23    0.92
 294227.323    17.288    -0.28    0.81
 294602.936    17.206    -0.22    0.71
 294978.510    17.008    -0.53    0.84
 295354.045    17.060     0.14    0.92
 295729.540    17.095     0.09    0.95
 296104.996    17.148     0.14    1.08
 296480.412    16.884    -0.70    1.21
 296855.790    16.727    -0.42    1.17
 297231.128    16.515    -0.56    1.23
 297606.426    16.583     0.18    1.10
 297981.686    16.882     0.79    1.01
 298356.906    16.937     0.15    0.98
 298732.087    17.042     0.28    0.94
 299107.229    16.920    -0.33    0.89
 299482.331    16.990     0.19    0.72
 299857.394    16.990     0.00    0.81
 300232.418    16.953    -0.10    0.84
 300607.403    16.778    -0.47    0.96
 300982.349    16.432    -0.92    1.07
 301357.256    15.972    -1.23    1.00
 301732.123    15.594    -1.01    0.78
 302106.952    15.473    -0.32    0.77
 302481.741    15.446    -0.07    0.78
 302856.491    15.508     0.17    0.84
 303231.202    15.534     0.07    0.80
 303605.874    15.596     0.17    0.81
 303980.507    15.773     0.47    0.82
 304355.101    15.636    -0.37    0.83
 304729.656    15.621    -0.04    0.89
 305104.172    15.439    -0.49    0.90
 305478.649    15.197    -0.64    0.97
 305853.087    15.042    -0.41    1.04
 306227.486    14.766    -0.74    1.02
 306601.846    14.849     0.22    1.03
 306976.167    15.203     0.94    1.06
 307350.449    15.598     1.05    1.08
 307724.693    15.652     0.15    1.08
 308098.897    15.551    -0.27    1.21
 308473.063    15.280    -0.73    1.21
 308847.189    14.870    -1.09    1.19
 309221.277    14.560    -0.83    1.11
 309595.326    14.491    -0.18    0.78
 309969.336    14.697     0.55    0.93
 310343.307    14.917     0.59    0.92
 310717.240    15.246     0.88    0.94
 311091.134    15.466     0.59    0.97
 311464.989    15.551     0.23    0.90
 311838.805    15.542    -0.02    0.91
 312212.582    15.422    -0.32    0.95
 312586.321    15.183    -0.64    0.93
 312960.021    15.161    -0.06    0.98
 313333.682    15.215     0.14    0.99
 313707.305    15.310     0.26    0.96
 314080.889    15.297    -0.04    0.97
 314454.434    15.127    -0.45    1.09
 314827.941    15.006    -0.32    1.09
 315201.409    15.159     0.41    1.08
 315574.838    15.007    -0.41    1.04
 315948.229    14.867    -0.37    0.93
 316321.581    14.801    -0.18    0.88
 316694.895    14.757    -0.12    0.82
 317068.170    14.849     0.25    0.85
 317441.406    14.685    -0.44    0.94
 317814.604    14.594    -0.24    0.90
 318187.763    14.450    -0.39    0.90
 318560.884    14.370    -0.21    1.04
 318933.967    14.428     0.16    0.98
 319307.011    14.305    -0.33    0.86
 319680.016    14.077    -0.61    0.93
 320052.983    13.849    -0.61    0.90
 320425.912    13.687    -0.44    0.96
