# NaN NaN NaN ;Mean Elev.(m), Avg Gradient(m/km), RMS Gradient(m/km) - SRTM1     
#   21.005  -4.697  26.561 ;Mean Elev.(m), Avg Gradient(m/km), RMS Gradient(m/km) - ASTER GDEM
#   24.379  -5.288  26.323 ;Mean Elev.(m), Avg Gradient(m/km), RMS Gradient(m/km) - GMTED2010 
  8  49.228274  53.227526   133.330   133.330  2 52512.31201180  1.346
  9  49.224625  53.212546    28.440    28.482  9 52547.31205031 23.958
 10  49.225135  53.220800   127.255   131.017  3 52582.31205864  0.735
 11  49.214728  53.227134    28.788    28.770  4 52617.31203013 30.757
 13  49.219146  53.221897    28.337    28.413  5 52687.31200238 12.614
 14  49.218526  53.212188    34.185    33.500  9 52722.31205188 11.221
 15  49.207921  53.226998    28.166    28.176  4 52757.31207168 17.424
 19  49.219463  53.224107    28.090    27.945  5 52897.31216654 37.792
 20  49.212992  53.225161    25.722    26.039  4 52932.31211321 20.753
 22  49.215860  53.223992    28.707    28.683  4 53002.31214291 33.381
 23  49.213242  53.224693    28.539    28.517  4 53037.31209186 15.180
 24  49.219629  53.219176    28.663    28.648  7 53072.31211761 13.550
 26  49.223039  53.214570    29.034    28.977 10 53142.31212669 22.972
 27  49.220528  53.213204    28.390    28.491 10 53177.31215171 27.950
 28  49.219678  53.221251    27.945    28.104  5 53212.31217029 21.966
 29  49.218581  53.221209    27.626    27.736  5 53247.31213901 24.565
 30  49.228733  53.225324   132.712   132.712  2 53282.31212673  0.445
 32  49.219492  53.214728    30.471    28.478 10 53352.31209918 25.310
 33  49.223184  53.208675    28.605    28.585  6 53387.31209153 20.997
 34  49.225373  53.214355    28.564    28.561  9 53422.31209208 12.436
 38  49.214573  53.224702    27.434    27.567  4 53562.31219024 20.597
 39  49.219221  53.216571    28.692    28.794  9 53597.31213126 44.053
 40  49.223648  53.214582    27.562    27.615 10 53632.31212657 25.878
 41  49.219960  53.223397    27.840    27.905  5 53667.31214758 18.919
 42  49.219975  53.214099    29.074    28.282 10 53702.31209593 35.113
 43  49.217713  53.223864    28.663    28.682  5 53737.31200401 36.068
 45  49.219866  53.222309    28.686    28.677  5 53807.31200242 15.114
 47  49.225418  53.214700    29.168    29.142  9 53877.31207223 32.088
 48  49.218550  53.221818    28.988    29.111  5 53912.31212218 40.452
 49  49.213453  53.224533    28.135    28.097  4 53947.31213751 23.224
 50  49.216915  53.223574    27.508    27.529  5 53982.31208069 24.439
 53  49.220023  53.220249    28.235    28.262  7 54087.31209564 33.007
 54  49.211960  53.226161    28.848    28.837  4 54122.31201860 39.295
 55  49.219258  53.215135    28.699    28.699 10 54157.31205804 15.351
 56  49.215778  53.226096    29.608    29.624  4 54192.31201784 37.868
 57  49.220108  53.213557    29.707    29.738 10 54227.31206977 27.048
 58  49.221170  53.214212    29.356    29.445  9 54262.31208880 22.768
 59  49.218893  53.214042    29.043    29.003  9 54297.31209392 41.802
 60  49.219978  53.219766    28.814    28.820  7 54332.31208320 46.386
 61  49.215983  53.224043    28.805    28.828  4 54367.31202387 36.564
 62  49.218444  53.212957    27.866    27.594 10 54402.31202742 42.503
 63  49.217357  53.223309    28.624    28.639  4 54437.31198270 48.780
 64  49.225091  53.213386    28.828    28.821  9 54472.31201223 24.459
 65  49.216695  53.223605    28.988    29.039  4 54507.31199424 11.703
 66  49.220675  53.214859    28.660    28.636 10 54542.31202663 16.721
 67  49.216753  53.225394    30.968    30.998  4 54577.31199580 49.585
 68  49.219474  53.213823    29.342    29.260 10 54612.31201781 32.383
 69  49.218828  53.214351    28.723    28.759 10 54647.31202495 46.581
 70  49.218732  53.218143    28.290    28.332  7 54682.31202479 27.384
 71  49.216586  53.223399    28.845    28.794  4 54717.31197208 43.771
 72  49.215852  53.202270    49.805    49.813  3 54752.31200020 14.327
 73  49.218215  53.223515    27.845    27.877  5 54787.31196246 19.252
 74  49.223480  53.213711    29.187    29.264 10 54822.31199185 46.429
 75  49.219473  53.223320    28.633    28.629  5 54857.31195835 25.138
 76  49.219795  53.221946    29.796    28.827  6 54892.31199360 18.555
 77  49.214499  53.225633    28.859    28.770  4 54927.31195608 39.399
 78  49.220279  53.214417    29.324    29.450 10 54962.31199360 29.491
 79  49.219677  53.221093    28.719    28.730  5 54997.31201359 37.104
 80  49.218307  53.216064    28.226    28.002  8 55032.31200414 37.313
 82  49.213808  53.225370    28.335    28.377  4 55102.31193117 19.034
 83  49.220710  53.213319    28.260    28.405 10 55137.31193997 36.448
 84  49.217667  53.223194    27.874    27.885  4 55172.31189968 21.263
 85  49.222220  53.214262    28.155    28.217  9 55207.31193370 17.413
 86  49.216167  53.225998    29.919    28.653  4 55242.31190432 14.320
 87  49.220148  53.222334   123.800   123.731  5 55277.31192613  1.235
 88  49.217366  53.224538    29.035    29.086  5 55312.31188933 21.993
 89  49.218303  53.213923    29.449    29.423 10 55347.31189764 36.720
 90  49.220449  53.223805    28.103    28.024  5 55382.31188711 18.564
 91  49.222684  53.213380    28.241    28.249  9 55417.31191664 46.059
 92  49.218787  53.221742    28.475    28.339  5 55452.31189731 40.376
 93  49.216103  53.225129    28.443    28.400  4 55487.31181935 18.921
