-139983.085   131.927     0.00   18.61
-139604.874   128.087   -10.16   20.38
-139226.707   121.423   -17.62   23.09
-138848.585   116.678   -12.55   20.29
-138470.507   120.886    11.13   23.41
-138092.474   134.105    34.97   24.15
-137714.485   147.922    36.56   21.67
-137336.541   157.057    24.17   22.58
-136958.642   163.466    16.96   20.80
-136580.787   169.252    15.32   16.04
-136202.976   167.941    -3.47   16.13
-135825.210   157.380   -27.96   20.95
-135447.489   148.137   -24.47   18.58
-135069.812   146.093    -5.41   15.30
-134692.179   152.940    18.13   16.12
-134314.591   162.357    24.94   14.13
-133937.047   170.941    22.74   11.38
-133559.547   179.474    22.61   13.00
-133182.092   188.154    23.00   14.39
-132804.681   197.377    24.44   12.96
-132427.315   205.411    21.29   10.22
-132049.993   207.716     6.11    8.52
-131672.715   202.723   -13.23   12.47
-131295.481   195.861   -18.19   14.45
-130918.292   189.810   -16.05   13.64
-130541.146   186.007   -10.08   12.34
-130164.045   182.974    -8.04   12.24
-129786.989   180.770    -5.85   10.47
-129409.976   178.662    -5.59    7.95
-129033.008   178.335    -0.87    5.21
-128656.083   178.264    -0.19    4.09
-128279.203   175.055    -8.51    6.31
-127902.367   170.498   -12.10    8.36
-127525.575   164.157   -16.83    8.85
-127148.827   159.807   -11.55    9.55
-126772.124   158.603    -3.20   10.06
-126395.464   159.300     1.85    9.36
-126018.848   160.137     2.22    7.54
-125642.277   156.611    -9.37    9.54
-125265.749   149.312   -19.39   13.03
-124889.265   137.383   -31.69   16.08
-124512.825   126.744   -28.27   18.08
-124136.430   119.498   -19.25   19.31
-123760.078   115.990    -9.32   20.68
-123383.770   113.554    -6.47   20.20
-123007.506   109.800    -9.98   19.89
-122631.286    97.613   -32.40   22.15
-122255.109    81.176   -43.70   19.71
-121878.977    67.473   -36.44   17.68
-121502.888    53.301   -37.69   16.14
-121126.843    43.252   -26.73   12.42
-120750.842    36.939   -16.79    8.41
-120374.885    35.464    -3.92    9.04
-119998.971    36.334     2.31    9.89
-119623.102    41.300    13.21   12.79
-119247.276    48.877    20.16   15.59
-118871.493    52.549     9.77   16.42
-118495.755    52.212    -0.90   16.67
-118120.060    45.690   -17.36   17.49
-117744.408    33.857   -31.50   18.06
-117368.801    21.863   -31.94   17.08
-116993.237    13.905   -21.19   14.35
-116617.716     8.482   -14.44   11.09
-116242.239     4.024   -11.87    7.02
-115866.806     2.203    -4.85    3.37
-115491.416     1.854    -0.93    3.08
-115116.070     1.390    -1.24    2.76
-114740.768     0.473    -2.44    1.55
-114365.509     0.629     0.42    1.70
-113990.293     1.307     1.81    2.51
-113615.121     1.431     0.33    2.56
-113239.992     1.232    -0.53    2.47
-112864.907     0.744    -1.30    2.25
-112489.865    -0.010    -2.01    0.00
-112114.867     0.007     0.05    0.13
-111739.912     1.260     3.34    2.96
-111365.000     2.807     4.13    3.94
-110990.132     3.607     2.13    3.99
-110615.307     3.793     0.50    3.89
-110240.525     2.924    -2.32    3.41
-109865.787     2.055    -2.32    2.87
-109491.092     1.723    -0.89    2.82
-109116.440     1.383    -0.91    2.59
-108741.832     1.218    -0.44    2.49
-108367.267     0.877    -0.91    2.06
-107992.745     1.278     1.07    2.92
-107618.266     2.561     3.43    3.88
-107243.830     3.140     1.55    3.81
-106869.438     4.190     2.80    3.98
-106495.089     4.780     1.58    4.22
-106120.783     3.290    -3.98    3.97
-105746.520     3.157    -0.36    4.39
-105372.300     3.111    -0.12    4.26
-104998.123     3.334     0.60    3.88
-104623.990     4.180     2.26    4.19
-104249.899     4.273     0.25    4.34
-103875.851     4.473     0.53    4.50
-103501.847     4.165    -0.83    4.27
-103127.885     3.826    -0.91    4.07
-102753.967     4.121     0.79    3.74
-102380.091     4.232     0.30    3.12
-102006.259     4.329     0.26    2.90
-101632.469     3.373    -2.56    2.98
-101258.723     2.817    -1.49    2.89
-100885.019     2.629    -0.50    3.56
-100511.358     2.093    -1.43    3.25
-100137.740     2.007    -0.23    3.06
 -99764.165     1.907    -0.27    3.02
 -99390.633     2.232     0.87    3.04
 -99017.144     2.465     0.63    2.82
 -98643.697     2.623     0.42    2.74
 -98270.293     2.244    -1.02    2.46
 -97896.932     2.295     0.14    2.38
 -97523.614     2.121    -0.47    2.27
 -97150.339     2.404     0.76    2.36
 -96777.106     2.514     0.30    2.47
 -96403.916     2.266    -0.67    2.59
 -96030.769     2.295     0.08    3.13
 -95657.664     2.090    -0.55    3.55
 -95284.602     1.974    -0.31    3.73
 -94911.583     1.473    -1.34    3.34
 -94538.606     1.613     0.37    3.32
 -94165.672     2.514     2.42    4.09
 -93792.781     3.414     2.41    4.50
 -93419.932     3.807     1.05    4.69
 -93047.126     4.007     0.54    4.85
 -92674.362     4.580     1.54    4.77
 -92301.641     4.490    -0.24    4.19
 -91928.963     4.823     0.89    3.08
 -91556.327     5.295     1.27    2.39
 -91183.733     4.571    -1.94    1.92
 -90811.182     3.803    -2.06    2.10
 -90438.674     4.580     2.08    2.98
 -90066.208     6.022     3.87    3.41
 -89693.784     7.307     3.45    2.93
 -89321.403     8.464     3.11    1.74
 -88949.064     8.973     1.37    2.39
 -88576.767     9.351     1.01    2.78
 -88204.513     9.180    -0.46    3.23
 -87832.301     8.607    -1.54    3.42
 -87460.132     7.569    -2.79    3.14
 -87088.005     7.119    -1.21    2.77
 -86715.920     6.549    -1.53    2.94
 -86343.878     6.596     0.13    3.05
 -85971.877     6.072    -1.41    3.34
 -85599.919     4.892    -3.17    3.57
 -85228.004     5.423     1.43    4.93
 -84856.130     7.057     4.39    6.38
 -84484.299    10.216     8.50    6.84
 -84112.510    13.142     7.87    6.02
 -83740.763    15.796     7.14    3.89
 -83369.058    17.079     3.45    1.44
 -82997.396    17.623     1.46    1.35
 -82625.775    18.075     1.21    1.26
 -82254.197    18.587     1.38    1.21
 -81882.661    18.823     0.64    1.26
 -81511.166    19.363     1.45    1.39
 -81139.714    20.057     1.87    1.45
 -80768.304    20.760     1.90    1.55
 -80396.936    21.457     1.87    1.28
 -80025.610    22.075     1.66    1.34
 -79654.326    22.700     1.68    1.23
 -79283.084    23.159     1.24    1.10
 -78911.885    23.662     1.35    1.15
 -78540.726    24.490     2.23    1.45
 -78169.610    25.514     2.76    1.68
 -77798.536    26.714     3.23    2.11
 -77427.504    28.423     4.61    2.50
 -77056.514    29.719     3.49    2.39
 -76685.565    30.667     2.56    2.09
 -76314.659    31.340     1.81    1.53
 -75943.794    31.540     0.54    1.27
 -75572.971    31.613     0.20    1.07
 -75202.190    32.007     1.06    1.44
 -74831.451    32.623     1.66    1.54
 -74460.753    33.173     1.48    1.56
 -74090.097    33.764     1.59    1.43
 -73719.483    33.668    -0.26    1.36
 -73348.911    33.857     0.51    1.24
 -72978.381    34.311     1.23    1.01
 -72607.892    34.416     0.28    0.94
 -72237.445    34.490     0.20    0.97
 -71867.039    34.409    -0.22    1.08
 -71496.675    34.657     0.67    1.26
 -71126.353    35.075     1.13    1.41
 -70756.073    35.617     1.46    1.36
 -70385.834    36.498     2.38    1.92
 -70015.637    38.329     4.95    3.29
 -69645.481    40.193     5.04    3.73
 -69275.367    41.773     4.27    3.51
 -68905.294    42.711     2.53    3.30
 -68535.263    43.557     2.28    3.60
 -68165.274    44.939     3.74    4.28
 -67795.326    46.377     3.89    4.76
 -67421.750    48.007     4.36    4.59
 -67043.362    49.662     4.37    5.09
 -66665.017    52.559     7.66    5.40
 -66286.715    55.323     7.31    5.83
 -65908.457    58.039     7.18    5.06
 -65530.243    58.990     2.51    3.66
 -65152.072    56.780    -5.84    5.69
 -64773.945    52.766   -10.62    7.76
 -64395.861    48.465   -11.38    6.78
 -64017.820    45.920    -6.73    4.58
 -63639.823    46.425     1.34    3.70
 -63261.870    49.057     6.96    2.66
 -62883.960    50.854     4.76    2.90
 -62506.093    52.425     4.16    2.58
 -62128.269    53.905     3.92    2.28
 -61750.489    55.121     3.22    2.25
 -61372.753    55.938     2.16    3.07
 -60995.059    57.301     3.61    3.83
 -60617.409    58.515     3.21    4.14
 -60239.802    59.448     2.47    3.64
 -59862.239    59.893     1.18    3.71
 -59484.718    59.058    -2.21    3.67
 -59107.241    58.176    -2.33    3.66
 -58729.808    57.446    -1.94    3.86
 -58352.417    56.941    -1.34    3.82
 -57975.070    56.363    -1.53    3.63
 -57597.765    55.668    -1.84    3.06
 -57220.504    54.875    -2.10    2.64
 -56843.286    53.617    -3.34    2.34
 -56466.112    52.261    -3.60    2.08
 -56088.980    51.295    -2.56    1.92
 -55711.891    50.301    -2.64    1.82
 -55334.846    49.611    -1.83    1.83
 -54957.843    48.973    -1.69    1.63
 -54580.884    48.770    -0.54    1.54
 -54203.968    49.023     0.67    1.47
 -53827.094    49.024     0.00    1.41
 -53450.264    48.873    -0.40    1.61
 -53073.476    48.183    -1.83    1.90
 -52696.732    46.611    -4.18    2.57
 -52320.031    45.449    -3.08    2.65
 -51943.372    44.586    -2.29    2.73
 -51566.756    44.377    -0.56    2.90
 -51190.184    44.645     0.71    3.05
 -50813.654    44.423    -0.59    3.09
 -50437.167    44.466     0.11    2.84
 -50060.723    43.922    -1.45    2.50
 -49684.322    43.323    -1.59    2.40
 -49307.963    42.954    -0.98    2.51
 -48931.647    43.312     0.95    2.52
 -48555.375    44.542     3.27    1.84
 -48179.144    44.407    -0.36    1.81
 -47802.957    42.957    -3.85    2.87
 -47426.813    41.810    -3.05    3.17
 -47050.711    40.421    -3.69    2.96
 -46674.651    40.078    -0.91    2.86
 -46298.635    40.635     1.48    2.99
 -45922.661    42.043     3.75    2.38
 -45546.730    42.506     1.23    1.71
 -45170.841    42.448    -0.16    2.03
 -44794.996    41.820    -1.67    2.26
 -44419.192    41.154    -1.77    2.50
 -44043.432    41.023    -0.35    2.41
 -43667.714    42.121     2.92    2.32
 -43292.038    43.363     3.31    2.30
 -42916.405    44.514     3.07    1.71
 -42540.815    45.276     2.03    1.40
 -42165.267    45.600     0.86    1.23
 -41789.761    45.905     0.81    1.10
 -41414.298    45.926     0.06    1.03
 -41038.878    46.006     0.21    0.94
 -40663.500    46.042     0.09    0.94
 -40288.164    46.345     0.81    0.96
 -39912.871    46.524     0.48    0.96
 -39537.620    46.723     0.53    0.90
 -39162.412    46.817     0.25    0.90
 -38787.245    46.744    -0.20    0.99
 -38412.122    45.820    -2.46    1.75
 -38037.040    44.414    -3.75    2.29
 -37662.001    42.810    -4.28    2.49
 -37287.005    41.210    -4.27    2.09
 -36912.050    39.634    -4.20    1.90
 -36537.138    38.159    -3.93    2.28
 -36162.268    36.531    -4.34    2.53
 -35787.441    35.024    -4.02    2.58
 -35412.655    33.757    -3.38    2.11
 -35037.912    32.920    -2.23    2.13
 -34663.211    32.623    -0.79    2.46
 -34288.552    31.800    -2.20    2.74
 -33913.935    30.685    -2.98    3.61
 -33539.361    28.861    -4.87    4.19
 -33164.828    26.542    -6.19    4.11
 -32790.338    24.507    -5.43    2.76
 -32415.890    23.286    -3.26    1.82
 -32041.484    22.773    -1.37    1.47
 -31667.120    22.455    -0.85    1.38
 -31292.798    21.909    -1.46    1.64
 -30918.518    20.549    -3.63    2.51
 -30544.280    17.736    -7.52    5.47
 -30170.084    12.290   -14.55    8.46
 -29795.930     7.072   -13.95    8.15
 -29421.819     2.231   -12.94    5.11
 -29047.749     0.023    -5.90    0.26
 -28673.721    -0.010    -0.09    0.00
 -28299.734    -0.010     0.00    0.00
 -27925.790    -0.010     0.00    0.00
 -27551.888    -0.010     0.00    0.00
 -27178.028    -0.010     0.00    0.00
 -26804.209    -0.010     0.00    0.00
 -26430.432    -0.010     0.00    0.00
 -26056.698    -0.010     0.00    0.00
 -25683.005    -0.010     0.00    0.00
 -25309.353    -0.010     0.00    0.00
 -24935.744    -0.010     0.00    0.00
 -24562.176    -0.010     0.00    0.00
 -24188.650    -0.010     0.00    0.00
 -23815.166    -0.010     0.00    0.00
 -23441.724    -0.010     0.00    0.00
 -23068.323    -0.010     0.00    0.00
 -22694.964    -0.010     0.00    0.00
 -22321.647    -0.010     0.00    0.00
 -21948.371    -0.010     0.00    0.00
 -21575.137    -0.010     0.00    0.00
 -21201.945    -0.010     0.00    0.00
 -20828.794    -0.010     0.00    0.00
 -20455.685    -0.010     0.00    0.00
 -20082.617    -0.010     0.00    0.00
 -19709.591    -0.010     0.00    0.00
 -19336.607     2.600     7.00    9.09
 -18963.664    11.380    23.54   21.62
 -18590.763    32.498    56.63   40.52
 -18217.903    60.261    74.46   50.34
 -17845.084    96.210    96.43   47.19
 -17472.308   126.123    80.25   34.56
 -17099.572   148.269    59.41   16.36
 -16726.878   154.042    15.49    3.19
 -16354.226   151.170    -7.71    5.44
 -15981.615   147.081   -10.98    6.41
 -15609.045   140.465   -17.76    8.95
 -15236.517   131.093   -25.16   12.74
 -14864.030   118.301   -34.34   18.17
 -14491.584   100.787   -47.03   19.63
 -14119.180    86.125   -39.37   17.94
 -13746.817    72.723   -35.99   11.86
 -13374.495    67.547   -13.90    7.88
 -13002.215    68.973     3.83   10.62
 -12629.976    74.007    13.52   12.96
 -12257.778    80.416    17.22   10.29
 -11885.622    85.240    12.96    6.88
 -11513.506    84.807    -1.16    6.78
 -11141.432    82.369    -6.55    7.88
 -10769.399    80.474    -5.09    9.05
 -10397.408    80.651     0.48   10.52
 -10025.457    81.921     3.41   10.97
  -9653.548    81.596    -0.87   10.08
  -9281.680    75.041   -17.63   15.99
  -8909.853    62.559   -33.57   22.68
  -8538.067    47.990   -39.19   24.03
  -8166.322    36.216   -31.67   17.71
  -7794.618    30.593   -15.13   11.70
  -7422.955    30.707     0.30   10.86
  -7051.334    32.842     5.75    7.98
  -6679.753    29.557    -8.84    8.03
  -6308.214    22.223   -19.74    8.36
  -5936.715    15.119   -19.12    9.88
  -5565.257     7.790   -19.73    8.24
  -5193.841     3.369   -11.90    5.71
  -4822.465     0.532    -7.64    2.14
  -4451.131    -0.010    -1.46    0.00
  -4079.837    -0.010     0.00    0.00
  -3708.584    -0.010     0.00    0.00
  -3337.372    -0.010     0.00    0.00
  -2966.201    -0.010     0.00    0.00
  -2595.071    -0.010     0.00    0.00
  -2223.981    -0.010     0.00    0.00
  -1852.933    -0.010     0.00    0.00
  -1481.925    -0.010     0.00    0.00
  -1110.959    -0.010     0.00    0.00
   -740.032    -0.010     0.00    0.00
   -369.147    -0.010     0.00    0.00
      1.697    -0.010     0.00    0.00
    372.501    -0.010     0.00    0.00
    743.264    -0.010     0.00    0.00
   1113.986    -0.010     0.00    0.00
   1484.668    -0.010     0.00    0.00
   1855.309    -0.010     0.00    0.00
   2225.909    -0.010     0.00    0.00
   2596.468    -0.010     0.00    0.00
   2966.987    -0.010     0.00    0.00
   3337.466    -0.010     0.00    0.00
   3707.903    -0.010     0.00    0.00
   4078.300    -0.010     0.00    0.00
   4448.657    -0.010     0.00    0.00
   4818.972     0.093     0.28    0.79
   5189.248     0.641     1.48    1.92
   5559.483     1.159     1.40    2.46
   5929.677     1.817     1.78    2.80
   6299.830     2.557     2.00    2.71
   6669.944     3.142     1.58    2.37
   7040.016     3.685     1.47    1.93
   7412.879     4.075     1.05    1.83
   7791.175     4.646     1.51    1.48
   8169.429     4.955     0.82    1.46
   8547.640     5.176     0.58    1.46
   8925.809     4.888    -0.76    1.62
   9303.935     4.857    -0.08    1.57
   9682.019     5.145     0.76    1.62
  10060.060     5.295     0.40    1.69
  10438.060     5.433     0.36    1.58
  10816.017     5.472     0.10    1.43
  11193.931     7.823     6.22    7.87
  11571.803    14.288    17.11   14.38
  11949.633    20.697    16.96   16.04
  12327.421    30.244    25.27   15.79
  12705.166    37.583    19.43   12.60
  13082.870    44.433    18.13    6.27
  13460.531    47.776     8.85    5.90
  13838.149    49.924     5.69    5.12
  14215.726    51.253     3.52    4.26
  14593.261    52.024     2.04    4.11
  14970.753    52.346     0.85    4.66
  15348.203    52.990     1.71    4.81
  15725.611    54.249     3.33    4.54
  16102.977    54.386     0.37    3.90
  16480.301    52.793    -4.22    3.97
  16857.582    50.551    -5.94    6.01
  17234.822    46.421   -10.95    7.93
  17612.020    43.753    -7.07    7.52
  17989.175    42.295    -3.86    6.14
  18366.289    42.559     0.70    4.31
  18743.360    43.888     3.53    2.47
  19120.390    44.629     1.97    1.92
  19497.378    44.249    -1.01    2.06
  19874.323    42.640    -4.27    2.60
  20251.227    40.507    -5.66    2.77
  20628.089    39.159    -3.58    2.49
  21004.909    38.852    -0.82    2.37
  21381.687    39.092     0.64    2.38
  21758.423    38.941    -0.40    2.57
  22135.117    37.621    -3.50    3.73
  22511.770    35.346    -6.04    4.40
  22888.380    34.240    -2.94    4.58
  23264.949    35.283     2.77    5.38
  23641.476    36.840     4.13    5.56
  24017.961    38.793     5.19    4.45
  24394.404    41.076     6.06    3.49
  24770.806    42.524     3.85    3.62
  25147.166    42.465    -0.16    3.68
  25523.484    37.311   -13.70   12.13
  25899.761    26.645   -28.35   19.06
  26275.996    14.869   -31.30   18.52
  26652.189     5.498   -24.91   12.08
  27028.340    -0.010   -14.64    0.00
  27404.450    -0.010     0.00    0.00
  27780.518    -0.010     0.00    0.00
  28156.545    -0.010     0.00    0.00
  28532.530    -0.010     0.00    0.00
  28908.473    -0.010     0.00    0.00
  29284.375    -0.010     0.00    0.00
  29660.236    -0.010     0.00    0.00
  30036.054    -0.010     0.00    0.00
  30411.832    -0.010     0.00    0.00
  30787.567    -0.010     0.00    0.00
  31163.262    -0.010     0.00    0.00
  31538.914    -0.010     0.00    0.00
  31914.526    -0.010     0.00    0.00
  32290.096     3.850    10.28   14.33
  32665.624    20.105    43.28   34.23
  33041.111    45.024    66.36   43.91
  33416.557    72.335    72.74   40.19
  33791.961    97.072    65.89   19.98
  34167.324   103.956    18.34   10.44
  34542.645   105.025     2.85    9.57
  34917.926   105.151     0.33   13.31
  35293.164   119.957    39.46   25.71
  35668.362   137.972    48.01   31.80
  36043.518   156.449    49.25   29.66
  36418.633   170.363    37.09   19.58
  36793.707   168.990    -3.66   17.04
  37168.740   156.990   -32.00   18.43
  37543.731   145.549   -30.51   15.99
  37918.681   134.386   -29.77   11.89
  38293.590   126.490   -21.06    9.27
  38668.457   120.088   -17.08    9.27
  39043.284   115.972   -10.98    8.62
  39418.069   115.569    -1.08    8.06
  39792.813   116.939     3.66    8.42
  40167.516   118.857     5.12    6.40
  40542.178   116.800    -5.49    7.45
  40916.799   110.312   -17.32   10.97
  41291.379    99.861   -27.90   13.02
  41665.918    90.937   -23.82   12.22
  42040.415    84.807   -16.37    9.11
  42414.872    83.601    -3.22    9.12
  42789.288    84.923     3.53    9.20
  43163.662    83.852    -2.86    9.80
  43537.996    76.355   -20.03   14.35
  43912.288    62.617   -36.70   15.62
  44286.540    50.473   -32.45   13.90
  44660.751    43.273   -19.24    8.37
  45034.921    45.352     5.56   11.50
  45409.050    56.043    28.57   18.01
  45783.138    72.954    45.21   17.98
  46157.185    89.039    43.00   17.75
  46531.191   103.288    38.10   14.02
  46905.156   112.973    25.90   11.29
  47279.081   118.193    13.96    7.86
  47652.965   117.180    -2.71    9.03
  48026.808   110.369   -18.22   13.35
  48400.610   108.481    -5.05   15.45
  48774.371   113.329    12.97   18.93
  49148.092   120.955    20.41   18.06
  49521.771   126.924    15.97   10.50
  49895.411   123.008   -10.48   15.12
  50269.009   110.115   -34.51   19.19
  50642.567    95.128   -40.12   20.61
  51016.084    82.252   -34.47   18.19
  51389.560    68.024   -38.09   14.80
  51762.996    58.123   -26.51   13.27
  52136.391    47.228   -29.18   14.29
  52509.745    38.076   -24.51   14.89
  52883.059    28.159   -26.56   15.14
  53256.332    20.490   -20.55   11.94
  53629.564    17.041    -9.24    9.92
  54002.756    17.686     1.73   12.10
  54375.908    23.105    14.52   15.70
  54749.019    34.076    29.40   15.91
  55122.089    42.473    22.51   14.36
  55495.119    48.193    15.33   15.06
  55868.108    50.464     6.09   18.57
  56241.057    46.249   -11.30   21.84
  56613.965    38.904   -19.69   23.57
  56986.833    35.662    -8.69   21.27
  57359.661    36.954     3.47   26.86
  57732.448    46.058    24.42   35.00
  58105.195    55.194    24.51   37.39
  58477.901    48.990   -16.64   38.24
  58850.567    45.128   -10.36   40.94
  59223.192    39.355   -15.49   40.00
  59595.778    37.922    -3.85   41.91
  59968.322    37.731    -0.51   41.02
  60340.827    28.695   -24.26   37.11
  60713.291    23.481   -14.00   32.85
  61085.715    14.972   -22.85   24.52
  61458.099    12.590    -6.40   25.95
  61830.442     9.564    -8.13   21.64
  62202.745     4.365   -13.96   13.41
  62575.008     1.323    -8.17    4.59
  62947.231     0.358    -2.59    1.61
  63319.413    -0.010    -0.99    0.00
  63691.556    -0.010     0.00    0.00
  64063.658    -0.010     0.00    0.00
  64435.720    -0.010     0.00    0.00
  64807.741    -0.010     0.00    0.00
  65179.723    -0.010     0.00    0.00
  65551.665    -0.010     0.00    0.00
  65923.566    -0.010     0.00    0.00
  66295.428    -0.010     0.00    0.00
  66667.249    -0.010     0.00    0.00
  67039.030    -0.010     0.00    0.00
  67410.771    -0.010     0.00    0.00
  67782.472    -0.010     0.00    0.00
  68154.134    -0.010     0.00    0.00
  68525.755    -0.010     0.00    0.00
  68897.336    -0.010     0.00    0.00
  69268.877    -0.010     0.00    0.00
  69640.378    -0.010     0.00    0.00
  70011.840    -0.010     0.00    0.00
  70383.261    -0.010     0.00    0.00
  70754.642    -0.010     0.00    0.00
  71125.984    -0.010     0.00    0.00
  71497.286     0.323     0.90    1.53
  71868.547     0.832     1.37    2.78
  72239.769     1.351     1.40    3.44
  72610.951     1.753     1.08    3.70
  72982.094     2.180     1.15    4.14
  73353.196     3.193     2.73    4.65
  73724.259     4.414     3.29    5.06
  74095.281     5.817     3.78    5.09
  74466.265     7.142     3.57    4.93
  74837.208     8.760     4.36    4.17
  75208.111     9.955     3.22    2.82
  75578.975    10.956     2.70    0.79
  75949.800    10.971     0.04    0.84
  76320.584    11.125     0.42    0.86
  76691.329    11.095    -0.08    0.86
  77062.034    11.170     0.20    0.81
  77432.699    11.559     1.05    1.09
  77803.325    12.007     1.21    1.74
  78173.911    12.685     1.83    2.39
  78544.458    13.662     2.64    3.14
  78914.965    15.507     4.98    4.03
  79285.432    17.193     4.55    4.39
  79655.860    19.623     6.56    4.26
  80026.248    21.534     5.16    3.70
  80396.597    23.340     4.88    2.60
  80766.906    24.408     2.88    1.56
  81137.176    24.852     1.20    1.05
  81507.406    24.740    -0.30    1.07
  81877.596    24.590    -0.41    1.01
  82249.836    24.446    -0.39    1.05
  82628.046    24.438    -0.02    1.06
  83006.214    25.157     1.90    1.57
  83384.340    26.162     2.66    2.02
  83762.426    27.431     3.35    1.81
  84140.470    28.379     2.51    1.20
  84518.473    28.673     0.78    1.13
  84896.434    28.867     0.51    1.13
  85274.354    29.006     0.37    1.13
  85652.233    28.955    -0.13    1.15
  86030.071    28.902    -0.14    1.07
  86407.868    28.514    -1.03    1.10
  86785.623    28.111    -1.07    1.13
  87163.338    27.507    -1.60    1.35
  87541.011    27.008    -1.32    1.42
  87918.643    26.088    -2.43    1.66
  88296.233    24.438    -4.37    2.58
  88673.783    23.431    -2.67    2.82
  89051.292    22.711    -1.91    2.53
  89428.759    22.832     0.32    2.33
  89806.186    23.210     1.00    1.69
  90183.571    23.749     1.43    0.95
  90560.915    24.130     1.01    0.93
  90938.219    25.076     2.51    1.65
  91315.481    26.290     3.22    1.69
  91692.702    27.183     2.37    1.36
  92069.883    27.628     1.18    0.87
  92447.022    27.318    -0.82    1.06
  92824.120    26.686    -1.67    1.40
  93201.178    26.076    -1.62    1.72
  93578.195    25.534    -1.44    1.65
  93955.170    25.145    -1.03    1.52
  94332.105    25.335     0.50    1.52
  94708.999    25.498     0.43    1.19
  95085.852    25.440    -0.16    0.87
  95462.664    25.597     0.42    0.98
  95839.436    26.040     1.18    1.55
  96216.166    26.954     2.43    2.17
  96592.856    28.180     3.25    2.09
  96969.505    29.210     2.74    1.47
  97346.113    29.549     0.90    1.12
  97722.680    29.231    -0.84    1.22
  98099.207    28.800    -1.14    1.25
  98475.693    28.236    -1.50    1.32
  98852.138    27.722    -1.36    1.26
  99228.543    27.023    -1.86    1.38
  99604.907    26.095    -2.47    1.16
  99981.230    25.464    -1.68    1.18
 100357.513    24.731    -1.95    1.09
 100733.755    24.095    -1.69    1.10
 101109.956    23.817    -0.74    1.06
 101486.117    23.517    -0.80    0.94
 101862.237    23.498    -0.05    0.83
 102238.316    23.604     0.28    0.84
 102614.355    24.165     1.49    1.21
 102990.354    24.905     1.97    1.42
 103366.311    25.783     2.33    1.33
 103742.229    26.569     2.09    0.75
 104118.106    26.697     0.34    0.79
 104493.942    26.957     0.69    0.86
 104869.738    27.508     1.47    1.21
 105245.493    28.323     2.17    1.46
 105621.208    29.473     3.06    1.73
 105996.883    30.611     3.03    1.78
 106372.517    31.176     1.51    1.40
 106748.111    30.905    -0.72    1.42
 107123.664    30.428    -1.27    1.36
 107499.177    29.783    -1.72    1.20
 107874.650    29.257    -1.40    1.21
 108250.082    28.901    -0.95    1.25
 108625.474    28.357    -1.45    1.25
 109000.826    27.902    -1.21    1.38
 109376.137    27.604    -0.79    1.31
 109751.408    27.662     0.16    1.38
 110126.639    27.837     0.47    1.53
 110501.829    28.411     1.53    1.56
 110876.980    28.921     1.36    1.34
 111252.090    29.269     0.93    1.08
 111627.160    29.572     0.81    0.83
 112002.189    29.668     0.26    0.82
 112377.179    29.569    -0.26    0.82
 112752.128    29.628     0.16    0.93
 113127.037    29.551    -0.20    1.09
 113501.906    29.404    -0.39    1.17
 113876.735    29.249    -0.41    1.07
 114251.524    28.832    -1.11    1.07
 114626.272    28.465    -0.98    0.99
 115000.981    28.204    -0.70    0.89
 115375.650    27.832    -0.99    0.94
 115750.278    27.231    -1.60    1.14
 116124.866    26.662    -1.52    1.28
 116499.415    25.973    -1.84    1.15
 116873.923    25.498    -1.27    1.02
 117248.392    25.093    -1.08    0.87
 117622.820    24.783    -0.83    1.04
 117997.209    24.685    -0.26    1.12
 118371.557    24.620    -0.17    1.10
 118745.866    24.383    -0.63    1.12
 119120.134    23.904    -1.28    1.37
 119494.363    23.207    -1.86    1.40
 119868.552    22.507    -1.87    1.17
 120242.701    22.111    -1.06    1.17
 120616.810    21.623    -1.30    0.99
 120990.879    21.709     0.23    0.96
 121364.909    21.890     0.48    1.05
 121738.898    22.101     0.56    1.02
 122112.848    22.376     0.73    0.84
 122486.758    22.438     0.17    0.82
 122860.628    22.531     0.25    0.79
 123234.459    22.464    -0.18    0.89
 123608.249    22.507     0.12    0.86
 123982.000    22.640     0.36    0.80
 124355.711    22.902     0.70    1.02
 124729.383    23.542     1.71    1.30
 125103.015    24.190     1.73    1.18
 125476.607    24.837     1.73    1.05
 125850.159    25.117     0.75    0.96
 126223.672    25.547     1.15    1.04
 126597.146    25.955     1.09    1.00
 126970.579    26.200     0.66    0.96
 127343.973    26.464     0.71    1.18
 127717.327    26.404    -0.16    1.31
 128090.642    26.200    -0.54    1.41
 128463.917    25.668    -1.42    1.38
 128837.153    24.957    -1.91    1.53
 129210.349    24.115    -2.26    1.28
 129583.506    23.657    -1.23    1.28
 129956.623    23.446    -0.56    1.32
 130329.701    23.218    -0.61    1.21
 130702.739    23.176    -0.11    1.27
 131075.737    23.249     0.19    1.26
 131448.697    23.042    -0.55    1.26
 131821.616    23.109     0.18    1.23
 132194.497    23.007    -0.27    1.09
 132567.338    22.867    -0.37    1.07
 132940.139    23.210     0.92    1.27
 133312.901    23.379     0.45    1.22
 133685.624    23.454     0.20    1.21
 134058.308    23.168    -0.77    1.06
 134430.952    23.121    -0.13    1.12
 134803.557    23.222     0.27    1.14
 135176.122    23.524     0.81    1.29
 135548.648    23.873     0.94    1.24
 135921.135    24.151     0.74    1.19
 136293.583    24.559     1.10    1.16
 136665.991    24.844     0.77    1.25
 137038.360    24.832    -0.03    1.31
 137410.690    25.061     0.62    1.35
 137782.981    25.190     0.35    1.48
 138155.232    25.165    -0.07    1.38
 138527.445    25.197     0.08    1.28
 138899.618    25.231     0.09    1.27
 139271.752    25.043    -0.51    1.11
 139643.846    25.283     0.65    1.12
 140015.902    25.593     0.83    1.30
 140387.919    25.657     0.17    1.34
 140759.896    25.526    -0.35    1.21
 141131.835    25.580     0.15    1.19
 141503.734    25.735     0.42    1.14
 141875.594    25.922     0.50    1.10
 142247.415    25.790    -0.36    1.03
 142619.197    25.692    -0.26    1.00
 142990.941    25.704     0.03    1.02
 143362.645    25.667    -0.10    0.97
 143734.310    26.078     1.10    0.81
 144105.936    26.341     0.71    0.86
 144477.523    26.760     1.13    1.07
 144849.072    27.079     0.86    1.00
 145220.581    27.446     0.99    0.96
 145592.051    27.608     0.44    0.99
 145963.483    27.534    -0.20    1.02
 146334.875    27.735     0.54    1.19
 146706.229    27.629    -0.29    1.28
 147077.544    27.534    -0.26    1.24
 147448.820    27.586     0.14    1.16
 147820.057    27.306    -0.76    1.09
 148191.256    26.973    -0.90    1.12
 148562.415    26.692    -0.76    0.96
 148933.536    26.524    -0.45    0.86
 149304.618    26.404    -0.33    0.84
 149675.661    26.393    -0.03    0.86
 150046.665    26.273    -0.32    0.87
 150417.631    26.244    -0.08    1.04
 150788.558    26.358     0.31    1.14
 151159.446    26.397     0.11    1.11
 151530.296    25.888    -1.37    1.11
 151901.107    25.621    -0.72    1.14
 152271.879    25.301    -0.86    1.01
 152642.612    24.904    -1.07    0.88
 153013.307    24.762    -0.38    0.93
 153383.964    24.702    -0.16    0.95
 153754.581    24.369    -0.90    1.06
 154125.160    24.218    -0.41    1.02
 154495.701    24.148    -0.19    1.11
 154866.202    23.990    -0.43    1.19
 155236.666    23.954    -0.10    1.15
 155607.090    23.888    -0.18    1.11
 155977.477    23.681    -0.56    1.14
 156347.824    23.113    -1.53    1.35
 156718.133    22.535    -1.56    1.36
 157089.855    21.956    -1.56    1.50
 157467.975    21.236    -1.91    1.33
 157846.055    21.041    -0.52    1.21
 158224.095    20.714    -0.86    1.10
 158602.095    20.621    -0.24    0.98
 158980.054    20.295    -0.86    1.16
 159357.973    19.881    -1.10    1.17
 159735.852    19.865    -0.04    1.15
 160113.691    19.481    -1.01    1.09
 160491.490    19.113    -0.98    1.05
 160869.248    18.885    -0.60    1.05
 161246.967    18.615    -0.71    1.02
 161624.645    18.464    -0.40    1.13
 162002.283    18.347    -0.31    1.31
 162379.881    18.380     0.09    1.47
 162757.439    18.611     0.61    1.31
 163134.957    18.904     0.78    1.20
 163512.435    19.125     0.59    0.86
 163889.872    19.266     0.37    0.87
 164267.270    19.365     0.26    0.89
 164644.628    19.379     0.04    1.07
 165021.946    19.257    -0.32    1.10
 165399.223    19.258     0.00    1.00
 165776.461    19.227    -0.08    1.13
 166153.659    19.180    -0.13    1.22
 166530.817    19.222     0.11    1.13
 166907.935    19.278     0.15    1.07
 167285.013    19.601     0.86    1.19
 167662.051    20.183     1.54    1.33
 168039.050    20.811     1.67    1.10
 168416.008    21.559     1.98    1.40
 168792.927    22.438     2.33    1.48
 169169.805    23.329     2.36    1.74
 169546.644    24.109     2.07    1.81
 169923.443    24.847     1.96    1.65
 170300.203    25.261     1.10    1.31
 170676.922    25.418     0.42    1.31
 171053.602    25.240    -0.47    1.55
 171430.242    24.685    -1.47    1.65
 171806.842    24.393    -0.77    1.64
 172183.403    24.043    -0.93    1.39
 172559.924    23.561    -1.28    1.29
 172936.405    23.261    -0.80    1.14
 173312.846    22.865    -1.05    1.15
 173689.248    22.295    -1.51    1.10
 174065.610    21.709    -1.56    1.21
 174441.933    21.253    -1.21    1.13
 174818.216    20.803    -1.19    1.03
 175194.459    20.645    -0.42    0.97
 175570.663    20.311    -0.89    0.92
 175946.827    19.934    -1.00    1.09
 176322.952    19.414    -1.38    1.22
 176699.037    18.850    -1.50    1.20
 177075.082    18.351    -1.33    1.97
 177451.088    17.749    -1.60    2.34
 177827.054    17.464    -0.76    2.29
 178202.981    17.414    -0.13    2.16
 178578.869    17.920     1.35    1.66
 178954.717    18.200     0.75    1.08
 179330.525    18.564     0.97    0.86
 179706.294    18.448    -0.31    0.95
 180082.024    18.306    -0.38    0.89
 180457.714    18.227    -0.21    0.82
 180833.365    18.078    -0.40    0.69
 181208.976    17.937    -0.37    0.83
 181584.549    18.055     0.31    0.93
 181960.081    18.044    -0.03    0.95
 182335.575    18.095     0.14    1.08
 182711.029    17.860    -0.63    1.20
 183086.444    17.651    -0.56    1.15
 183461.819    17.472    -0.48    1.28
 183837.155    17.611     0.37    1.12
 184212.452    17.832     0.59    1.00
 184587.710    17.918     0.23    0.97
 184962.928    17.957     0.10    0.94
 185338.107    17.823    -0.36    0.91
 185713.247    17.937     0.30    0.74
 186088.348    17.954     0.04    0.84
 186463.409    17.902    -0.14    0.85
 186838.432    17.579    -0.86    1.07
 187213.415    17.266    -0.84    1.02
 187588.359    16.885    -1.02    0.96
 187963.264    16.472    -1.10    0.76
 188338.130    16.473     0.00    0.79
 188712.957    16.335    -0.37    0.80
 189087.744    16.481     0.39    0.83
 189462.493    16.535     0.14    0.81
 189837.202    16.604     0.18    0.84
 190211.873    16.686     0.22    0.81
 190586.504    16.593    -0.25    0.82
 190961.097    16.534    -0.16    0.91
 191335.650    16.311    -0.59    0.94
 191710.164    16.123    -0.50    0.98
 192084.640    15.954    -0.45    1.05
 192459.076    15.692    -0.70    1.00
 192833.474    15.863     0.46    1.04
 193207.832    16.218     0.95    1.10
 193582.152    16.604     1.03    1.10
 193956.432    16.559    -0.12    1.04
 194330.674    16.411    -0.40    1.28
 194704.877    16.240    -0.46    1.22
 195079.041    15.740    -1.34    1.17
 195453.166    15.517    -0.60    1.14
 195827.253    15.448    -0.19    0.79
 196201.300    15.590     0.38    0.95
 196575.309    15.918     0.88    0.91
 196949.279    16.180     0.70    0.95
 197323.210    16.448     0.72    0.97
 197697.102    16.464     0.04    0.91
 198070.956    16.507     0.12    0.90
 198444.771    16.357    -0.40    0.96
 198818.547    16.115    -0.65    0.94
 199192.284    16.109    -0.02    0.98
 199565.983    16.194     0.23    1.02
 199939.643    16.186    -0.02    0.98
 200313.264    16.266     0.21    0.97
 200686.847    16.059    -0.55    1.09
 201060.391    16.007    -0.14    1.05
 201433.896    16.093     0.23    1.05
 201807.363    15.938    -0.42    1.03
 202180.791    15.793    -0.39    0.92
 202554.181    15.753    -0.11    0.88
 202927.532    15.768     0.04    0.86
 203300.844    15.832     0.17    0.86
 203674.118    15.608    -0.60    0.93
 204047.353    15.490    -0.32    0.88
 204420.550    15.411    -0.21    0.91
 204793.708    15.329    -0.22    1.04
 205166.828    15.404     0.20    0.92
 205539.909    15.240    -0.44    0.86
 205912.952    14.990    -0.67    0.92
 206285.956    14.731    -0.69    0.91
 206658.922    14.464    -0.72    1.02
 207031.850    14.268    -0.53    1.02
 207404.739    13.921    -0.93    0.95
 207777.589    13.865    -0.15    1.01
 208150.402    13.617    -0.66    1.02
 208523.175    13.472    -0.39    0.93
 208895.911    13.561     0.24    1.01
 209268.608    13.793     0.62    0.96
 209641.267    13.740    -0.14    1.16
 210013.887    13.628    -0.30    1.19
 210386.470    13.638     0.03    1.18
 210759.013    13.365    -0.73    1.07
 211131.519    13.317    -0.13    0.98
 211503.986    13.373     0.15    0.90
 211876.415    13.608     0.63    1.01
 212248.806    13.569    -0.11    1.10
 212621.159    13.628     0.16    1.05
 212993.473    13.668     0.11    0.96
 213365.749    13.639    -0.08    0.88
 213737.987    13.651     0.03    0.77
 214110.187    13.758     0.29    0.76
 214482.348    13.971     0.57    0.78
 214854.472    13.990     0.05    0.83
 215226.557    13.808    -0.49    0.86
 215598.604    13.481    -0.88    0.88
 215970.614    13.306    -0.47    0.81
 216342.584    13.168    -0.37    0.83
 216714.517    13.111    -0.16    0.77
 217086.412    12.938    -0.46    0.83
 217458.269    12.918    -0.05    0.91
 217830.088    12.829    -0.24    1.02
 218201.868    12.803    -0.07    0.96
 218573.611    12.608    -0.53    1.10
 218945.316    12.651     0.12    1.06
 219316.982    12.528    -0.33    0.85
 219688.611    12.526    -0.01    0.87
 220060.202    12.534     0.02    1.00
 220431.755    12.586     0.14    1.00
 220803.270    12.579    -0.02    1.04
 221174.746    12.611     0.08    1.01
 221546.185    12.569    -0.11    0.98
 221917.587    12.535    -0.09    0.92
 222288.950    12.176    -0.97    0.92
 222660.275    11.790    -1.04    0.95
 223031.563    11.464    -0.88    1.04
 223402.812    11.027    -1.18    1.01
 223774.024    10.744    -0.76    0.97
 224145.198    10.454    -0.78    0.85
 224516.334    10.273    -0.49    0.78
 224887.433    10.244    -0.08    0.80
 225258.493    10.376     0.35    0.84
 225629.516    10.524     0.40    0.86
 226000.501    10.639     0.31    0.83
 226371.449    10.524    -0.31    0.80
 226742.358    10.393    -0.35    0.82
 227113.230    10.686     0.79    0.87
 227484.065    11.175     1.32    1.12
 227854.861    10.600    -1.55    1.95
 228225.620     9.401    -3.23    2.67
 228596.341     7.820    -4.26    2.53
 228967.025     6.317    -4.05    0.96
 229337.671     5.990    -0.88    0.00
 229708.279     5.990     0.00    0.00
 230078.850     5.990     0.00    0.00
 230449.383     5.990     0.00    0.00
 230819.878     5.990     0.00    0.00
 231190.336     5.990     0.00    0.00
 231560.756     5.990     0.00    0.00
 231932.036     5.990     0.00    0.00
 232310.073     5.990     0.00    0.00
 232688.071     6.200     0.56    0.70
 233066.029     6.621     1.11    1.13
 233443.949     7.130     1.35    1.34
 233821.829     7.621     1.30    1.33
 234199.670     7.832     0.56    1.22
 234577.472     8.097     0.70    1.19
 234955.234     8.424     0.86    1.07
 235332.958     8.770     0.91    0.97
 235710.642     9.079     0.82    0.92
 236088.288     8.955    -0.33    0.89
 236465.894     8.797    -0.42    0.97
 236843.461     8.526    -0.72    0.95
 237220.989     8.007    -1.37    1.11
 237598.478     7.342    -1.76    1.12
 237975.929     6.847    -1.31    1.09
 238353.340     6.554    -0.78    0.83
 238730.712     6.817     0.70    0.92
 239108.045     7.341     1.39    1.04
 239485.339     7.551     0.56    0.95
 239862.594     7.464    -0.23    1.10
 240239.810     6.408    -2.80    2.83
 240616.987     4.125    -6.05    5.85
 240994.125     0.749    -8.95    8.03
 241371.225    -2.782    -9.36    9.85
 241748.285    -5.343    -6.79    9.65
 242125.307    -8.421    -8.16    8.62
 242502.290   -10.887    -6.54    6.54
 242879.234   -12.865    -5.24    3.08
 243256.139   -12.796     0.18    3.25
 243633.005   -12.652     0.38    3.31
 244009.832   -12.468     0.49    3.39
 244386.621   -11.474     2.64    2.95
 244763.371   -11.528    -0.14    2.97
 245140.082   -11.747    -0.58    2.74
 245516.754   -11.921    -0.46    2.66
 245893.387   -12.596    -1.79    2.09
 246269.982   -11.862     1.95    2.08
 246646.538   -11.242     1.65    2.00
 247023.056   -10.832     1.09    1.95
 247399.535   -11.510    -1.80    2.68
 247775.975   -12.887    -3.66    3.07
 248152.376   -14.291    -3.73    2.70
 248528.739   -15.631    -3.56    1.25
 248905.063   -15.919    -0.77    1.16
 249281.348   -16.180    -0.69    1.29
 249657.595   -16.224    -0.12    1.25
 250033.803   -16.080     0.38    1.25
 250409.973   -15.642     1.17    1.75
 250786.104   -14.903     1.96    2.03
 251162.197   -14.431     1.25    2.01
 251538.251   -14.319     0.30    1.74
 251914.266   -14.782    -1.23    1.17
 252290.243   -15.086    -0.81    1.07
 252666.182   -15.400    -0.84    1.13
 253042.082   -15.483    -0.22    1.30
 253417.943   -15.150     0.88    1.52
 253793.766   -14.782     0.98    1.74
 254169.551   -14.599     0.49    1.72
 254545.297   -14.683    -0.22    1.58
 254921.005   -14.625     0.15    1.66
 255296.674   -14.599     0.07    1.53
 255672.305   -14.510     0.24    1.68
 256047.898   -14.554    -0.12    1.76
 256423.452   -14.098     1.21    1.99
 256798.968   -13.449     1.73    2.45
 257174.445   -13.291     0.42    2.60
 257549.884   -13.278     0.03    2.62
 257925.285   -14.217    -2.50    2.33
 258300.648   -14.897    -1.81    2.61
 258675.972   -15.098    -0.54    2.11
 259051.258   -14.572     1.40    2.05
 259426.506   -14.326     0.65    1.69
 259801.716   -14.326     0.00    1.64
 260176.887   -13.694     1.68    1.78
 260552.020   -12.689     2.68    2.68
 260927.115   -11.746     2.51    2.68
 261302.172   -11.264     1.28    2.47
 261677.190   -11.337    -0.19    2.30
 262052.170   -12.146    -2.16    2.43
 262427.113   -13.098    -2.54    2.09
 262802.017   -13.224    -0.34    2.01
 263176.883   -13.080     0.38    2.08
 263551.710   -12.729     0.94    2.10
 263926.500   -12.653     0.20    2.00
 264301.252   -12.899    -0.66    2.20
 264675.965   -13.367    -1.25    1.91
 265050.641   -12.828     1.44    2.14
 265425.278   -12.315     1.37    2.15
 265799.878   -12.332    -0.04    1.82
 266174.439   -13.431    -2.93    2.46
 266548.963   -15.115    -4.50    2.72
 266923.448   -16.628    -4.04    2.19
 267297.896   -17.820    -3.18    0.87
 267672.305   -17.658     0.43    1.48
 268046.677   -17.045     1.64    2.51
 268421.010   -16.595     1.20    2.82
 268795.306   -16.131     1.24    2.87
 269169.564   -15.974     0.42    2.92
 269543.784   -15.712     0.70    2.32
 269917.966   -14.572     3.05    2.66
 270292.110   -13.296     3.41    2.92
 270666.216   -12.722     1.53    2.89
 271040.284   -13.010    -0.77    3.28
 271414.315   -14.171    -3.10    3.27
 271788.308   -14.483    -0.83    2.92
 272162.263   -14.729    -0.66    2.43
 272536.180   -14.849    -0.32    2.08
 272910.059   -10.466    11.72    8.69
 273283.901    -5.115    14.31   10.83
 273657.705     0.586    15.25    9.64
 274031.471     5.770    13.86    2.75
 274405.199     6.063     0.78    0.69
 274778.890     5.956    -0.29    0.69
 275152.543     5.745    -0.57    0.73
 275526.158     5.383    -0.97    0.89
 275899.736     4.936    -1.19    1.07
 276273.275     4.779    -0.42    1.19
 276646.778     4.499    -0.75    1.10
 277020.242     4.516     0.05    1.09
 277393.669     4.692     0.47    1.12
 277767.059     4.735     0.12    0.99
 278140.411     4.814     0.21    0.89
 278513.725     4.897     0.22    0.94
 278887.002     5.007     0.29    0.91
 279260.241     4.990    -0.05    1.00
 279633.442     4.901    -0.24    1.07
 280006.606     4.597    -0.81    1.19
 280379.733     4.499    -0.26    1.09
 280752.822     4.311    -0.50    1.03
 281125.873     4.157    -0.41    1.02
 281498.887     3.904    -0.68    0.86
 281871.864     3.758    -0.39    0.81
 282244.803     3.634    -0.33    0.80
 282617.705     3.518    -0.31    0.85
 282990.569     3.258    -0.70    0.77
 283363.396     3.218    -0.11    0.80
 283736.185     3.165    -0.14    0.78
 284108.937     3.113    -0.14    0.78
 284481.652     3.060    -0.14    0.86
 284854.329     2.811    -0.67    0.86
 285226.969     2.273    -1.44    1.01
 285599.572     1.685    -1.58    1.12
 285972.137     1.081    -1.62    0.93
 286344.665     0.850    -0.62    0.90
 286717.156     0.620    -0.62    0.83
 287089.609     0.418    -0.54    0.91
 287462.025     0.078    -0.91    1.02
 287834.404    -0.349    -1.15    0.98
 288206.745    -0.832    -1.29    1.03
 288579.050    -1.150    -0.86    0.99
 288951.317    -1.343    -0.52    1.02
 289323.547    -1.288     0.15    1.02
 289695.740    -1.045     0.65    1.03
 290067.895    -0.991     0.14    0.91
 290440.014    -1.217    -0.61    1.24
 290812.095    -1.501    -0.76    1.14
 291184.139    -1.796    -0.79    1.11
 291556.146    -1.849    -0.14    1.09
 291928.116    -1.817     0.09    1.01
 292300.048    -1.582     0.63    1.20
 292671.944    -1.385     0.53    1.12
 293043.802    -1.338     0.13    1.08
 293415.624    -1.428    -0.24    1.13
 293787.408    -1.569    -0.38    1.19
 294159.156    -1.664    -0.25    1.19
 294530.866    -1.510     0.41    1.13
 294902.539    -1.572    -0.17    1.12
 295274.176    -1.466     0.28    1.05
 295645.775    -1.760    -0.79    1.01
 296017.337    -2.099    -0.91    1.01
 296388.863    -2.564    -1.25    0.89
 296760.351    -2.796    -0.62    0.68
 297131.803    -2.855    -0.16    0.62
 297503.217    -2.903    -0.13    0.41
 297874.595    -2.705     0.53    0.95
 298245.936    -2.414     0.78    1.33
 298617.239    -1.974     1.18    1.62
 298988.506    -1.937     0.10    1.72
 299359.736    -1.835     0.28    1.72
 299730.930    -2.117    -0.76    1.49
 300102.086    -2.554    -1.18    1.13
 300473.206    -2.572    -0.05    1.12
 300844.288    -2.599    -0.08    0.99
 301215.334    -2.326     0.74    1.18
 301586.344    -2.082     0.66    1.36
 301957.316    -1.291     2.13    1.62
 302328.252    -0.933     0.96    1.66
 302699.150    -1.150    -0.59    1.68
 303070.013    -1.633    -1.30    1.53
 303440.838    -2.269    -1.71    1.29
 303811.627    -2.592    -0.87    0.88
 304182.379    -2.449     0.39    1.09
 304553.094    -2.546    -0.26    1.31
 304923.773    -2.694    -0.40    1.36
 305294.415    -3.010    -0.85    1.22
 305665.020    -2.901     0.29    1.30
 306035.589    -2.659     0.65    1.38
 306406.121    -2.455     0.55    1.22
 306777.051    -1.957     1.34    1.33
 307155.004    -1.799     0.42    1.50
 307532.919    -1.817    -0.05    1.44
 307910.796    -1.628     0.50    1.57
 308288.634    -1.659    -0.08    1.63
 308666.435    -1.098     1.49    1.57
 309044.197    -0.810     0.76    1.43
 309421.921    -1.010    -0.53    1.35
 309799.607    -1.123    -0.30    1.30
 310177.255    -1.501    -1.00    1.15
 310554.864    -1.887    -1.02    0.98
 310932.436    -1.659     0.60    1.08
 311309.970    -1.677    -0.05    0.95
 311687.465    -1.769    -0.25    0.70
 312064.923    -1.992    -0.59    0.13
 312442.342    -2.010    -0.05    0.00
 312819.723    -2.010     0.00    0.00
 313197.067    -2.010     0.00    0.00
 313574.372    -1.992     0.05    0.13
 313951.640    -1.975     0.05    0.19
 314328.869    -1.939     0.10    0.85
 314706.060    -1.870     0.18    1.01
 315083.214    -1.806     0.17    1.19
 315460.330    -1.648     0.42    1.37
 315837.407    -1.421     0.60    1.29
 316214.447    -1.457    -0.09    1.43
 316591.449    -1.484    -0.07    1.31
 316968.413    -1.399     0.22    1.19
 317345.339    -1.207     0.51    1.18
 317722.227    -0.918     0.77    1.12
 318099.078    -0.582     0.89    1.22
 318475.890    -0.628    -0.12    1.50
 318852.665    -0.760    -0.35    1.73
 319229.402    -0.993    -0.62    1.76
 319606.101    -1.314    -0.85    1.70
 319982.763    -1.355    -0.11    1.48
 320359.386    -1.319     0.09    1.40
 320735.972    -1.133     0.49    1.24
 321112.521    -1.047     0.23    1.21
 321489.031    -0.957     0.24    1.21
 321865.504    -1.086    -0.34    1.34
 322241.939    -1.181    -0.25    1.43
