# NaN NaN NaN ;Mean Elev.(m), Avg Gradient(m/km), RMS Gradient(m/km) - SRTM1     
#   25.021   4.330  14.481 ;Mean Elev.(m), Avg Gradient(m/km), RMS Gradient(m/km) - ASTER GDEM
#   24.353   4.378  13.997 ;Mean Elev.(m), Avg Gradient(m/km), RMS Gradient(m/km) - GMTED2010 
 10  50.179017  53.304716   163.261   161.200 13 52568.74520792  5.146
 15  50.177745  53.304366   160.568   160.729 14 52743.74521372  1.816
 19  50.176475  53.306854    29.155    29.178 14 52883.74532333 35.088
 20  50.176649  53.324745   181.722   182.516  8 52918.74528315  0.788
 22  50.184751  53.313312    97.354   111.323  8 52988.74525140 22.341
 23  50.185658  53.315909    29.200    29.209  9 53023.74523905 29.823
 25  50.179651  53.305506   162.754   161.352 11 53093.74527067  3.577
 26  50.179575  53.305893   166.951   165.178 12 53128.74524239  3.412
 28  50.180357  53.304351    29.475    29.453 12 53198.74530969 28.781
 30  50.180306  53.325619    29.262    29.289  5 53268.74525284 46.842
 33  50.185865  53.317592    29.335    29.308  8 53373.74521231 33.058
 37  50.179160  53.306761    32.833    32.823 12 53513.74532066 34.599
 38  50.180910  53.299067   158.841   157.038  9 53548.74533756  2.125
 40  50.175543  53.328921    29.510    29.162  6 53618.74526459 42.424
 41  50.183785  53.290409    30.080    30.066  4 53653.74528034 18.451
 44  50.181094  53.305715    29.502    29.496 11 53758.74514514 28.880
 45  50.181941  53.317002    29.077    29.067 13 53793.74516814 19.448
 46  50.173187  53.310541   163.397   170.551 13 53828.74513952  7.312
 48  50.178721  53.305064    29.494    29.413 13 53898.74524470 29.037
 50  50.180212  53.301406    30.783    30.884 10 53968.74526078 15.871
 52  50.187757  53.290273   181.371   181.463  3 54038.74526361  0.516
 53  50.187887  53.296501   151.197   151.068  3 54073.74525910  2.272
 55  50.175615  53.306075    30.204    30.207 16 54143.74519825 27.833
 57  50.175648  53.305999   162.502   161.908 16 54213.74520580  5.166
 58  50.177029  53.307206    31.419    31.418 14 54248.74523437 32.536
 59  50.181216  53.307013   168.256   166.674 10 54283.74524238  3.817
 62  50.185052  53.296816   159.713   159.085  4 54388.74517796  1.154
 64  50.175414  53.306405    28.942    28.981 16 54458.74515490 38.141
 66  50.185884  53.292478   157.999   156.321  5 54528.74516474  3.073
 67  50.181469  53.316900   177.086   177.314 13 54563.74516711  1.286
 68  50.180283  53.304523    30.957    30.933 12 54598.74516302 30.543
 69  50.183211  53.297075    30.123    30.109  3 54633.74517420 18.199
 70  50.186770  53.292954   155.788   155.669  3 54668.74517842  0.731
 72  50.184669  53.289067   152.642   152.046  5 54738.74513969  0.807
 73  50.188091  53.300573   169.151   163.327  3 54773.74512522  0.857
 75  50.183177  53.306697    29.932    29.946  9 54843.74512454 30.889
 78  50.176103  53.306534    32.810    32.801 15 54948.74513219 35.110
 79  50.178241  53.305376    29.576    29.538 13 54983.74515711 29.680
 80  50.182938  53.303266   167.314   163.765  9 55018.74515339  4.504
 81  50.186245  53.300308   156.376   155.758  4 55053.74514882  0.953
 83  50.184649  53.294091   161.181   161.181  2 55123.74508403  0.737
 88  50.181169  53.317279   172.209   168.539 13 55298.74505954  2.318
 89  50.180598  53.306341    31.033    31.041 11 55333.74505012 41.148
 90  50.188466  53.295120   153.193   153.193  2 55368.74503904  1.195
 91  50.180788  53.298101    29.954    29.954  2 55403.74505611 17.115
