-119223.365    41.297     0.00    1.08
-118850.643    41.120    -0.48    1.03
-118477.960    40.985    -0.36    0.87
-118105.315    40.739    -0.66    0.87
-117732.708    40.374    -0.98    0.76
-117360.140    40.138    -0.63    0.71
-116987.610    39.930    -0.56    0.76
-116615.118    39.630    -0.80    0.85
-116242.665    39.271    -0.97    0.98
-115870.250    38.544    -1.95    1.19
-115497.873    37.947    -1.60    1.26
-115125.534    37.102    -2.27    1.36
-114753.233    36.184    -2.47    1.21
-114380.971    35.544    -1.72    1.16
-114008.747    34.980    -1.52    1.02
-113636.561    34.595    -1.03    1.00
-113264.413    34.130    -1.25    1.02
-112892.303    33.818    -0.84    1.01
-112520.232    33.351    -1.26    1.01
-112148.198    33.116    -0.63    0.99
-111776.203    32.857    -0.70    0.95
-111404.246    32.559    -0.80    0.82
-111032.327    32.481    -0.21    0.83
-110660.446    32.429    -0.14    0.85
-110288.603    32.398    -0.08    0.91
-109916.798    32.183    -0.58    0.79
-109545.031    32.058    -0.34    0.80
-109173.302    31.916    -0.38    0.80
-108801.611    31.854    -0.17    0.78
-108429.958    31.788    -0.18    0.86
-108058.343    31.807     0.05    0.88
-107686.766    31.616    -0.52    0.92
-107315.227    31.561    -0.15    1.01
-106943.726    31.404    -0.43    1.00
-106572.263    31.184    -0.59    1.03
-106200.837    31.167    -0.04    1.03
-105829.450    31.011    -0.42    0.92
-105458.100    31.024     0.03    0.95
-105086.789    30.928    -0.26    0.82
-104715.515    30.684    -0.66    0.94
-104344.279    30.579    -0.28    0.87
-103973.081    30.702     0.33    0.91
-103601.921    30.791     0.24    0.86
-103230.798    30.736    -0.15    0.79
-102859.713    30.684    -0.14    0.72
-102488.666    30.737     0.14    0.76
-102117.657    30.752     0.04    0.77
-101746.686    30.684    -0.18    0.83
-101375.752    30.684     0.00    0.92
-101004.856    30.480    -0.55    0.90
-100633.998    30.368    -0.30    0.89
-100263.177    30.268    -0.27    0.84
 -99892.394    29.939    -0.89    1.02
 -99521.649    29.630    -0.83    0.99
 -99150.942    29.391    -0.64    1.01
 -98780.272    29.374    -0.05    1.00
 -98409.640    29.357    -0.05    0.89
 -98039.045    29.357     0.00    1.02
 -97668.488    29.667     0.84    1.11
 -97297.968    30.130     1.25    1.17
 -96922.316    30.556     1.13    1.18
 -96544.172    30.854     0.79    1.11
 -96166.068    31.023     0.45    0.97
 -95788.003    31.352     0.87    0.99
 -95409.978    31.362     0.03    0.92
 -95031.991    31.439     0.20    0.92
 -94654.044    30.922    -1.37    1.35
 -94276.136    30.247    -1.79    1.78
 -93898.267    28.827    -3.76    2.09
 -93520.438    27.611    -3.22    1.57
 -93142.647    27.000    -1.62    1.00
 -92764.896    27.112     0.30    1.04
 -92387.184    27.702     1.56    1.15
 -92009.511    28.526     2.18    1.45
 -91631.877    29.630     2.92    1.51
 -91254.282    30.685     2.79    1.32
 -90876.726    31.484     2.12    0.90
 -90499.209    31.754     0.72    0.91
 -90121.732    32.123     0.98    1.00
 -89744.293    32.439     0.84    0.95
 -89366.893    32.805     0.97    1.02
 -88989.533    33.193     1.03    0.79
 -88612.211    33.416     0.59    0.89
 -88234.928    33.628     0.56    0.89
 -87857.684    33.736     0.29    1.02
 -87480.480    33.845     0.29    1.02
 -87103.314    33.737    -0.29    0.96
 -86726.187    33.649    -0.23    0.87
 -86349.099    33.666     0.04    0.91
 -85972.050    33.532    -0.35    0.99
 -85595.039    33.490    -0.11    1.11
 -85218.068    33.281    -0.56    1.07
 -84841.135    33.053    -0.61    0.97
 -84464.242    32.842    -0.56    0.97
 -84087.387    32.649    -0.51    0.99
 -83710.571    32.491    -0.42    1.01
 -83333.793    32.333    -0.42    1.03
 -82957.055    32.230    -0.27    0.99
 -82580.355    31.956    -0.73    1.04
 -82203.694    31.263    -1.84    1.44
 -81827.072    30.474    -2.10    1.34
 -81450.488    29.736    -1.96    1.14
 -81073.943    29.421    -0.84    1.11
 -80697.437    29.374    -0.12    1.39
 -80320.970    29.484     0.29    1.72
 -79944.541    29.439    -0.12    1.63
 -79568.151    29.362    -0.20    1.47
 -79191.800    29.058    -0.81    1.20
 -78815.487    28.934    -0.33    1.03
 -78439.212    28.880    -0.14    0.81
 -78062.977    28.912     0.08    0.75
 -77686.780    29.273     0.96    1.16
 -77310.621    30.058     2.09    1.54
 -76934.502    30.683     1.66    1.69
 -76558.420    30.807     0.33    1.81
 -76182.378    30.665    -0.38    1.84
 -75806.373    30.474    -0.51    1.34
 -75430.408    30.541     0.18    1.23
 -75054.480    31.561     2.71    1.88
 -74678.592    33.158     4.25    2.45
 -74302.741    34.998     4.90    2.46
 -73926.929    36.770     4.71    2.02
 -73551.156    38.065     3.45    1.28
 -73175.421    38.667     1.60    1.15
 -72799.724    39.452     2.09    1.03
 -72424.066    39.702     0.67    0.98
 -72048.447    39.960     0.69    0.98
 -71672.865    40.202     0.64    0.85
 -71297.322    40.416     0.57    0.91
 -70921.818    40.609     0.51    1.00
 -70546.351    40.877     0.71    0.93
 -70170.923    41.053     0.47    0.95
 -69795.533    41.116     0.17    0.88
 -69420.182    41.077    -0.10    0.86
 -69044.869    41.123     0.12    0.96
 -68669.594    41.102    -0.06    0.96
 -68294.357    41.273     0.46    0.89
 -67919.159    41.386     0.30    0.81
 -67543.999    41.442     0.15    0.85
 -67168.877    41.491     0.13    0.88
 -66793.793    41.434    -0.15    0.90
 -66418.748    41.386    -0.13    0.85
 -66043.740    41.474     0.23    0.82
 -65668.771    41.614     0.37    0.81
 -65293.840    41.650     0.10    0.98
 -64918.947    41.702     0.14    0.97
 -64544.092    41.973     0.72    0.93
 -64169.276    42.202     0.61    0.85
 -63794.497    42.202     0.00    0.79
 -63419.757    42.158    -0.12    0.91
 -63045.054    42.088    -0.19    1.00
 -62670.390    42.088     0.00    1.00
 -62295.763    42.368     0.75    1.06
 -61921.175    42.737     0.98    1.19
 -61546.625    42.862     0.34    1.02
 -61172.112    42.842    -0.05    0.99
 -60797.638    42.683    -0.42    0.81
 -60423.202    42.736     0.14    0.86
 -60048.803    42.825     0.24    0.89
 -59674.443    42.947     0.33    0.85
 -59300.121    42.934    -0.04    0.99
 -58925.836    43.148     0.57    1.08
 -58551.589    43.541     1.05    1.07
 -58177.381    43.702     0.43    1.00
 -57803.210    43.668    -0.09    1.08
 -57429.077    43.648    -0.05    1.00
 -57054.981    43.448    -0.54    1.03
 -56680.924    43.211    -0.63    1.03
 -56306.905    43.005    -0.55    0.91
 -55932.923    42.947    -0.15    0.91
 -55558.979    42.898    -0.13    0.86
 -55185.073    43.035     0.37    0.87
 -54811.205    42.974    -0.16    0.91
 -54437.374    42.982     0.02    0.88
 -54063.581    42.856    -0.34    0.83
 -53689.826    42.771    -0.23    0.77
 -53316.109    42.702    -0.18    0.77
 -52942.429    42.667    -0.09    0.82
 -52568.788    42.666    -0.00    0.83
 -52195.183    42.754     0.24    0.85
 -51821.617    42.825     0.19    0.89
 -51448.088    42.884     0.16    0.88
 -51074.597    42.916     0.09    0.93
 -50701.143    42.739    -0.47    1.01
 -50327.727    42.772     0.09    1.02
 -49954.349    42.842     0.19    0.88
 -49581.008    42.926     0.22    0.86
 -49207.705    43.130     0.55    0.83
 -48834.439    43.105    -0.07    0.78
 -48461.211    43.088    -0.05    1.00
 -48088.020    43.005    -0.22    0.99
 -47714.867    43.053     0.13    1.01
 -47341.752    43.284     0.62    1.05
 -46968.674    43.456     0.46    0.99
 -46595.633    43.663     0.56    1.08
 -46222.630    43.583    -0.21    1.10
 -45849.665    43.559    -0.06    1.10
 -45476.737    43.598     0.11    1.24
 -45103.846    43.595    -0.01    1.19
 -44730.993    43.596     0.01    1.05
 -44358.177    43.632     0.09    0.94
 -43985.398    43.470    -0.43    0.97
 -43612.657    43.309    -0.43    0.93
 -43239.954    43.183    -0.34    0.99
 -42867.287    42.523    -1.77    1.18
 -42494.658    41.757    -2.06    1.39
 -42122.067    40.995    -2.05    1.80
 -41749.512    39.629    -3.67    1.96
 -41376.995    38.333    -3.48    1.91
 -41004.516    37.035    -3.49    2.05
 -40632.073    35.559    -3.96    2.19
 -40259.668    33.982    -4.23    2.30
 -39887.300    32.350    -4.38    2.33
 -39514.970    30.398    -5.24    2.78
 -39142.676    28.381    -5.42    2.89
 -38770.420    26.368    -5.41    3.02
 -38398.201    24.404    -5.28    2.46
 -38026.019    23.495    -2.44    1.97
 -37653.875    22.845    -1.75    1.46
 -37281.767    22.404    -1.19    1.38
 -36909.697    21.982    -1.13    1.31
 -36537.664    21.559    -1.14    1.20
 -36165.668    20.947    -1.64    0.97
 -35793.709    20.738    -0.56    0.92
 -35421.787    20.630    -0.29    0.95
 -35049.902    20.317    -0.84    0.69
 -34678.055    20.227    -0.24    0.65
 -34306.244    20.220    -0.02    0.76
 -33934.471    20.288     0.18    0.80
 -33562.734    20.470     0.49    0.87
 -33191.035    20.541     0.19    0.83
 -32819.372    20.648     0.29    1.03
 -32447.747    20.827     0.48    1.01
 -32076.159    20.772    -0.15    1.00
 -31704.607    20.754    -0.05    0.93
 -31333.093    20.684    -0.19    0.70
 -30961.615    20.625    -0.16    0.76
 -30590.175    21.210     1.58    1.33
 -30218.771    21.993     2.11    1.74
 -29847.404    23.035     2.81    2.03
 -29476.074    24.156     3.02    1.87
 -29104.781    24.630     1.28    2.85
 -28733.525    23.491    -3.07    6.32
 -28362.306    20.934    -6.89    8.71
 -27991.124    15.237   -15.35   10.57
 -27619.978    11.211   -10.85    9.50
 -27248.869     6.807   -11.87    5.59
 -26877.797     5.065    -4.69    1.96
 -26506.762     4.912    -0.41    1.92
 -26135.764     4.739    -0.47    1.81
 -25764.803     4.648    -0.24    1.61
 -25393.878     5.265     1.66    2.23
 -25022.990     5.327     0.17    2.42
 -24652.138     5.202    -0.34    2.61
 -24281.324     4.772    -1.16    2.27
 -23910.546     5.273     1.35    2.46
 -23539.805     5.755     1.30    2.03
 -23169.100     6.298     1.46    1.43
 -22798.433     6.138    -0.43    1.07
 -22427.802     5.771    -0.99    1.01
 -22052.636     5.298    -1.26    1.11
 -21674.575     5.148    -0.40    1.22
 -21296.552     4.974    -0.46    1.50
 -20918.567     4.912    -0.16    1.96
 -20540.621     4.416    -1.31    2.07
 -20162.713     4.345    -0.19    2.29
 -19784.843     4.470     0.33    2.28
 -19407.011     3.875    -1.57    2.39
 -19029.218     3.719    -0.41    2.38
 -18651.463     2.845    -2.32    2.62
 -18273.745     1.789    -2.79    2.57
 -17896.066     1.987     0.52    2.91
 -17518.425     2.920     2.47    3.29
 -17140.822     2.978     0.15    3.26
 -16763.257     3.004     0.07    3.20
 -16385.731     3.130     0.34    3.41
 -16008.242     3.647     1.37    3.55
 -15630.791     4.648     2.65    3.01
 -15253.379     5.434     2.08    1.71
 -14876.004     5.255    -0.47    1.84
 -14498.668     5.273     0.05    1.92
 -14121.369     5.317     0.12    1.88
 -13744.108     6.088     2.04    2.61
 -13366.886     6.845     2.01    3.19
 -12989.701     6.912     0.18    3.36
 -12612.554     6.987     0.20    3.47
 -12235.446     6.523    -1.23    3.26
 -11858.375     5.426    -2.91    2.16
 -11481.342     4.884    -1.44    1.97
 -11104.347     5.166     0.75    1.93
 -10727.390     5.942     2.06    2.12
 -10350.470     6.345     1.07    1.95
  -9973.589     6.737     1.04    1.81
  -9596.745     6.738     0.00    2.11
  -9219.939     6.737    -0.00    2.44
  -8843.171     6.442    -0.78    2.69
  -8466.441     5.809    -1.68    2.81
  -8089.749     5.551    -0.69    2.66
  -7713.094     5.842     0.77    2.57
  -7336.477     6.484     1.70    2.41
  -6959.898     6.930     1.19    1.85
  -6583.356     7.184     0.67    2.05
  -6206.853     7.174    -0.03    2.04
  -5830.387     6.895    -0.74    2.58
  -5453.958     6.471    -1.13    2.95
  -5077.568     5.809    -1.76    3.45
  -4701.215     5.411    -1.06    3.81
  -4324.900     5.211    -0.53    4.13
  -3948.622     4.263    -2.52    4.48
  -3572.382     3.596    -1.77    4.76
  -3196.179     2.684    -2.43    4.51
  -2820.015     1.375    -3.48    3.09
  -2443.887     0.649    -1.93    1.74
  -2067.798     0.316    -0.89    1.06
  -1691.746     0.088    -0.61    0.86
  -1315.731    -0.080    -0.45    0.69
   -939.754    -0.155    -0.20    0.62
   -563.815     1.930     5.55    6.40
   -187.913     4.665     7.28    9.30
    187.952     7.386     7.24   10.60
    563.779     9.868     6.61   11.19
    939.568    10.702     2.22   10.98
   1315.320    13.011     6.15   11.20
   1691.035    14.380     3.64   10.96
   2066.712    18.070     9.82   10.16
   2442.352    21.755     9.81    8.12
   2817.954    24.322     6.83    6.30
   3193.519    26.776     6.53    2.55
   3569.046    28.041     3.37    2.00
   3944.537    28.872     2.21    1.81
   4319.989    29.845     2.59    1.91
   4695.405    30.666     2.19    1.69
   5070.783    31.237     1.52    1.46
   5446.124    31.649     1.10    1.25
   5821.427    31.612    -0.10    1.18
   6196.694    31.416    -0.52    1.29
   6571.922    30.933    -1.29    1.38
   6947.114    30.426    -1.35    1.37
   7322.269    29.720    -1.88    1.07
   7697.386    29.333    -1.03    0.96
   8072.466    28.970    -0.97    1.18
   8447.508    28.630    -0.90    1.25
   8822.514    27.895    -1.96    1.60
   9197.482    26.887    -2.69    1.66
   9572.413    25.737    -3.07    1.81
   9947.307    24.554    -3.16    1.98
  10322.164    23.077    -3.94    2.32
  10696.984    21.720    -3.62    2.27
  11071.767    20.523    -3.19    1.66
  11446.512    19.452    -2.86    1.12
  11821.220    18.902    -1.47    1.06
  12195.892    18.754    -0.39    1.11
  12570.526    18.646    -0.29    0.98
  12945.123    18.754     0.29    0.79
  13319.683    18.607    -0.39    0.79
  13694.206    18.561    -0.12    1.03
  14068.692    18.220    -0.91    1.03
  14443.141    18.255     0.10    1.01
  14817.553    18.298     0.11    0.98
  15191.928    18.647     0.93    0.89
  15566.266    19.112     1.24    0.89
  15940.567    19.606     1.32    0.98
  16314.832    20.237     1.69    1.16
  16689.059    21.284     2.80    1.69
  17063.249    22.561     3.41    2.05
  17437.402    24.559     5.34    2.28
  17811.519    26.228     4.46    2.22
  18185.599    27.862     4.37    2.21
  18559.641    29.193     3.56    1.67
  18933.647    30.298     2.96    1.57
  19307.616    31.067     2.06    1.37
  19681.548    31.789     1.93    1.35
  20055.444    32.442     1.75    1.14
  20429.302    33.281     2.24    1.48
  20803.124    34.029     2.00    1.66
  21176.909    34.184     0.41    1.60
  21550.657    34.368     0.49    1.46
  21924.369    34.184    -0.49    1.43
  22298.043    33.596    -1.57    1.08
  22671.681    33.480    -0.31    1.02
  23045.282    33.667     0.50    1.18
  23418.847    33.759     0.25    1.24
  23792.375    33.720    -0.11    1.38
  24165.866    33.595    -0.33    1.25
  24539.320    33.632     0.10    1.13
  24912.738    33.754     0.33    1.09
  25286.119    34.255     1.34    1.11
  25659.464    34.720     1.24    1.00
  26032.772    34.739     0.05    0.98
  26406.043    34.474    -0.71    0.93
  26779.278    33.956    -1.39    1.13
  27152.476    33.404    -1.48    1.22
  27525.637    32.720    -1.83    1.16
  27898.762    32.095    -1.68    1.15
  28271.851    31.509    -1.57    1.16
  28644.903    30.862    -1.73    1.09
  29017.918    30.140    -1.94    1.31
  29390.897    29.593    -1.47    1.41
  29763.839    29.023    -1.53    1.48
  30136.745    28.356    -1.79    1.49
  30509.615    27.825    -1.42    1.43
  30882.447    27.393    -1.16    1.29
  31255.244    27.158    -0.63    1.18
  31628.004    26.916    -0.65    1.06
  32000.728    26.632    -0.76    1.05
  32373.415    26.327    -0.82    1.10
  32746.066    26.029    -0.80    1.11
  33118.680    25.596    -1.16    1.08
  33491.258    25.324    -0.73    0.92
  33863.800    25.273    -0.14    0.97
  34236.305    25.048    -0.60    0.97
  34608.774    24.773    -0.74    0.99
  34981.207    24.429    -0.92    1.03
  35353.603    23.934    -1.33    1.03
  35725.964    23.630    -0.82    1.01
  36098.287    23.702     0.19    0.99
  36470.575    23.579    -0.33    1.00
  36842.826    23.538    -0.11    1.05
  37215.041    23.491    -0.13    1.03
  37587.220    23.381    -0.30    1.00
  37959.362    23.416     0.09    1.09
  38331.469    23.306    -0.30    1.08
  38703.539    23.041    -0.71    1.15
  39075.573    22.647    -1.06    1.13
  39447.571    22.434    -0.57    0.98
  39819.532    22.579     0.39    0.98
  40191.458    22.556    -0.06    1.03
  40563.347    22.559     0.01    1.14
  40935.200    22.538    -0.06    1.17
  41307.017    22.930     1.05    1.31
  41678.798    23.394     1.25    1.11
  42050.543    23.220    -0.47    1.10
  42422.252    22.424    -2.14    1.65
  42793.924    21.291    -3.05    1.60
  43165.561    20.368    -2.48    1.12
  43537.162    19.898    -1.27    0.64
  43908.726    19.684    -0.58    0.40
  44280.255    19.646    -0.10    0.45
  44651.747    20.228     1.57    1.43
  45023.204    21.302     2.89    2.10
  45394.625    22.772     3.96    2.28
  45766.009    24.317     4.16    1.68
  46137.358    25.005     1.85    0.97
  46508.671    25.298     0.79    0.91
  46879.947    25.595     0.80    0.98
  47251.188    25.591    -0.01    1.06
  47622.393    25.351    -0.65    1.13
  47993.562    24.970    -1.03    1.07
  48364.695    24.862    -0.29    1.14
  48735.793    24.614    -0.67    1.04
  49106.854    24.416    -0.53    1.11
  49477.880    24.952     1.44    1.46
  49848.869    25.374     1.14    1.55
  50219.823    26.088     1.92    1.63
  50590.742    26.683     1.60    1.32
  50961.624    26.434    -0.67    1.26
  51332.470    26.381    -0.14    1.19
  51703.281    26.421     0.11    1.05
  52074.056    26.574     0.41    1.04
  52444.795    26.646     0.19    1.02
  52819.552    26.577    -0.19    0.99
  53197.533    26.393    -0.49    0.98
  53575.477    25.934    -1.21    1.10
  53953.383    25.739    -0.52    1.21
  54331.252    25.434    -0.81    1.37
  54709.084    25.183    -0.66    1.45
  55086.879    25.148    -0.09    1.13
  55464.636    25.102    -0.12    1.06
  55842.357    25.247     0.39    1.21
  56220.040    25.362     0.31    1.20
  56597.686    25.279    -0.22    1.11
  56975.295    25.112    -0.44    0.91
  57352.866    24.850    -0.70    1.12
  57730.401    24.281    -1.51    1.41
  58107.898    23.702    -1.53    1.40
  58485.359    23.202    -1.32    1.56
  58862.782    22.666    -1.42    1.48
  59240.169    22.221    -1.18    1.46
  59617.518    22.271     0.13    1.43
  59994.830    22.265    -0.01    1.27
  60372.105    22.130    -0.36    1.25
  60749.343    21.756    -0.99    1.38
  61126.544    21.265    -1.30    1.37
  61503.709    20.982    -0.75    1.41
  61880.836    20.279    -1.87    1.09
  62257.926    19.773    -1.34    0.87
  62634.979    19.628    -0.39    0.89
  63011.995    19.577    -0.14    0.83
  63388.975    20.029     1.20    1.19
  63765.917    20.794     2.03    1.29
  64142.823    21.380     1.55    1.34
  64519.692    21.947     1.50    1.22
  64896.523    22.023     0.20    1.22
  65273.318    21.813    -0.56    0.92
  65650.076    21.737    -0.20    1.01
  66026.798    21.702    -0.09    0.89
  66403.482    21.517    -0.49    0.80
  66780.130    21.526     0.03    0.91
  67156.740    21.498    -0.08    0.90
  67533.314    21.684     0.49    0.86
  67909.852    21.626    -0.15    0.94
  68286.352    21.345    -0.75    1.00
  68662.816    21.130    -0.57    1.04
  69039.243    20.773    -0.95    1.04
  69415.633    20.452    -0.85    0.84
  69791.987    20.387    -0.17    0.82
  70168.304    20.470     0.22    0.79
  70544.584    20.702     0.62    0.91
  70920.827    20.952     0.66    0.94
  71297.034    21.202     0.66    1.06
  71673.204    21.174    -0.07    1.05
  72049.338    21.255     0.21    1.06
  72425.435    21.146    -0.29    1.00
  72801.495    21.140    -0.02    0.98
  73177.519    21.035    -0.28    0.93
  73553.506    20.930    -0.28    0.95
  73929.456    20.887    -0.11    1.01
  74305.370    20.456    -1.15    1.06
  74681.248    20.112    -0.91    0.76
  75057.088    20.065    -0.13    0.70
  75432.893    20.112     0.13    0.71
  75808.661    20.117     0.01    0.66
  76184.392    20.095    -0.06    0.62
  76560.087    20.211     0.31    0.67
  76935.745    20.184    -0.07    0.66
  77311.367    20.291     0.29    0.78
  77686.952    20.257    -0.09    0.79
  78062.501    20.309     0.14    0.89
  78438.014    20.387     0.21    0.91
  78813.490    20.491     0.28    0.92
  79188.930    20.836     0.92    1.17
  79564.333    20.912     0.20    1.11
  79939.700    20.665    -0.66    0.99
  80315.031    20.579    -0.23    1.02
  80690.325    20.498    -0.22    0.81
  81065.583    20.387    -0.30    0.72
  81440.805    20.302    -0.23    0.76
  81815.990    20.268    -0.09    0.77
  82191.139    20.059    -0.56    0.62
  82566.251    20.109     0.13    0.74
  82941.328    20.220     0.29    0.89
  83316.368    20.229     0.03    0.88
  83691.372    20.054    -0.47    0.83
  84066.339    19.934    -0.32    0.71
  84441.271    19.756    -0.47    0.30
  84816.166    19.755    -0.00    0.35
  85191.025    19.740    -0.04    0.34
  85565.848    19.737    -0.01    0.38
  85940.634    19.739     0.01    0.39
  86315.385    19.737    -0.01    0.33
  86690.099    19.738     0.00    0.33
  87064.777    19.755     0.05    0.40
  87439.419    19.809     0.14    0.45
  87814.025    19.813     0.01    0.54
  88188.595    19.737    -0.20    0.71
  88563.128    19.609    -0.34    0.90
  88937.626    19.755     0.39    0.70
  89312.087    19.757     0.01    0.63
  89686.513    19.791     0.09    0.51
  90060.902    19.684    -0.29    0.59
  90435.256    19.611    -0.20    0.65
  90809.573    19.456    -0.41    0.61
  91183.854    19.313    -0.38    0.68
  91558.100    19.281    -0.09    0.63
  91932.309    19.240    -0.11    0.61
  92306.482    19.421     0.48    0.49
  92680.620    19.591     0.45    0.32
  93054.721    19.595     0.01    0.31
  93428.787    19.609     0.04    0.29
  93802.816    19.593    -0.04    0.31
  94176.810    19.595     0.01    0.37
  94550.768    19.589    -0.02    0.47
  94924.689    19.684     0.25    0.49
  95298.575    19.663    -0.06    0.44
  95672.426    19.596    -0.18    0.36
  96046.240    19.356    -0.64    0.55
  96420.018    19.079    -0.74    0.74
  96793.761    18.930    -0.40    0.76
  97167.468    18.811    -0.32    0.79
  97541.139    18.502    -0.83    1.15
  97914.774    18.502     0.00    1.19
  98288.373    18.755     0.68    1.26
  98661.937    18.894     0.37    1.27
  99035.465    19.327     1.16    0.93
  99408.957    19.665     0.91    0.27
  99782.413    19.666     0.00    0.33
 100155.834    19.702     0.10    0.43
 100529.219    19.738     0.10    0.47
 100902.568    19.773     0.09    0.37
 101275.881    19.739    -0.09    0.27
 101649.159    19.934     0.52    0.54
 102022.402    20.029     0.25    0.58
 102395.608    19.965    -0.17    0.55
 102768.779    19.956    -0.02    0.62
 103141.914    19.898    -0.16    0.59
 103515.014    19.776    -0.33    0.67
 103888.078    19.559    -0.58    0.77
 104261.107    19.419    -0.38    0.99
 104634.100    19.381    -0.10    1.00
 105007.057    19.684     0.81    0.95
 105379.979    19.990     0.82    0.61
 105752.865    20.112     0.33    0.63
 106125.716    20.023    -0.24    0.55
 106498.531    19.934    -0.24    0.54
 106871.311    19.956     0.06    0.55
 107244.055    19.942    -0.04    0.51
 107616.763    19.970     0.07    0.52
 107989.437    19.942    -0.07    0.47
 108362.074    19.845    -0.26    0.55
 108734.677    19.702    -0.38    0.71
 109107.244    19.520    -0.49    0.67
 109479.775    19.144    -1.01    0.96
 109852.271    18.434    -1.91    1.57
 110224.732    17.884    -1.48    1.53
 110597.157    17.612    -0.73    1.39
 110969.547    17.938     0.87    1.44
 111341.901    18.591     1.75    1.09
 111714.221    18.827     0.63    0.97
 112086.504    19.054     0.61    0.97
 112458.753    19.220     0.45    1.10
 112830.966    19.490     0.73    0.89
 113203.144    19.648     0.42    0.59
 113575.287    19.572    -0.20    0.48
 113947.394    19.630     0.16    0.46
 114319.466    19.757     0.34    0.49
 114691.503    19.827     0.19    0.57
 115063.504    19.920     0.25    0.60
 115435.470    19.862    -0.15    0.65
 115807.401    19.719    -0.38    0.52
 116179.297    19.591    -0.35    0.50
 116551.158    19.702     0.30    0.54
 116922.983    19.702     0.00    0.59
 117294.774    19.630    -0.19    0.66
 117666.529    19.628    -0.01    0.67
 118038.249    19.647     0.05    0.65
 118409.933    19.609    -0.10    0.65
 118781.583    19.593    -0.04    0.90
 119153.198    19.611     0.05    0.99
 119524.777    19.702     0.24    0.99
 119896.321    20.011     0.83    0.69
 120267.831    19.947    -0.17    0.59
 120639.305    19.898    -0.13    0.55
 121010.744    19.875    -0.06    0.51
 121382.148    19.845    -0.08    0.70
 121753.517    19.683    -0.44    0.77
 122124.851    19.559    -0.33    0.92
 122496.150    19.520    -0.10    0.86
 122867.414    19.405    -0.31    0.86
 123238.643    19.487     0.22    0.68
 123609.837    19.628     0.38    0.47
 123980.996    19.559    -0.19    0.48
 124352.120    19.593     0.09    0.46
 124723.209    19.429    -0.44    0.71
 125094.264    19.279    -0.41    0.82
 125465.283    19.291     0.03    0.76
 125836.267    19.079    -0.57    0.92
 126207.217    18.666    -1.11    1.28
 126578.131    18.447    -0.59    1.39
 126949.011    18.220    -0.61    1.26
 127319.856    18.505     0.77    1.07
 127694.278    18.865     0.96    0.92
 128072.181    19.184     0.84    0.74
 128450.048    19.230     0.12    0.80
 128827.879    19.302     0.19    0.71
 129205.673    19.174    -0.34    0.84
 129583.432    18.928    -0.65    0.87
 129961.154    18.702    -0.60    0.89
 130338.840    18.520    -0.48    0.90
 130716.489    18.247    -0.72    0.92
 131094.102    17.985    -0.69    0.99
 131471.680    17.902    -0.22    0.97
 131849.221    18.109     0.55    0.90
 132226.725    18.470     0.95    0.85
 132604.194    18.884     1.10    0.92
 132981.627    19.109     0.60    0.86
 133359.023    19.120     0.03    0.90
 133736.383    19.144     0.06    0.89
 134113.707    19.184     0.11    0.81
 134490.995    19.230     0.12    0.80
 134868.247    19.362     0.35    0.61
 135245.463    19.484     0.32    0.50
 135622.643    19.465    -0.05    0.43
 135999.787    19.416    -0.13    0.53
 136376.895    19.356    -0.16    0.59
 136753.966    19.327    -0.08    0.62
 137131.002    19.343     0.04    0.62
 137508.002    19.331    -0.03    0.59
 137884.966    19.309    -0.06    0.62
 138261.893    19.276    -0.09    0.72
 138638.785    19.102    -0.46    0.76
 139015.641    18.898    -0.54    0.80
 139392.461    18.970     0.19    0.75
 139769.245    18.985     0.04    0.77
 140145.993    18.987     0.01    0.82
 140522.705    18.905    -0.22    0.86
 140899.381    18.683    -0.59    1.04
 141276.022    18.535    -0.39    1.06
 141652.626    18.607     0.19    1.02
 142029.195    18.612     0.01    0.98
 142405.728    18.456    -0.41    0.96
 142782.225    18.077    -1.01    1.14
 143158.686    17.850    -0.60    1.14
 143535.111    17.350    -1.33    1.17
 143911.501    17.077    -0.73    1.17
 144287.855    16.856    -0.59    1.32
 144664.173    16.648    -0.55    1.30
 145040.455    16.663     0.04    1.05
 145416.701    16.630    -0.09    0.99
 145792.912    16.183    -1.19    1.13
 146169.087    15.758    -1.13    1.29
 146545.227    15.237    -1.38    1.46
 146921.330    14.626    -1.62    1.30
 147297.398    14.247    -1.01    1.34
 147673.430    13.564    -1.82    1.64
 148049.427    13.465    -0.26    1.49
 148425.388    13.381    -0.22    1.49
 148801.313    13.059    -0.86    1.39
 149177.203    12.683    -1.00    1.63
 149553.057    11.776    -2.41    1.89
 149928.876    10.961    -2.17    1.46
 150304.658    10.567    -1.05    1.24
 150680.406    10.120    -1.19    1.15
 151056.118    10.375     0.68    1.35
 151431.794    10.452     0.20    1.50
 151807.434    10.920     1.25    1.58
 152183.039    11.368     1.19    1.33
 152558.609    11.845     1.27    1.34
 152934.143    12.117     0.72    1.39
 153309.642    12.345     0.61    1.58
 153685.105    12.471     0.34    2.01
 154060.532    12.120    -0.93    2.39
 154435.925    10.961    -3.09    2.43
 154811.281    10.072    -2.37    1.84
 155186.603     9.595    -1.27    1.00
 155561.888     9.405    -0.50    0.88
 155937.139     9.452     0.12    0.86
 156312.354     9.202    -0.67    1.18
 156687.533     9.327     0.33    1.24
 157062.678     9.202    -0.33    1.30
 157437.787     9.327     0.33    1.23
 157812.860     9.183    -0.38    1.33
 158187.898     9.265     0.22    1.48
 158562.901     9.434     0.45    1.36
 158937.869     9.702     0.71    1.21
 159312.801     9.720     0.05    1.29
 159687.698     9.586    -0.36    1.17
 160062.560     9.938     0.94    1.37
 160437.386    10.424     1.30    1.41
 160812.177    10.626     0.54    1.19
 161186.933    10.487    -0.37    1.32
 161561.654    10.265    -0.59    1.36
 161936.339     9.887    -1.01    1.48
 162310.989    10.086     0.53    1.69
 162685.604    10.220     0.36    1.64
 163060.184    10.381     0.43    1.53
 163434.729    10.593     0.57    1.51
 163809.238    10.405    -0.50    1.64
 164183.712    10.148    -0.69    1.81
 164558.151     9.452    -1.86    1.68
 164932.555     9.004    -1.20    1.66
 165306.924     9.041     0.10    1.56
 165681.258     9.433     1.05    1.33
 166055.557     9.684     0.67    1.14
 166429.820    10.098     1.11    0.91
 166804.049     9.970    -0.34    1.31
 167178.242    10.102     0.35    1.55
 167552.401    10.098    -0.01    1.57
 167926.524    10.273     0.47    1.59
 168300.612    10.721     1.20    0.97
 168674.666    10.720    -0.00    1.02
 169048.684    10.856     0.36    1.14
 169422.667    11.011     0.42    1.20
 169796.616    11.035     0.06    1.23
 170170.529    11.184     0.40    1.18
 170544.408    11.035    -0.40    1.23
 170918.251    11.047     0.03    1.31
 171292.060    11.284     0.63    1.62
 171665.833    11.475     0.51    1.76
 172039.572    11.484     0.02    2.00
 172413.276    11.740     0.69    2.22
 172786.944    12.059     0.85    2.28
 173160.579    12.517     1.22    2.10
 173534.178    12.970     1.21    1.87
 173907.742    13.593     1.67    1.23
 174281.271    13.868     0.74    0.75
 174654.766    13.720    -0.40    0.86
 175028.226    13.362    -0.96    1.06
 175401.651    12.880    -1.29    1.22
 175775.041    12.644    -0.63    1.26
 176148.396    12.302    -0.92    1.30
 176521.717    11.887    -1.11    1.33
 176895.003    12.065     0.48    1.44
 177268.254    12.011    -0.15    1.39
 177641.471    12.442     1.16    1.52
 178014.652    13.004     1.50    1.31
 178387.799    12.720    -0.76    1.47
 178760.911    11.868    -2.28    1.91
 179133.989    11.375    -1.32    1.81
 179507.032    11.484     0.29    2.06
 179880.040    11.996     1.37    2.29
 180253.013    12.970     2.61    1.94
 180625.952    13.535     1.52    1.54
 180998.857    13.535     0.00    1.22
 181371.726    13.148    -1.04    1.26
 181744.561    12.438    -1.91    1.56
 182117.362    11.452    -2.64    1.67
 182490.127    10.490    -2.58    1.40
 182862.859     9.794    -1.87    1.26
 183235.555     9.535    -0.70    1.04
 183608.217     9.146    -1.04    0.95
 183980.845     8.884    -0.70    1.04
 184353.438     8.648    -0.63    1.02
 184725.996     8.494    -0.41    0.93
 185098.520     8.331    -0.44    0.92
 185471.010     8.193    -0.37    0.84
 185843.465     8.023    -0.46    0.85
 186215.885     7.952    -0.19    0.92
 186588.271     8.048     0.26    1.15
 186960.623     8.505     1.23    1.42
 187332.940     8.646     0.38    1.43
 187705.223     8.429    -0.58    1.42
 188077.471     8.331    -0.26    1.28
 188449.685     8.887     1.49    1.84
 188821.864    10.059     3.15    2.55
 189194.010    11.776     4.61    2.40
 189566.120    12.956     3.17    1.86
 189938.197    13.509     1.49    1.43
 190310.239    12.380    -3.03    2.52
 190682.246    10.683    -4.56    2.78
 191054.220     8.793    -5.08    2.37
 191426.159     7.517    -3.43    1.23
 191798.063     7.541     0.07    1.22
 192169.934     7.466    -0.20    1.23
 192541.770     7.628     0.43    1.15
 192913.572     7.572    -0.15    1.03
 193285.339     7.702     0.35    0.92
 193657.072     7.411    -0.78    0.74
 194028.772     7.402    -0.02    0.74
 194400.436     7.520     0.32    0.86
 194772.067     7.591     0.19    1.02
 195143.663     7.776     0.50    1.15
 195515.226     7.868     0.25    1.34
 195886.754     7.985     0.31    1.34
 196258.248     8.112     0.34    1.44
 196629.707     8.424     0.84    1.37
 197001.133     8.905     1.30    1.09
 197372.524     9.072     0.45    1.00
 197743.881     9.265     0.52    0.94
 198115.205     9.336     0.19    0.95
 198486.494     9.737     1.08    1.11
 198857.749     9.905     0.45    0.96
 199228.969     9.862    -0.12    0.97
 199600.156     9.850    -0.03    1.00
 199971.309     9.998     0.40    1.16
 200342.428    10.502     1.36    1.25
 200713.512    10.813     0.84    1.04
 201084.563    10.898     0.23    0.92
 201455.579    10.362    -1.44    1.11
 201826.562     9.684    -1.83    1.20
 202197.511     9.433    -0.68    1.17
 202571.674     8.938    -1.32    1.10
 202949.498     8.720    -0.58    1.12
 203327.287     9.004     0.75    1.15
 203705.040     9.077     0.19    1.10
 204082.758     9.494     1.10    1.39
 204460.441     9.956     1.22    1.67
 204838.088    10.349     1.04    1.91
 205215.701    10.646     0.79    1.89
 205593.277    10.405    -0.64    1.99
 205970.819    10.237    -0.44    2.02
 206348.325     9.990    -0.65    1.96
 206725.797    10.551     1.48    1.79
 207103.233    11.091     1.43    1.55
 207480.633    10.913    -0.47    1.29
 207857.999    10.380    -1.41    1.22
 208235.329     9.928    -1.20    1.35
 208612.624     9.541    -1.03    1.26
 208989.884     9.487    -0.14    1.14
 209367.109     9.517     0.08    1.05
 209744.298     9.884     0.97    1.32
 210121.453    10.542     1.74    1.46
 210498.572    10.720     0.47    1.31
 210875.656    10.831     0.30    1.12
 211252.705    10.554    -0.74    1.04
 211629.719    10.737     0.49    1.51
 212006.698    11.153     1.10    1.57
 212383.642    11.665     1.36    1.79
 212760.551    12.279     1.63    1.72
 213137.425    12.532     0.67    1.55
 213514.264    12.776     0.65    1.39
 213891.067    12.356    -1.12    1.45
 214267.836    12.059    -0.79    1.41
 214644.570    11.961    -0.26    1.88
 215021.268    11.702    -0.69    1.86
 215397.932    11.427    -0.73    1.54
 215774.561    11.239    -0.50    1.13
 216151.155    11.362     0.33    1.18
 216527.714    11.447     0.23    1.14
 216904.238    11.405    -0.11    1.11
 217280.727    11.072    -0.89    1.12
 217657.181    10.374    -1.85    1.31
 218033.600    10.029    -0.92    1.15
 218409.984    10.017    -0.03    1.38
 218786.334    10.229     0.56    1.36
 219162.648    10.237     0.02    1.14
 219538.928    10.144    -0.25    1.26
 219915.173     9.570    -1.53    1.37
 220291.383     9.480    -0.24    1.61
 220667.558    10.048     1.51    2.47
 221043.699    10.862     2.17    2.59
 221419.804    11.894     2.74    2.35
 221795.875    12.809     2.43    2.54
 222171.911    13.229     1.12    2.72
 222547.913    13.109    -0.32    2.86
 222923.879    12.095    -2.70    3.03
 223299.811    10.042    -5.46    2.00
 223675.708     9.202    -2.23    1.39
 224051.571     8.834    -0.98    1.27
 224427.398     8.794    -0.11    1.09
 224803.191     9.362     1.51    1.32
 225178.950     9.961     1.59    1.40
 225554.673    10.880     2.45    1.87
 225930.362    11.909     2.74    2.14
 226306.017    13.035     3.00    1.98
 226681.637    13.822     2.09    1.33
 227057.222    13.942     0.32    0.95
 227432.772    14.538     1.59    1.41
 227808.288    14.920     1.02    1.45
 228183.769    14.702    -0.58    1.91
 228559.216    14.165    -1.43    2.24
 228934.628    12.956    -3.22    2.20
 229310.006    11.952    -2.68    1.80
 229685.349    11.284    -1.78    1.78
 230060.658    10.794    -1.30    1.42
 230435.932    10.595    -0.53    1.38
 230811.171    10.570    -0.07    1.30
 231186.376    10.554    -0.04    1.28
 231561.547    10.757     0.54    1.60
 231936.683    11.192     1.16    1.94
 232311.784    11.574     1.02    2.46
 232686.852    11.996     1.12    2.76
 233061.884    12.648     1.74    2.89
 233436.883    13.683     2.76    2.88
 233811.846    14.060     1.01    2.48
 234186.776    13.987    -0.19    2.00
 234561.671    14.356     0.98    1.98
 234936.532    14.593     0.63    2.08
 235311.358    15.259     1.78    2.15
 235686.150    16.313     2.81    2.19
 236060.908    17.405     2.91    2.19
 236435.631    18.567     3.10    2.26
 236810.320    20.011     3.85    1.74
 237184.974    21.017     2.68    2.07
 237559.595    22.535     4.05    2.50
 237934.181    24.162     4.34    3.00
 238308.732    25.850     4.51    2.94
 238683.250    27.819     5.26    2.24
 239057.733    28.998     3.15    1.95
 239432.182    29.776     2.08    1.65
 239806.597    30.148     0.99    1.58
 240180.977    30.623     1.27    1.61
 240555.323    31.298     1.80    1.98
 240929.635    31.961     1.77    1.94
 241303.913    32.606     1.72    1.79
 241678.157    33.574     2.59    2.01
 242052.366    34.153     1.54    1.85
 242426.542    34.577     1.13    1.67
 242800.683    35.480     2.41    1.61
 243174.790    36.183     1.88    1.41
 243548.863    36.916     1.96    1.73
 243922.902    37.859     2.52    1.59
 244296.906    38.265     1.09    1.52
 244670.877    38.759     1.32    1.45
 245044.814    39.257     1.33    1.82
 245418.716    40.029     2.06    1.80
 245792.584    41.074     2.80    1.67
 246166.419    41.595     1.39    1.58
 246540.219    41.405    -0.51    1.60
 246913.985    41.572     0.45    1.67
 247287.718    41.779     0.55    2.04
 247661.416    42.091     0.83    2.15
 248035.080    42.741     1.74    1.79
 248408.710    42.757     0.04    1.95
 248782.307    42.513    -0.65    1.91
 249155.869    43.005     1.32    1.62
 249529.398    43.509     1.35    1.61
 249902.892    43.998     1.31    1.37
 250276.353    43.850    -0.40    1.46
 250649.779    43.400    -1.20    1.51
 251023.172    43.291    -0.29    1.56
 251396.531    43.522     0.62    1.56
 251769.856    44.362     2.25    1.92
 252143.147    45.165     2.15    1.90
 252516.404    45.211     0.12    1.77
 252889.627    45.517     0.82    2.07
 253262.817    45.683     0.45    2.19
 253635.972    45.916     0.62    2.42
 254009.094    46.287     0.99    2.50
 254382.182    45.684    -1.62    2.53
 254755.236    45.875     0.51    2.60
 255128.257    46.556     1.83    2.56
 255501.244    46.683     0.34    2.17
 255874.197    47.041     0.96    1.95
 256247.116    46.720    -0.86    1.80
 256620.001    46.419    -0.81    1.59
 256992.853    46.645     0.61    1.74
 257365.671    46.942     0.80    1.82
 257738.455    46.776    -0.45    1.62
 258111.206    46.683    -0.25    1.58
 258483.923    46.374    -0.83    1.26
 258856.606    46.004    -0.99    1.28
 259229.255    45.827    -0.47    1.38
 259601.871    45.529    -0.80    1.23
 259974.454    45.220    -0.83    1.28
 260347.002    45.011    -0.56    1.40
 260719.517    44.813    -0.53    1.42
 261091.999    44.880     0.18    1.25
 261464.446    44.842    -0.10    1.20
 261836.861    44.862     0.06    1.19
 262209.241    44.758    -0.28    1.08
 262581.588    44.475    -0.76    1.09
 262953.902    44.041    -1.17    1.30
 263326.182    43.604    -1.18    1.36
 263698.428    42.791    -2.18    1.54
 264070.641    42.313    -1.28    1.29
 264442.820    42.060    -0.68    1.23
 264814.966    42.183     0.33    1.31
 265187.079    42.220     0.10    1.31
 265559.158    42.114    -0.29    1.31
 265931.203    41.720    -1.06    1.37
 266303.215    41.268    -1.22    1.31
 266675.194    41.291     0.06    1.29
 267047.139    41.067    -0.60    1.31
 267419.050    40.629    -1.18    1.71
 267790.929    39.419    -3.25    1.81
 268162.773    38.645    -2.08    1.38
 268534.585    38.647     0.01    1.43
 268906.363    38.882     0.63    1.57
 269278.108    39.429     1.47    1.46
 269649.819    39.548     0.32    1.43
 270021.497    39.461    -0.23    1.23
 270393.142    39.513     0.14    1.32
 270764.753    39.438    -0.20    1.67
 271136.331    38.987    -1.21    2.28
 271507.876    38.211    -2.09    2.76
 271879.387    37.356    -2.30    2.59
 272250.865    36.456    -2.42    2.24
 272622.310    36.054    -1.08    1.62
 272993.721    36.473     1.13    1.48
 273365.100    36.442    -0.08    1.54
 273736.445    36.683     0.65    1.66
 274107.757    36.868     0.50    1.91
 274479.035    37.368     1.35    2.03
 274850.281    37.827     1.23    2.40
 275221.493    38.408     1.56    2.10
 275592.672    38.306    -0.28    1.97
 275963.818    37.872    -1.17    2.12
 276334.930    37.343    -1.42    1.99
 276706.010    36.684    -1.78    1.88
 277077.056    37.002     0.86    1.76
 277451.014    36.952    -0.13    1.86
 277828.767    36.739    -0.56    1.83
 278206.487    36.247    -1.30    1.89
 278584.172    35.574    -1.78    1.77
 278961.823    35.249    -0.86    1.50
 279339.439    34.970    -0.74    1.36
 279717.021    34.506    -1.23    1.47
 280094.568    34.165    -0.90    1.81
 280472.081    34.343     0.47    1.92
 280849.560    34.683     0.90    1.90
 281227.004    35.005     0.85    1.70
 281604.414    34.663    -0.91    1.77
 281981.790    34.487    -0.47    2.03
 282359.132    33.971    -1.37    2.04
 282736.439    33.362    -1.61    1.89
 283113.712    32.850    -1.36    1.74
 283490.950    32.125    -1.92    1.92
 283868.154    31.065    -2.81    2.17
 284245.324    29.442    -4.30    2.51
 284622.460    27.683    -4.66    3.07
 284999.562    26.182    -3.98    2.71
 285376.629    24.777    -3.72    2.96
 285753.662    24.041    -1.95    3.28
 286130.661    23.173    -2.30    2.71
 286507.626    24.646     3.91    4.40
 286884.557    26.759     5.60    4.80
 287261.453    28.909     5.70    3.88
 287638.315    30.102     3.16    2.21
 288015.143    29.041    -2.81    2.62
 288391.937    27.961    -2.87    2.66
 288768.697    27.035    -2.46    2.93
 289145.423    27.029    -0.02    2.96
 289522.115    27.990     2.55    3.23
 289898.772    29.072     2.87    3.15
 290275.396    29.779     1.88    2.22
 290651.985    29.405    -0.99    2.19
 291028.541    29.211    -0.52    1.60
 291405.062    29.684     1.26    1.71
 291781.549    30.721     2.75    1.54
 292158.003    31.490     2.04    1.58
 292534.422    31.942     1.20    1.30
 292910.807    32.259     0.84    1.29
 293287.158    32.577     0.84    1.54
 293663.476    32.739     0.43    1.53
 294039.759    32.938     0.53    1.36
 294416.009    32.985     0.12    1.36
 294792.224    33.041     0.15    1.18
 295168.406    32.865    -0.47    1.20
 295544.553    32.762    -0.28    1.20
 295920.667    32.237    -1.39    1.25
 296296.747    31.777    -1.22    1.27
 296672.792    30.738    -2.76    1.91
 297048.805    29.593    -3.05    1.81
 297424.783    28.606    -2.62    1.76
 297800.727    27.952    -1.74    1.43
 298176.637    27.862    -0.24    1.35
 298552.514    28.165     0.81    1.62
 298928.357    28.381     0.58    1.64
 299304.166    28.721     0.90    2.09
 299679.941    28.970     0.66    2.14
 300055.682    28.890    -0.21    2.18
 300431.390    29.166     0.73    2.11
 300807.064    30.125     2.55    1.86
 301182.704    30.442     0.85    1.70
 301558.310    30.721     0.74    1.63
 301933.883    31.114     1.04    1.73
 302309.422    31.112    -0.00    1.84
 302684.927    31.494     1.02    2.01
 303060.398    32.072     1.54    1.75
 303435.836    31.740    -0.88    1.76
 303811.240    31.966     0.60    1.65
 304186.611    32.056     0.24    1.58
 304561.948    31.913    -0.38    1.67
 304937.251    31.589    -0.87    1.72
 305312.520    31.023    -1.51    1.57
 305687.756    30.645    -1.01    1.32
 306062.958    30.663     0.05    1.22
 306438.127    30.702     0.10    1.11
 306813.262    31.133     1.15    1.35
 307188.363    31.424     0.78    1.50
 307563.431    32.060     1.70    1.52
 307938.466    32.611     1.47    1.65
 308313.466    33.133     1.39    1.43
 308688.434    32.985    -0.40    1.68
 309063.367    32.683    -0.80    1.75
 309438.268    32.356    -0.87    1.89
 309813.134    32.291    -0.17    1.71
 310187.967    32.349     0.15    1.55
 310562.767    32.005    -0.92    1.44
 310937.533    31.548    -1.22    1.35
 311312.266    31.368    -0.48    1.26
 311686.965    31.665     0.79    1.97
 312061.631    33.721     5.48    4.24
 312436.264    36.465     7.32    4.82
 312810.863    38.682     5.91    3.68
 313185.428    39.556     2.33    2.39
 313559.961    39.324    -0.62    1.72
 313934.459    38.268    -2.82    1.66
 314308.925    37.538    -1.95    1.77
 314683.357    37.079    -1.23    1.57
 315057.756    37.059    -0.05    1.54
 315432.121    37.702     1.72    1.64
 315806.453    38.757     2.82    1.73
 316180.752    39.259     1.34    1.75
 316555.017    39.567     0.82    1.41
 316929.249    39.813     0.66    1.41
 317303.448    39.817     0.01    1.49
 317677.613    39.720    -0.26    1.56
 318051.746    40.117     1.06    1.55
 318425.845    40.461     0.92    1.58
 318799.910    41.223     2.04    1.57
 319173.943    42.098     2.34    1.29
 319547.942    42.817     1.92    1.29
 319921.908    43.452     1.70    1.38
 320295.841    44.183     1.96    1.34
 320669.741    44.739     1.49    1.23
 321043.607    44.971     0.62    1.34
 321417.440    45.251     0.75    1.59
 321791.241    45.905     1.75    1.84
 322165.008    46.740     2.23    1.79
 322538.741    47.609     2.32    1.29
 322912.442    48.144     1.43    1.35
 323286.110    48.702     1.49    1.48
 323659.744    49.231     1.42    1.57
 324033.345    49.850     1.66    1.68
 324406.914    50.475     1.67    1.68
 324780.449    50.758     0.76    1.45
 325153.951    50.829     0.19    1.53
 325527.420    50.862     0.09    1.31
 325900.856    50.666    -0.52    1.24
 326274.259    50.777     0.30    1.14
 326647.629    51.174     1.06    1.26
 327020.966    51.847     1.80    1.65
 327394.270    52.471     1.67    1.53
 327767.541    53.184     1.91    1.29
 328140.779    53.663     1.28    1.33
 328513.984    54.202     1.44    1.62
 328887.156    54.798     1.60    1.45
 329260.295    55.438     1.71    1.60
 329633.401    55.913     1.27    1.66
 330006.474    56.663     2.01    1.65
 330379.514    57.356     1.86    1.67
 330752.522    57.872     1.38    1.91
 331125.496    58.438     1.52    1.63
 331498.438    58.875     1.17    1.50
 331871.346    59.645     2.07    1.54
 332244.222    60.348     1.88    1.63
 332617.065    61.106     2.03    1.85
 332989.875    61.971     2.32    1.51
 333362.652    62.447     1.28    1.58
 333735.397    63.079     1.69    1.63
 334108.108    63.683     1.62    1.66
 334480.787    64.173     1.32    1.58
 334853.433    64.529     0.95    1.79
 335226.046    64.980     1.21    1.70
 335598.627    65.202     0.60    1.63
 335971.175    65.554     0.94    2.44
 336343.690    65.721     0.45    2.49
 336716.172    66.291     1.53    2.59
 337088.621    66.375     0.22    1.64
 337461.038    66.966     1.59    1.73
 337833.422    67.265     0.80    1.52
 338205.773    67.413     0.40    1.46
 338578.092    67.520     0.29    1.32
 338950.378    67.642     0.33    1.30
 339322.631    67.774     0.36    1.40
 339694.852    67.815     0.11    1.28
 340067.040    68.041     0.61    1.30
 340439.195    68.400     0.96    1.22
 340811.318    68.663     0.71    1.45
 341183.408    68.952     0.77    1.45
 341555.465    69.134     0.49    1.48
