# NaN NaN NaN ;Mean Elev.(m), Avg Gradient(m/km), RMS Gradient(m/km) - SRTM1     
#  -28.189  -0.749   4.881 ;Mean Elev.(m), Avg Gradient(m/km), RMS Gradient(m/km) - ASTER GDEM
#  -16.628  -0.994   2.964 ;Mean Elev.(m), Avg Gradient(m/km), RMS Gradient(m/km) - GMTED2010 
  7   -14.834 52459.76214293 28.97  46.019119  48.224298 28.981
  7   -12.926 52459.76214358 19.01  46.017779  48.227538 28.981
  7   -12.594 52459.76214422 19.15  46.016439  48.230778 28.981
  7   -12.654 52459.76214487 20.50  46.015099  48.234020 28.281
  9   -13.661 52529.76211824 17.99  46.005689  48.230218 21.545
  9   -13.267 52529.76211888 15.85  46.004349  48.233458 21.545
  9   -13.018 52529.76211952 15.79  46.003009  48.236698 21.545
  9   -12.684 52529.76212017 16.82  46.001669  48.239938 21.545
  9   -12.565 52529.76212081 18.00  46.000329  48.243178 21.545
  9   -12.588 52529.76212146 17.41  45.998989  48.246428 21.545
  9   -15.151 52529.76212210 19.21  45.997639  48.249668 21.545
  9   -16.515 52529.76212275 21.72  45.996299  48.252908 21.545
  9   -16.596 52529.76212339 23.74  45.994959  48.256148 21.545
  9   -16.431 52529.76212404 26.71  45.993619  48.259388 21.545
  9   -16.451 52529.76212468 28.70  45.992279  48.262638 21.545
 10   -16.016 52564.76213590 19.18  46.020561  48.226707 24.773
 10   -16.832 52564.76213654 19.42  46.019221  48.229947 24.773
 10   -16.812 52564.76213719 21.95  46.017884  48.233187 27.761
 11   -16.781 52599.76216427 42.19  46.012638  48.225252 15.708
 11   -16.834 52599.76216491 42.97  46.011298  48.228492 15.708
 11   -17.044 52599.76216556 28.13  46.009958  48.231732 15.708
 11   -17.104 52599.76216620 25.23  46.008618  48.234982 15.708
 11   -17.116 52599.76216685 25.19  46.007278  48.238222 15.708
 11   -17.002 52599.76216749 24.46  46.005938  48.241462 15.708
 11   -16.942 52599.76216814 22.51  46.004598  48.244702 15.708
 11   -13.182 52599.76216943 21.18  46.001918  48.251192 15.708
 11   -16.524 52599.76217007 21.04  46.000578  48.254432 15.708
 11   -16.501 52599.76217072 22.67  45.999238  48.257672 15.708
 11   -16.269 52599.76217136 21.85  45.997898  48.260912 15.708
 12   -13.897 52634.76212028 28.77  46.007835  48.228765  5.725
 12   -13.902 52634.76212093 31.94  46.006497  48.232003 19.328
 12   -13.900 52634.76212157 33.42  46.005157  48.235253 19.328
 12   -13.903 52634.76212221 33.72  46.003817  48.238493 19.328
 12   -13.921 52634.76212286 31.55  46.002477  48.241733 19.328
 12   -13.808 52634.76212350 32.01  46.001137  48.244973 19.328
 12   -13.784 52634.76212415 32.54  45.999797  48.248213 19.328
 12   -13.714 52634.76212479 34.81  45.998457  48.251453 19.328
 12   -13.772 52634.76212544 32.21  45.997107  48.254703 19.328
 12   -13.779 52634.76212608 34.70  45.995767  48.257943 19.328
 12   -13.765 52634.76212673 31.58  45.994427  48.261183 19.328
 12   -13.791 52634.76212737 33.94  45.993087  48.264423 19.328
 13   -14.152 52669.76213025 44.82  46.014712  48.226170 13.119
 13   -14.165 52669.76213089 42.37  46.013372  48.229410 13.119
 13   -14.159 52669.76213154 41.39  46.012035  48.232651 17.691
 13   -14.173 52669.76213218 40.56  46.010695  48.235891 17.691
 13   -14.230 52669.76213283 40.16  46.009355  48.239131 17.691
 14   -14.442 52704.76211761 25.08  46.015033  48.225598  4.403
 14   -14.471 52704.76211826 24.85  46.013693  48.228838  4.403
 14   -14.626 52704.76211890 26.28  46.012355  48.232078  7.428
 14   -14.593 52704.76211955 25.79  46.011015  48.235318  7.428
 14   -14.561 52704.76212019 25.55  46.009675  48.238558  7.428
 15   -14.166 52739.76215359 18.60  46.016675  48.226821 28.494
 15   -13.976 52739.76215424 15.91  46.015335  48.230061 28.494
 15   -13.694 52739.76215488 17.53  46.013992  48.233302 26.803
 15   -15.562 52739.76215553 18.53  46.012652  48.236542 26.803
 16   -11.064 52774.76210193 33.56  46.026904  48.226474 40.191
 16   -11.210 52774.76210257 33.30  46.025564  48.229724 40.191
 17   -15.870 52809.76217675 42.11  46.005251  48.230855 44.837
 17   -15.864 52809.76217739 38.97  46.003911  48.234095 44.837
 17   -15.896 52809.76217804 39.36  46.002571  48.237335 44.837
 17   -15.815 52809.76217868 40.53  46.001231  48.240585 44.837
 17   -15.873 52809.76217933 41.97  45.999891  48.243825 44.837
 17   -15.901 52809.76217997 45.62  45.998551  48.247065 44.837
 17   -15.769 52809.76218062 47.01  45.997201  48.250305 44.837
 17   -15.715 52809.76218126 48.45  45.995861  48.253545 44.837
 17   -15.658 52809.76218191 50.48  45.994521  48.256795 44.837
 17   -15.700 52809.76218255 50.94  45.993181  48.260035 44.837
 17   -15.681 52809.76218320 51.41  45.991841  48.263275 44.837
 18   -15.440 52844.76223240 45.28  46.009143  48.227329 29.825
 18   -15.519 52844.76223305 48.09  46.007804  48.230568 36.318
 18   -15.409 52844.76223369 46.49  46.006464  48.233808 36.318
 18   -15.402 52844.76223434 44.56  46.005124  48.237058 36.318
 18   -15.426 52844.76223498 47.50  46.003784  48.240298 36.318
 18   -15.426 52844.76223563 49.11  46.002444  48.243538 36.318
 18   -15.300 52844.76223627 51.25  46.001104  48.246778 36.318
 18   -15.264 52844.76223692 49.12  45.999764  48.250018 36.318
 18   -15.249 52844.76223756 49.60  45.998414  48.253268 36.318
 18   -15.216 52844.76223821 48.95  45.997074  48.256508 36.318
 18   -15.202 52844.76223885 48.54  45.995734  48.259748 36.318
 18   -15.193 52844.76223950 47.44  45.994394  48.262988 36.318
 19   -16.467 52879.76226965 40.91  46.012473  48.225311 25.483
 19   -16.139 52879.76227030 40.18  46.011133  48.228551 25.483
 19   -16.262 52879.76227094 41.47  46.009792  48.231792 32.390
 19   -16.162 52879.76227159 41.49  46.008452  48.235032 32.390
 19   -16.194 52879.76227223 42.23  46.007112  48.238272 32.390
 19   -16.256 52879.76227288 42.17  46.005772  48.241522 32.390
 19   -16.247 52879.76227352 42.79  46.004432  48.244762 32.390
 19   -16.232 52879.76227481 44.50  46.001742  48.251242 32.390
 19   -16.157 52879.76227546 47.96  46.000402  48.254482 32.390
 19   -16.026 52879.76227610 47.24  45.999062  48.257732 32.390
 19   -16.137 52879.76227675 48.28  45.997722  48.260972 32.390
 20   -17.085 52914.76222677 29.77  46.025910  48.224286 21.585
 20   -16.815 52914.76222741 32.02  46.024570  48.227526 21.585
 20   -16.367 52914.76222806 34.27  46.023230  48.230766 21.585
 21   -13.902 52949.76218661 20.84  46.012592  48.225881 31.538
 21   -13.819 52949.76218725 15.07  46.011252  48.229121 31.538
 21   -12.975 52949.76218790 14.93  46.009912  48.232361 31.538
 21   -12.936 52949.76218854 16.09  46.008572  48.235611 31.538
 21   -12.705 52949.76218919 17.19  46.007232  48.238851 31.538
 21   -12.822 52949.76218983 19.59  46.005887  48.242087 27.413
 21   -16.554 52949.76219047 21.85  46.004547  48.245337 27.413
 21   -16.326 52949.76219241 28.04  46.000517  48.255057 27.413
 21   -16.208 52949.76219305 28.82  45.999177  48.258297 27.413
 21   -16.121 52949.76219370 30.63  45.997837  48.261537 27.413
 22   -16.056 52984.76221210 31.95  46.020486  48.224519 26.120
 22   -16.109 52984.76221275 25.95  46.019146  48.227759 26.120
 22   -15.879 52984.76221339 23.59  46.017806  48.230999 26.120
 22   -16.418 52984.76221404 24.20  46.016464  48.234239 22.733
 23   -15.378 53019.76220346 43.66  46.021815  48.224905 12.665
 23   -15.330 53019.76220411 45.80  46.020475  48.228145 12.665
 23   -15.415 53019.76220475 47.78  46.019135  48.231385 12.665
 24   -15.298 53054.76218921 25.95  46.017118  48.224229  5.958
 24   -15.380 53054.76218986 25.00  46.015778  48.227469  5.958
 24   -15.366 53054.76219050 30.51  46.014438  48.230709  5.958
 24   -15.140 53054.76219115 31.17  46.013099  48.233949 22.367
 24   -15.101 53054.76219179 36.47  46.011759  48.237189 22.367
 25   -13.997 53089.76222722 17.05  46.012636  48.227306 29.572
 25   -14.254 53089.76222787 15.88  46.011296  48.230546 29.572
 25   -13.489 53089.76222851 14.42  46.009959  48.233788 18.258
 25   -13.086 53089.76222916 14.58  46.008619  48.237028 18.258
 25   -16.043 53089.76222980 15.87  46.007279  48.240268 18.258
 25   -16.074 53089.76223045 17.58  46.005939  48.243518 18.258
 25   -15.871 53089.76223303 18.43  46.000579  48.256478 18.258
 25   -15.259 53089.76223367 16.70  45.999239  48.259728 18.258
 26   -11.031 53124.76219736 45.41  46.012696  48.225739 41.518
 26   -11.048 53124.76219801 45.86  46.011356  48.228979 41.518
 26   -11.070 53124.76219865 40.03  46.010019  48.232218 23.229
 26   -11.459 53124.76219930 36.21  46.008679  48.235458 23.229
 26   -11.465 53124.76219994 33.46  46.007339  48.238708 23.229
 26   -11.490 53124.76220058 31.85  46.005999  48.241948 23.229
 26   -11.611 53124.76220123 29.83  46.004659  48.245188 23.229
 26   -11.523 53124.76220316 25.75  46.000629  48.254918 23.229
 26   -11.334 53124.76220381 27.48  45.999289  48.258158 23.229
 26   -11.328 53124.76220445 31.50  45.997949  48.261398 23.229
 27   -12.657 53159.76225793 28.55  46.006899  48.227679 38.572
 27   -12.830 53159.76225858 20.59  46.005558  48.230920  9.393
 27   -12.872 53159.76225922 19.16  46.004218  48.234160  9.393
 27   -12.903 53159.76225987 19.53  46.002878  48.237400  9.393
 27   -13.037 53159.76226051 19.52  46.001538  48.240650  9.393
 27   -13.007 53159.76226116 18.97  46.000198  48.243890  9.393
 27   -12.860 53159.76226180 20.46  45.998848  48.247130  9.393
 27   -13.014 53159.76226245 20.70  45.997508  48.250370  9.393
 27   -13.041 53159.76226309 22.27  45.996168  48.253610  9.393
 27   -12.978 53159.76226374 21.12  45.994828  48.256860  9.393
 27   -12.975 53159.76226438 23.88  45.993488  48.260100  9.393
 27   -12.950 53159.76226502 25.14  45.992148  48.263340  9.393
 28   -15.526 53194.76225309 22.63  46.019162  48.226088 36.586
 28   -15.287 53194.76225373 19.30  46.017822  48.229328 36.586
 28   -15.458 53194.76225438 20.61  46.016484  48.232570 26.850
 28   -15.536 53194.76225502 21.91  46.015144  48.235810 26.850
 29   -16.005 53229.76224246 31.41  46.022834  48.224981 33.766
 29   -16.224 53229.76224310 28.48  46.021494  48.228221 33.766
 29   -16.386 53229.76224375 26.63  46.020154  48.231461 33.766
 30   -16.166 53264.76221381 40.64  46.021892  48.225306 21.687
 30   -16.206 53264.76221445 43.04  46.020552  48.228546 21.687
 30   -16.280 53264.76221510 46.89  46.019212  48.231786 21.687
 31   -13.972 53299.76226223 19.25  45.999113  48.234023 13.822
 31   -13.679 53299.76226287 17.19  45.997773  48.237273 13.822
 31   -13.324 53299.76226352 16.47  45.996433  48.240513 13.822
 31   -13.303 53299.76226416 17.52  45.995093  48.243753 13.822
 31   -13.459 53299.76226481 18.19  45.993753  48.246993 13.822
 31   -14.708 53299.76226545 19.42  45.992403  48.250233 13.822
 31   -14.822 53299.76226610 20.13  45.991063  48.253483 13.822
 31   -16.192 53299.76226674 23.26  45.989723  48.256723 13.822
 31   -16.275 53299.76226739 26.52  45.988383  48.259963 13.822
 31   -16.398 53299.76226803 27.19  45.987043  48.263203 13.822
 32  -103.708 53334.76223065 15.77  46.015968  48.226696 29.098
 32  -104.369 53334.76223130 14.67  46.014628  48.229936 29.098
 32  -104.843 53334.76223194 14.67  46.013291  48.233177 16.444
 32  -105.782 53334.76223259 16.73  46.011951  48.236417 16.444
 33   -15.790 53369.76217019 19.61  46.025530  48.226072 14.800
 33   -15.966 53369.76217083 22.67  46.024190  48.229312 14.800
 34   -13.181 53404.76220310 38.01  46.014096  48.226015 15.496
 34   -13.144 53404.76220374 41.84  46.012756  48.229255 15.496
 34   -13.125 53404.76220439 43.03  46.011421  48.232495 34.416
 34   -13.212 53404.76220503 45.00  46.010081  48.235735 34.416
 34   -13.211 53404.76220568 47.71  46.008741  48.238975 34.416
 34   -13.242 53404.76220632 49.33  46.007401  48.242225 34.416
 34   -13.026 53404.76220954 49.82  46.000691  48.258435 34.416
 35   -13.112 53439.76219007 30.37  46.023273  48.224566 10.163
 35   -13.039 53439.76219071 32.74  46.021933  48.227806 10.163
 35   -13.024 53439.76219136 32.20  46.020593  48.231046 10.163
 36   -13.268 53474.76225299 24.33  46.007546  48.227698 38.883
 36   -13.491 53474.76225363 19.63  46.006203  48.230937 10.413
 36   -13.793 53474.76225428 19.85  46.004863  48.234177 10.413
 36   -14.944 53474.76225492 21.14  46.003523  48.237427 10.413
 36   -15.014 53474.76225557 21.38  46.002183  48.240667 10.413
 36   -14.347 53474.76225621 21.21  46.000843  48.243907 10.413
 36   -14.970 53474.76225686 21.71  45.999503  48.247147 10.413
 36   -14.754 53474.76225750 22.41  45.998153  48.250387 10.413
 36   -14.769 53474.76225815 22.05  45.996813  48.253637 10.413
 36   -14.837 53474.76225879 24.13  45.995473  48.256877 10.413
 36   -14.801 53474.76225943 24.27  45.994133  48.260117 10.413
 36   -13.985 53474.76226008 23.23  45.992793  48.263357 10.413
 37   -10.278 53509.76227053 29.53  46.014733  48.226603 34.814
 37   -10.499 53509.76227117 26.47  46.013393  48.229843 34.814
 37   -10.866 53509.76227182 26.16  46.012053  48.233085 27.668
 37   -10.888 53509.76227246 27.29  46.010713  48.236325 27.668
 37   -10.917 53509.76227311 29.84  46.009373  48.239575 27.668
 38   -12.188 53544.76228633 19.16  46.012330  48.227771 29.907
 38   -13.604 53544.76228697 24.53  46.010990  48.231011 29.907
 38   -13.963 53544.76228762 21.99  46.009653  48.234254 19.743
 38   -14.158 53544.76228826 20.85  46.008313  48.237494 19.743
 38   -13.309 53544.76228890 20.97  46.006973  48.240734 19.743
 38   -14.112 53544.76228955 22.67  46.005623  48.243984 19.743
 38   -14.900 53544.76229213 27.01  46.000263  48.256944 19.743
 38   -14.899 53544.76229277 27.16  45.998923  48.260194 19.743
 39   -15.910 53579.76226345 31.50  46.019235  48.224204 29.986
 39   -16.297 53579.76226409 31.97  46.017895  48.227444 29.986
 39   -16.088 53579.76226473 33.31  46.016555  48.230684 29.986
 39   -15.979 53579.76226538 33.61  46.015213  48.233927 20.408
 40   -16.122 53614.76221770 26.55  46.019992  48.225029 30.982
 40   -16.058 53614.76221835 25.68  46.018652  48.228269 30.982
 40   -15.946 53614.76221899 27.72  46.017312  48.231509 30.982
 40   -16.087 53614.76221964 30.02  46.015977  48.234752 15.925
 41   -16.690 53649.76222674 23.20  46.014247  48.226426 33.474
 41   -16.433 53649.76222739 24.52  46.012907  48.229666 33.474
 41   -16.370 53649.76222803 33.08  46.011571  48.232906 33.502
 41   -16.435 53649.76222868 38.20  46.010231  48.236146 33.502
 41   -16.325 53649.76222932 36.03  46.008891  48.239386 33.502
 41   -16.378 53649.76222997 33.64  46.007551  48.242636 33.502
 42   -13.490 53684.76223856 16.89  46.011990  48.225933 29.790
 42   -13.825 53684.76223920 17.50  46.010650  48.229173 29.790
 42   -13.355 53684.76223985 16.49  46.009305  48.232414 23.598
 42   -12.931 53684.76224049 16.91  46.007975  48.235654 23.598
 42   -12.676 53684.76224114 16.91  46.006635  48.238904 23.598
 42   -12.591 53684.76224178 17.58  46.005285  48.242144 23.598
 42   -12.695 53684.76224243 19.14  46.003945  48.245384 23.598
 42   -17.226 53684.76224307 25.19  46.002605  48.248624 23.598
 42   -16.969 53684.76224372 25.16  46.001265  48.251864 23.598
 42   -16.988 53684.76224436 25.75  45.999925  48.255104 23.598
 42   -16.692 53684.76224501 30.77  45.998585  48.258354 23.598
 42   -16.722 53684.76224565 40.56  45.997245  48.261594 23.598
 43   -15.737 53719.76216461 23.71  46.025398  48.225213 27.436
 43   -16.367 53719.76216526 26.29  46.024058  48.228453 27.436
 43   -16.703 53719.76216590 26.43  46.022718  48.231693 27.436
 44   -14.847 53754.76208846 42.83  46.018077  48.226466 11.366
 44   -14.848 53754.76208910 42.81  46.016737  48.229706 11.366
 44   -14.854 53754.76208974 36.54  46.015397  48.232946 11.366
 44   -15.134 53754.76209039 31.76  46.014054  48.236184 11.539
 45   -15.151 53789.76211787 16.68  46.022716  48.223935  3.140
 45   -15.010 53789.76211851 17.31  46.021376  48.227175  3.140
 45   -15.134 53789.76211916 18.05  46.020036  48.230415  3.140
 45   -15.150 53789.76211980 17.66  46.018691  48.233656  4.404
 46   -14.340 53824.76207466 17.91  46.012492  48.226414 20.168
 46   -14.340 53824.76207530 16.47  46.011152  48.229654 20.168
 46   -14.547 53824.76207595 16.01  46.009812  48.232894 20.168
 46   -15.208 53824.76207659 17.01  46.008472  48.236134 20.168
 46   -15.506 53824.76207724 17.74  46.007132  48.239384 20.168
 46   -15.701 53824.76207788 18.90  46.005792  48.242624 20.168
 46   -16.182 53824.76207853 20.58  46.004442  48.245864 20.168
 46   -16.335 53824.76208046 21.40  46.000422  48.255594 20.168
 46   -16.555 53824.76208111 20.84  45.999082  48.258834 20.168
 47   -13.344 53859.76216843 30.34  46.008740  48.227560 21.948
 47   -13.621 53859.76216907 30.39  46.007400  48.230800 21.948
 47   -13.634 53859.76216972 30.22  46.006064  48.234041 14.270
 47   -13.652 53859.76217036 30.94  46.004724  48.237281 14.270
 47   -13.812 53859.76217101 31.90  46.003384  48.240521 14.270
 47   -13.779 53859.76217165 32.80  46.002044  48.243771 14.270
 47   -13.744 53859.76217230 33.95  46.000704  48.247011 14.270
 47   -13.682 53859.76217294 34.67  45.999364  48.250251 14.270
 47   -13.673 53859.76217359 34.56  45.998014  48.253491 14.270
 47   -13.575 53859.76217423 34.62  45.996674  48.256731 14.270
 47   -13.592 53859.76217488 34.46  45.995334  48.259981 14.270
 47   -13.767 53859.76217552 34.72  45.993994  48.263221 14.270
 48   -12.916 53894.76218528 30.41  46.016415  48.225486 20.925
 48   -13.234 53894.76218593 31.55  46.015075  48.228726 20.925
 48   -13.281 53894.76218657 37.06  46.013732  48.231966 36.342
 48   -13.193 53894.76218722 41.78  46.012392  48.235206 36.342
 49   -16.887 53929.76224112 31.13  46.004232  48.230362 15.649
 49   -16.593 53929.76224176 29.36  46.002893  48.233605 24.198
 49   -16.606 53929.76224241 31.35  46.001553  48.236845 24.198
 49   -16.718 53929.76224305 34.57  46.000213  48.240085 24.198
 49   -16.655 53929.76224370 36.55  45.998873  48.243335 24.198
 49   -16.634 53929.76224434 40.55  45.997523  48.246575 24.198
 49   -16.502 53929.76224499 40.99  45.996183  48.249815 24.198
 49   -16.458 53929.76224563 40.01  45.994843  48.253055 24.198
 49   -16.372 53929.76224628 39.30  45.993503  48.256295 24.198
 49   -16.201 53929.76224692 47.26  45.992163  48.259545 24.198
 49   -16.187 53929.76224757 47.55  45.990823  48.262785 24.198
 50   -15.045 53964.76221894 21.86  46.012537  48.225806 37.025
 50   -14.538 53964.76221959 15.62  46.011197  48.229046 37.025
 50   -14.293 53964.76222023 16.08  46.009857  48.232286 37.025
 50   -16.599 53964.76222087 16.78  46.008513  48.235529 14.357
 50   -12.963 53964.76222152 15.28  46.007173  48.238769 14.357
 50   -16.136 53964.76222216 16.23  46.005833  48.242009 14.357
 50   -16.376 53964.76222281 17.26  46.004493  48.245259 14.357
 50   -16.532 53964.76222410 21.01  46.001813  48.251739 14.357
 50   -16.473 53964.76222474 22.64  46.000473  48.254979 14.357
 50   -16.616 53964.76222539 22.66  45.999133  48.258219 14.357
 50   -15.411 53964.76222603 18.67  45.997793  48.261469 14.357
 51   -14.524 53999.76217476 15.63  46.007093  48.229899 33.163
 51   -15.032 53999.76217540 15.32  46.005752  48.233137 13.776
 51   -13.525 53999.76217605 14.89  46.004412  48.236387 13.776
 51   -16.395 53999.76217669 15.80  46.003062  48.239627 13.776
 51   -16.697 53999.76217734 16.26  46.001722  48.242867 13.776
 51   -16.472 53999.76217798 17.18  46.000382  48.246107 13.776
 51   -16.877 53999.76217863 21.64  45.999042  48.249347 13.776
 51   -16.745 53999.76217927 21.65  45.997702  48.252587 13.776
 51   -16.762 53999.76217992 21.41  45.996362  48.255837 13.776
 51   -16.757 53999.76218056 22.06  45.995012  48.259077 13.776
 51   -16.870 53999.76218120 21.70  45.993672  48.262317 13.776
 51   -15.502 53999.76218185 21.29  45.992332  48.265557 13.776
 52   -16.878 54034.76221833 51.34  46.016205  48.225752 30.844
 52   -16.957 54034.76221897 53.64  46.014865  48.228992 30.844
 52   -16.784 54034.76221962 51.70  46.013515  48.232232 30.844
 52   -16.812 54034.76222026 51.55  46.012179  48.235473 38.043
 53   -15.995 54069.76221217 21.63  46.018679  48.225695 24.360
 53   -16.540 54069.76221281 22.35  46.017339  48.228935 24.360
 53   -17.100 54069.76221346 23.84  46.015999  48.232175 24.360
 53   -16.985 54069.76221410 23.89  46.014660  48.235415 17.563
 54   -16.436 54104.76216699 28.83  46.023265  48.224049 21.970
 54   -16.731 54104.76216763 30.90  46.021925  48.227299 21.970
 54   -16.777 54104.76216828 31.12  46.020585  48.230539 21.970
 55   -15.195 54139.76214430 53.78  46.011477  48.227679 34.566
 55   -15.176 54139.76214494 53.92  46.010137  48.230919 34.566
 55   -15.124 54139.76214559 51.19  46.008800  48.234160 52.006
 55   -15.136 54139.76214623 52.50  46.007460  48.237400 52.006
 55   -15.190 54139.76214688 53.95  46.006120  48.240650 52.006
 55   -15.224 54139.76214752 53.68  46.004780  48.243890 52.006
 55   -15.119 54139.76214817 52.60  46.003440  48.247130 52.006
 55   -15.029 54139.76214881 50.21  46.002100  48.250370 52.006
 55   -15.011 54139.76214946 51.31  46.000750  48.253610 52.006
 55   -15.002 54139.76215010 51.32  45.999410  48.256850 52.006
 55   -15.007 54139.76215075 52.37  45.998070  48.260100 52.006
 55   -15.024 54139.76215204 47.89  45.995390  48.266580 52.006
 56   -14.723 54174.76214666 47.75  46.019959  48.224612 19.509
 56   -14.615 54174.76214730 49.54  46.018619  48.227852 19.509
 56   -14.748 54174.76214795 43.45  46.017279  48.231092 19.509
 56   -14.837 54174.76214859 47.94  46.015938  48.234333 36.304
 57   -11.820 54209.76215071 24.99  46.010384  48.228137 27.558
 57   -12.030 54209.76215136 20.57  46.009050  48.231376 15.051
 57   -12.424 54209.76215200 20.16  46.007710  48.234616 15.051
 57   -12.413 54209.76215265 20.73  46.006370  48.237866 15.051
 57   -12.370 54209.76215329 21.25  46.005030  48.241106 15.051
 57   -12.133 54209.76215394 20.85  46.003690  48.244346 15.051
 57   -12.115 54209.76215458 21.13  46.002350  48.247586 15.051
 57   -12.094 54209.76215523 21.85  46.001000  48.250826 15.051
 57   -12.162 54209.76215587 22.62  45.999660  48.254066 15.051
 57   -12.095 54209.76215652 23.61  45.998320  48.257316 15.051
 57   -11.878 54209.76215716 27.02  45.996980  48.260556 15.051
 57   -12.055 54209.76215781 29.40  45.995640  48.263796 15.051
 58   -12.291 54244.76218132 21.30  46.015037  48.226410 39.958
 58   -12.577 54244.76218197 21.99  46.013697  48.229650 39.958
 58   -12.729 54244.76218261 23.09  46.012357  48.232892 26.296
 58   -12.480 54244.76218325 25.35  46.011017  48.236132 26.296
 59   -13.658 54279.76219303 18.52  46.015282  48.226656 31.616
 59   -14.300 54279.76219368 20.32  46.013942  48.229896 31.616
 59   -14.096 54279.76219432 18.95  46.012602  48.233139 21.617
 59   -15.847 54279.76219497 21.64  46.011262  48.236379 21.617
 60   -15.922 54314.76219181 32.16  46.019827  48.224145 24.346
 60   -16.182 54314.76219246 29.17  46.018487  48.227385 24.346
 60   -16.280 54314.76219310 27.27  46.017147  48.230625 24.346
 60   -16.406 54314.76219375 26.90  46.015810  48.233867 21.850
 61   -16.078 54349.76216113 21.92  46.021828  48.225112 25.788
 61   -16.244 54349.76216178 18.00  46.020488  48.228352 25.788
 61   -16.328 54349.76216242 19.98  46.019148  48.231592 25.788
 62   -16.358 54384.76213059 24.01  46.014702  48.225811 33.428
 62   -14.694 54384.76213123 15.74  46.013362  48.229061 33.428
 62   -16.703 54384.76213188 17.48  46.012022  48.232301 33.428
 62   -16.623 54384.76213252 18.35  46.010686  48.235541 19.832
 62   -16.483 54384.76213317 19.76  46.009346  48.238781 19.832
 62   -16.246 54384.76213381 18.74  46.008006  48.242031 19.832
 63   -16.122 54419.76211042 24.33  46.020517  48.223879 29.434
 63   -16.019 54419.76211106 17.98  46.019177  48.227129 29.434
 63   -16.448 54419.76211171 18.08  46.017837  48.230369 29.434
 63   -16.634 54419.76211235 18.89  46.016497  48.233609 29.434
 64   -16.077 54454.76210257 45.45  46.009790  48.227994 10.839
 64   -16.121 54454.76210321 43.23  46.008450  48.231234 10.839
 64   -16.083 54454.76210386 39.75  46.007107  48.234473 36.047
 64   -16.078 54454.76210450 38.94  46.005767  48.237723 36.047
 64   -15.992 54454.76210515 39.34  46.004427  48.240963 36.047
 64   -16.082 54454.76210579 39.85  46.003087  48.244203 36.047
 64   -15.990 54454.76210644 38.90  46.001747  48.247443 36.047
 64   -16.088 54454.76210708 37.91  46.000407  48.250683 36.047
 64   -15.934 54454.76210773 39.97  45.999067  48.253923 36.047
 64   -15.889 54454.76210837 39.78  45.997717  48.257173 36.047
 64   -15.870 54454.76210901 38.75  45.996377  48.260413 36.047
 64   -15.859 54454.76210966 38.48  45.995037  48.263653 36.047
 65   -14.575 54489.76211031 21.95  46.020234  48.224097  3.717
 65   -14.543 54489.76211096 22.66  46.018894  48.227337  3.717
 65   -14.466 54489.76211160 23.76  46.017554  48.230577  3.717
 65   -14.503 54489.76211225 23.41  46.016210  48.233818  6.490
 66   -14.883 54524.76211493 31.40  46.015244  48.225964 16.300
 66   -14.980 54524.76211557 30.83  46.013904  48.229204 16.300
 66   -15.076 54524.76211622 31.25  46.012564  48.232454 16.300
 66   -15.007 54524.76211686 29.85  46.011224  48.235694 16.300
 66   -14.993 54524.76211750 29.99  46.009884  48.238934 16.300
 67   -15.742 54559.76211953 20.38  46.020572  48.224170 36.878
 67   -15.046 54559.76212018 17.26  46.019237  48.227413 24.380
 67   -16.607 54559.76212082 20.14  46.017897  48.230653 24.380
 67   -16.739 54559.76212147 24.91  46.016557  48.233893 24.380
 68   -11.522 54594.76211124 48.64  46.015349  48.226090 41.100
 68   -11.532 54594.76211189 48.23  46.014009  48.229330 41.100
 68   -11.577 54594.76211253 48.67  46.012669  48.232570 41.100
 68   -11.605 54594.76211318 46.95  46.011329  48.235820 41.100
 69   -16.335 54629.76212537 50.60  46.015524  48.226226 30.203
 69   -16.233 54629.76212602 50.72  46.014184  48.229466 30.203
 69   -16.170 54629.76212666 50.62  46.012844  48.232706 30.203
 69   -16.225 54629.76212731 51.86  46.011504  48.235956 30.203
 70   -16.481 54664.76213216 43.38  46.013598  48.225970 33.487
 70   -16.463 54664.76213280 43.59  46.012258  48.229210 33.487
 70   -16.594 54664.76213345 44.99  46.010918  48.232450 33.487
 70   -16.437 54664.76213409 42.95  46.009578  48.235700 33.487
 70   -16.545 54664.76213474 45.62  46.008238  48.238940 33.487
 70   -16.460 54664.76213538 47.03  46.006898  48.242180 33.487
 70   -16.370 54664.76213603 48.42  46.005558  48.245420 33.487
 70   -16.256 54664.76213860 50.24  46.000198  48.258390 33.487
 71   -16.386 54699.76210286 50.71  46.023267  48.224822 32.271
 71   -16.544 54699.76210351 54.92  46.021934  48.228066 28.772
 71   -16.394 54699.76210415 52.45  46.020594  48.231306 28.772
 72   -16.788 54734.76209077 48.39  46.011370  48.225827 46.099
 72   -16.458 54734.76209141 51.96  46.010030  48.229067 46.099
 72   -16.561 54734.76209206 49.24  46.008690  48.232317 46.099
 72   -16.649 54734.76209270 52.49  46.007350  48.235557 46.099
 72   -16.561 54734.76209335 50.02  46.006010  48.238797 46.099
 72   -16.649 54734.76209399 53.08  46.004670  48.242037 46.099
 72   -16.496 54734.76209464 50.27  46.003320  48.245277 46.099
 72   -16.478 54734.76209528 49.49  46.001980  48.248527 46.099
 72   -16.471 54734.76209593 49.09  46.000640  48.251767 46.099
 72   -16.421 54734.76209657 49.14  45.999300  48.255007 46.099
 72   -16.338 54734.76209722 50.58  45.997960  48.258247 46.099
 72   -16.506 54734.76209786 49.97  45.996620  48.261487 46.099
 72   -16.417 54734.76209851 51.94  45.995280  48.264737 46.099
 73   -15.982 54769.76208262 26.95  46.019758  48.224000 41.633
 73   -16.174 54769.76208326 15.81  46.018419  48.227240 21.799
 73   -16.645 54769.76208391 18.09  46.017079  48.230480 21.799
 73   -16.930 54769.76208455 21.01  46.015739  48.233730 21.799
 74   -14.196 54804.76208491 15.87  46.009698  48.228191 11.043
 74   -14.275 54804.76208556 15.70  46.008358  48.231441 11.043
 74   -16.014 54804.76208620 16.41  46.007018  48.234681 11.043
 74   -16.274 54804.76208685 17.79  46.005678  48.237921 11.043
 74   -15.936 54804.76208749 18.05  46.004328  48.241161 11.043
 74   -15.973 54804.76208814 18.88  46.002988  48.244401 11.043
 74   -16.264 54804.76208878 22.47  46.001648  48.247641 11.043
 74   -16.333 54804.76208943 22.69  46.000308  48.250891 11.043
 74   -16.268 54804.76209007 21.69  45.998968  48.254131 11.043
 74   -15.373 54804.76209071 18.68  45.997628  48.257371 11.043
 74   -15.559 54804.76209136 19.18  45.996288  48.260611 11.043
 74   -15.425 54804.76209200 19.84  45.994948  48.263851 11.043
 75   -13.886 54839.76207771 45.11  46.017252  48.225437  9.502
 75   -13.876 54839.76207835 47.50  46.015908  48.228679 27.988
 75   -13.937 54839.76207900 46.00  46.014568  48.231919 27.988
 75   -13.951 54839.76207964 46.75  46.013228  48.235159 27.988
 76   -12.926 54874.76208458 28.89  46.013243  48.225259 19.679
 76   -12.842 54874.76208522 32.14  46.011913  48.228499 19.679
 76   -12.970 54874.76208586 33.97  46.010573  48.231749 19.679
 76   -12.954 54874.76208651 35.04  46.009233  48.234989 19.679
 76   -12.930 54874.76208715 33.50  46.007893  48.238229 19.679
 76   -12.900 54874.76208780 34.25  46.006543  48.241469 19.679
 76   -12.906 54874.76208844 32.21  46.005203  48.244709 19.679
 76   -12.788 54874.76209038 33.74  46.001183  48.254439 19.679
 76   -12.675 54874.76209102 34.35  45.999843  48.257679 19.679
 76   -12.713 54874.76209167 31.49  45.998503  48.260919 19.679
 77   -13.707 54909.76208329 16.12  46.020568  48.224299 16.289
 77   -14.372 54909.76208393 16.86  46.019226  48.227540 17.927
 77   -15.139 54909.76208457 18.08  46.017886  48.230780 17.927
 77   -15.719 54909.76208522 19.62  46.016546  48.234020 17.927
 78   -14.618 54944.76207821 53.77  46.010141  48.228071 47.783
 78   -14.706 54944.76207885 53.08  46.008801  48.231311 47.783
 78   -14.634 54944.76207950 54.00  46.007461  48.234561 47.783
 78   -14.603 54944.76208014 52.60  46.006121  48.237801 47.783
 78   -14.595 54944.76208079 50.28  46.004771  48.241041 47.783
 78   -14.533 54944.76208143 50.97  46.003431  48.244281 47.783
 78   -14.495 54944.76208207 50.32  46.002091  48.247521 47.783
 78   -14.466 54944.76208272 48.86  46.000751  48.250771 47.783
 78   -14.407 54944.76208336 49.96  45.999411  48.254011 47.783
 78   -14.382 54944.76208401 49.19  45.998071  48.257251 47.783
 78   -14.378 54944.76208465 47.16  45.996731  48.260491 47.783
 78   -14.365 54944.76208530 49.04  45.995391  48.263731 47.783
 79   -12.241 54979.76210440 45.05  46.015213  48.225985 22.171
 79   -12.146 54979.76210505 46.71  46.013873  48.229225 22.171
 79   -12.159 54979.76210569 40.80  46.012533  48.232465 22.171
 79   -12.342 54979.76210634 28.24  46.011193  48.235715 22.171
 79   -12.339 54979.76210698 27.85  46.009853  48.238955 22.171
 80   -16.396 55014.76210736 47.35  46.016949  48.224051 23.646
 80   -16.316 55014.76210800 53.77  46.015606  48.227293 34.353
 80   -16.531 55014.76210865 52.62  46.014266  48.230533 34.353
 80   -16.545 55014.76210929 51.26  46.012926  48.233783 34.353
 80   -16.496 55014.76210994 53.20  46.011586  48.237023 34.353
 81   -16.563 55049.76210180 27.17  46.016633  48.226681 22.180
 81   -16.549 55049.76210244 32.06  46.015293  48.229921 22.180
 81   -16.514 55049.76210309 35.72  46.013953  48.233161 22.180
 81   -16.422 55049.76210373 40.14  46.012613  48.236411 22.180
 82   -16.068 55084.76206887 21.05  46.022818  48.225157 28.942
 82   -14.802 55084.76206951 16.63  46.021477  48.228402 29.709
 82   -16.743 55084.76207016 20.14  46.020137  48.231642 29.709
 83   -15.400 55119.76203406 19.90  46.013367  48.226650 14.045
 83   -14.741 55119.76203471 15.47  46.012027  48.229890 14.045
 83   -16.910 55119.76203535 18.73  46.010687  48.233140 14.045
 83   -16.635 55119.76203600 19.11  46.009347  48.236380 14.045
 83   -16.316 55119.76203664 18.78  46.008007  48.239620 14.045
 83   -15.724 55119.76203729 19.44  46.006667  48.242860 14.045
 83   -16.512 55119.76204051 23.77  45.999957  48.259070 14.045
 84   -16.667 55154.76202795 39.01  46.018579  48.224174 34.057
 84   -16.727 55154.76202860 35.12  46.017242  48.227414 20.202
 84   -16.968 55154.76202924 27.16  46.015902  48.230654 20.202
 84   -17.063 55154.76202989 24.50  46.014562  48.233904 20.202
 85   -15.762 55189.76202343 37.30  46.011074  48.225694 36.882
 85   -15.797 55189.76202407 42.94  46.009734  48.228934 36.882
 85   -15.890 55189.76202471 36.50  46.008394  48.232184 36.882
 85   -15.882 55189.76202536 32.47  46.007054  48.235424 36.882
 85   -15.880 55189.76202600 32.27  46.005714  48.238664 36.882
 85   -15.751 55189.76202665 31.74  46.004364  48.241904 36.882
 85   -15.777 55189.76202729 33.07  46.003024  48.245144 36.882
 85   -15.635 55189.76202794 34.19  46.001684  48.248394 36.882
 85   -15.663 55189.76202858 36.95  46.000344  48.251634 36.882
 85   -15.577 55189.76202923 38.03  45.999004  48.254874 36.882
 85   -15.627 55189.76202987 36.25  45.997664  48.258114 36.882
 85   -15.659 55189.76203052 39.72  45.996324  48.261354 36.882
 85   -15.496 55189.76203116 45.18  45.994984  48.264604 36.882
 86   -13.861 55224.76202814 23.37  46.017642  48.225947  5.061
 86   -13.634 55224.76202878 24.18  46.016301  48.229189  9.336
 86   -13.486 55224.76202943 24.34  46.014961  48.232429  9.336
 86   -13.236 55224.76203007 24.77  46.013621  48.235669  9.336
 87   -14.095 55259.76201896 35.04  46.015888  48.226218 13.827
 87   -14.100 55259.76201961 37.35  46.014548  48.229458 13.827
 87   -14.138 55259.76202025 36.23  46.013208  48.232708 13.827
 87   -14.154 55259.76202090 34.84  46.011868  48.235948 13.827
 88   -15.585 55294.76201424 19.76  46.021403  48.224636 30.697
 88   -16.214 55294.76201489 19.32  46.020069  48.227879 27.765
 88   -16.531 55294.76201553 19.71  46.018729  48.231119 27.765
 88   -16.650 55294.76201618 24.60  46.017389  48.234359 27.765
 89   -11.103 55329.76200141 33.55  46.013710  48.226519 31.999
 89   -10.958 55329.76200206 35.10  46.012370  48.229759 31.999
 89   -11.068 55329.76200270 35.71  46.011030  48.233009 31.999
 89   -11.090 55329.76200334 38.51  46.009690  48.236249 31.999
 89   -11.067 55329.76200399 41.40  46.008350  48.239489 31.999
 89   -10.975 55329.76200463 43.76  46.007010  48.242729 31.999
 89   -10.881 55329.76200786 44.67  46.000310  48.258939 31.999
 90   -16.023 55364.76199466 27.62  46.020044  48.224119 37.955
 90   -16.934 55364.76199531 27.04  46.018707  48.227361 27.579
 90   -17.096 55364.76199595 26.98  46.017367  48.230601 27.579
 90   -16.834 55364.76199660 28.47  46.016027  48.233841 27.579
 91   -14.580 55399.76200622 17.71  46.011571  48.225860 13.443
 91   -14.050 55399.76200687 18.45  46.010231  48.229100 13.443
 91   -17.216 55399.76200751 20.40  46.008891  48.232340 13.443
 91   -16.910 55399.76200816 19.66  46.007551  48.235590 13.443
 91   -16.280 55399.76200880 19.80  46.006211  48.238830 13.443
 91   -15.574 55399.76200945 18.56  46.004871  48.242070 13.443
 91   -16.840 55399.76201009 27.29  46.003531  48.245310 13.443
 91   -16.778 55399.76201074 25.23  46.002181  48.248550 13.443
 91   -16.712 55399.76201138 25.16  46.000841  48.251800 13.443
 91   -16.654 55399.76201202 23.49  45.999501  48.255040 13.443
 91   -16.530 55399.76201267 22.31  45.998161  48.258280 13.443
 91   -14.326 55399.76201331 20.42  45.996821  48.261520 13.443
 91   -13.701 55399.76201396 22.75  45.995481  48.264760 13.443
 92   -16.098 55434.76201144 24.34  46.019594  48.224503 42.170
 92   -16.406 55434.76201208 17.34  46.018252  48.227746 16.212
 92   -17.201 55434.76201273 18.13  46.016912  48.230986 16.212
 92   -17.087 55434.76201337 19.20  46.015572  48.234226 16.212
 93   -16.584 55469.76196585 17.58  46.024267  48.225870 33.421
 93   -17.095 55469.76196650 18.20  46.022928  48.229114 33.246
 93   -17.548 55469.76196714 23.11  46.021588  48.232354 33.246
