# NaN NaN NaN ;Mean Elev.(m), Avg Gradient(m/km), RMS Gradient(m/km) - SRTM1     
#  -25.973  -0.048   2.882 ;Mean Elev.(m), Avg Gradient(m/km), RMS Gradient(m/km) - ASTER GDEM
#  -19.552   0.018   2.252 ;Mean Elev.(m), Avg Gradient(m/km), RMS Gradient(m/km) - GMTED2010 
  8   -20.191 52512.31313450 16.20  46.708254  47.597575 17.848
  8   -20.899 52512.31313514 18.57  46.706934  47.594335 17.848
  8   -21.528 52512.31313579 22.05  46.705624  47.591085 17.848
  8   -21.277 52512.31313643 20.84  46.704314  47.587845 17.848
  9   -20.994 52547.31317011 18.70  46.709652  47.597545  5.549
  9   -21.268 52547.31317075 21.60  46.708342  47.594295  5.549
  9   -21.564 52547.31317140 23.34  46.707032  47.591055  5.549
  9   -21.445 52547.31317204 22.37  46.705712  47.587815  5.549
 10   -19.026 52582.31317973 12.34  46.707785  47.599192 15.006
 10   -21.002 52582.31318037 17.85  46.706465  47.595942 15.006
 10   -21.507 52582.31318102 20.06  46.705155  47.592702 15.006
 10   -21.605 52582.31318166 21.61  46.703845  47.589452 15.006
 11   -20.320 52617.31315154 43.60  46.697610  47.603768 17.724
 11   -20.357 52617.31315219 43.42  46.696300  47.600528 17.724
 11   -20.423 52617.31315283 44.61  46.694990  47.597278 17.724
 12   -18.075 52652.31312821 28.20  46.713200  47.592297  9.565
 12   -18.129 52652.31312885 28.25  46.711890  47.589057  9.565
 12   -18.105 52652.31312950 27.63  46.710580  47.585807  9.565
 12   -18.084 52652.31313014 26.82  46.709260  47.582567  9.565
 13   -18.641 52687.31312347 24.94  46.702992  47.600066  4.598
 13   -18.656 52687.31312411 24.34  46.701672  47.596826  4.598
 13   -18.673 52687.31312476 22.99  46.700362  47.593576  4.598
 13   -18.828 52687.31312540 22.42  46.699052  47.590336  4.598
 14   -18.939 52722.31317103 28.27  46.706009  47.600328 11.135
 14   -18.997 52722.31317168 29.52  46.704699  47.597088 11.135
 14   -19.012 52722.31317232 28.52  46.703379  47.593838 11.135
 14   -19.007 52722.31317297 27.92  46.702069  47.590598 11.135
 15   -18.887 52757.31319245 48.33  46.691852  47.606833 20.378
 15   -19.010 52757.31319309 46.45  46.690542  47.603583 20.378
 15   -18.918 52757.31319374 44.91  46.689222  47.600343 20.378
 17   -20.655 52827.31321361 35.15  46.712987  47.594772 30.835
 17   -21.028 52827.31321425 25.80  46.711677  47.591522 30.835
 17   -20.904 52827.31321490 27.96  46.710367  47.588282 30.835
 17   -20.737 52827.31321554 31.20  46.709048  47.585030  6.253
 18   -20.791 52862.31325923 28.63  46.712785  47.593077 37.427
 18   -21.004 52862.31325987 23.36  46.711475  47.589827 37.427
 18   -20.926 52862.31326052 24.55  46.710165  47.586587 37.427
 18   -20.977 52862.31326116 28.20  46.708850  47.583335  9.002
 19   -20.956 52897.31328763 34.57  46.702498  47.602345 22.544
 19   -21.208 52897.31328827 30.40  46.701178  47.599105 22.544
 19   -21.277 52897.31328892 29.55  46.699868  47.595855 22.544
 19   -21.002 52897.31328956 30.74  46.698558  47.592615 22.544
 20   -20.764 52932.31323398 38.20  46.697620  47.604920 19.988
 20   -21.028 52932.31323463 35.21  46.696310  47.601680 19.988
 20   -21.013 52932.31323527 31.99  46.695000  47.598430 19.988
 20   -20.994 52932.31323591 35.94  46.693690  47.595190 19.988
 21   -20.961 52967.31323903 29.79  46.710347  47.594621 17.499
 21   -21.045 52967.31323967 29.17  46.709037  47.591381 17.499
 21   -21.005 52967.31324032 28.41  46.707717  47.588141 17.499
 21   -20.986 52967.31324096 27.37  46.706407  47.584891 17.499
 22   -20.460 53002.31326368 32.17  46.699325  47.603979 27.905
 22   -20.466 53002.31326432 32.82  46.698015  47.600729 27.905
 22   -20.491 53002.31326496 31.89  46.696705  47.597479 27.905
 22   -20.496 53002.31326561 43.11  46.695385  47.594239 27.905
 23   -19.138 53037.31321263 47.29  46.697777  47.604514 18.871
 23   -19.203 53037.31321327 45.23  46.696457  47.601274 18.871
 23   -19.303 53037.31321392 38.67  46.695147  47.598024 18.871
 23   -19.278 53037.31321456 36.36  46.693837  47.594784 18.871
 24   -18.667 53072.31323806 22.23  46.704098  47.600829 24.559
 24   -19.173 53072.31323870 16.83  46.702782  47.597578  6.906
 24   -19.825 53072.31323935 15.81  46.701472  47.594338  6.906
 24   -20.451 53072.31323999 16.85  46.700152  47.591088  6.906
 25   -18.218 53107.31321339 20.88  46.695778  47.604638 27.948
 25   -18.954 53107.31321404 13.36  46.694458  47.601398 27.948
 25   -20.252 53107.31321468 17.53  46.693148  47.598148 27.948
 26   -15.990 53142.31324681 28.87  46.707719  47.597751  6.772
 26   -16.150 53142.31324746 22.59  46.706409  47.594511  6.772
 26   -16.457 53142.31324810 23.74  46.705099  47.591271  6.772
 26   -16.711 53142.31324875 20.51  46.703779  47.588021  6.772
 27   -17.595 53177.31327119 17.65  46.707263  47.599578 25.998
 27   -18.231 53177.31327183 17.89  46.705953  47.596338 25.998
 27   -20.599 53177.31327248 19.27  46.704643  47.593098 25.998
 27   -20.840 53177.31327312 21.05  46.703323  47.589848 25.998
 28   -19.250 53212.31329138 18.58  46.702666  47.599576 24.309
 28   -19.321 53212.31329202 18.42  46.701356  47.596336 24.309
 28   -19.306 53212.31329267 17.42  46.700036  47.593086 24.309
 28   -19.236 53212.31329331 17.68  46.698726  47.589846 24.309
 29   -19.960 53247.31326010 15.69  46.702270  47.599358 32.734
 29   -20.752 53247.31326075 15.32  46.700960  47.596118 32.734
 29   -21.176 53247.31326139 16.93  46.699640  47.592878 32.734
 30   -19.462 53282.31324879 12.65  46.707967  47.599025  6.032
 30   -20.581 53282.31324943 15.62  46.706647  47.595785  6.032
 30   -21.193 53282.31325008 18.69  46.705337  47.592535  6.032
 30   -21.509 53282.31325072 20.41  46.704027  47.589295  6.032
 31   -20.175 53317.31325361 16.46  46.709006  47.597506 25.945
 31   -20.983 53317.31325426 22.52  46.707696  47.594266 25.945
 31   -21.348 53317.31325490 21.24  46.706380  47.591015  5.878
 31   -21.319 53317.31325554 19.37  46.705070  47.587775  5.878
 32   -20.301 53352.31321931 17.27  46.705724  47.597818 11.178
 32   -20.911 53352.31321995 18.85  46.704404  47.594578 11.178
 32   -21.389 53352.31322060 18.86  46.703090  47.591334  4.199
 32   -21.669 53352.31322124 18.70  46.701780  47.588084  4.199
 33   -20.046 53387.31321101 42.97  46.709135  47.595253 14.020
 33   -20.128 53387.31321165 46.71  46.707815  47.592013 14.020
 33   -20.011 53387.31321230 46.42  46.706505  47.588763 14.020
 33   -20.137 53387.31321294 48.64  46.705185  47.585523 14.020
 34   -16.334 53422.31321253 31.92  46.710331  47.595922 26.404
 34   -16.448 53422.31321317 30.21  46.709019  47.592670  6.776
 34   -16.353 53422.31321382 30.37  46.707709  47.589430  6.776
 34   -16.385 53422.31321446 31.98  46.706389  47.586190  6.776
 35   -17.799 53457.31321822 23.42  46.713913  47.593190  6.483
 35   -18.445 53457.31321886 20.28  46.712593  47.589950  6.483
 35   -19.641 53457.31321951 22.43  46.711283  47.586700  6.483
 35   -19.910 53457.31322015 21.98  46.709973  47.583460  6.483
 36   -16.245 53492.31330178 37.70  46.701034  47.603335 42.620
 36   -16.373 53492.31330242 36.42  46.699714  47.600095 42.620
 36   -16.356 53492.31330307 34.64  46.698403  47.596851  9.253
 36   -16.320 53492.31330371 33.16  46.697093  47.593601  9.253
 38   -18.497 53562.31331101 32.21  46.698346  47.604635 34.853
 38   -18.977 53562.31331165 18.49  46.697026  47.601395 34.853
 38   -19.586 53562.31331229 13.26  46.695716  47.598155 34.853
 38    -2.214 53562.31331294 13.13  46.694406  47.594902  7.289
 39   -20.599 53597.31325171 35.14  46.704762  47.597949 19.878
 39   -20.597 53597.31325235 33.31  46.703447  47.594714  7.136
 39   -20.429 53597.31325300 39.87  46.702137  47.591464  7.136
 39   -20.401 53597.31325364 39.81  46.700827  47.588224  7.136
 40   -20.853 53632.31324669 43.77  46.707512  47.597966 25.252
 40   -20.861 53632.31324733 42.64  46.706200  47.594715 12.254
 40   -20.859 53632.31324798 44.45  46.704880  47.591475 12.254
 40   -20.882 53632.31324862 48.64  46.703570  47.588235 12.254
 41   -18.542 53667.31326867 18.32  46.702488  47.601835 31.568
 41   -19.461 53667.31326931 11.80  46.701178  47.598595 31.568
 41   -21.435 53667.31326996 15.19  46.699861  47.595343 10.969
 42   -18.984 53702.31321605 13.37  46.706048  47.597208 25.553
 42   -20.754 53702.31321669 16.45  46.704728  47.593968 25.553
 42   -21.183 53702.31321734 18.23  46.703412  47.590725  5.755
 42   -20.634 53702.31321798 16.56  46.702102  47.587475  5.755
 43   -19.405 53737.31312510 24.39  46.702373  47.601951 23.089
 43   -21.280 53737.31312574 26.84  46.701063  47.598711 23.089
 43   -21.090 53737.31312639 34.60  46.699753  47.595461 23.089
 43   -21.158 53737.31312703 38.49  46.698441  47.592225  9.509
 44   -18.020 53772.31313564 18.90  46.711661  47.594297  9.641
 44   -18.130 53772.31313629 20.89  46.710351  47.591057  9.641
 44   -18.082 53772.31313693 21.52  46.709036  47.587805  6.856
 44   -18.000 53772.31313758 23.02  46.707726  47.584565  6.856
 45   -19.291 53807.31312351 26.91  46.703884  47.600464 12.933
 45   -19.396 53807.31312416 23.54  46.702564  47.597224 12.933
 45   -19.583 53807.31312480 23.40  46.701252  47.593979 14.315
 45   -19.313 53807.31312545 20.83  46.699942  47.590729 14.315
 47   -17.193 53877.31319267 34.46  46.709620  47.596271 41.643
 47   -17.578 53877.31319332 22.67  46.708300  47.593028  6.098
 47   -17.978 53877.31319396 18.76  46.706990  47.589778  6.098
 47   -18.236 53877.31319461 17.59  46.705670  47.586538  6.098
 48   -18.914 53912.31324328 14.70  46.700983  47.600059 32.185
 48   -20.890 53912.31324457 15.19  46.698353  47.593569 32.185
 49   -19.189 53947.31325829 21.89  46.697011  47.604401 35.157
 49   -25.583 53947.31325893 20.45  46.695701  47.601151 35.157
 49   -20.872 53947.31325958 18.44  46.694381  47.597911 35.157
 50   -21.160 53982.31320179 46.58  46.700578  47.601781 28.910
 50   -21.199 53982.31320244 45.16  46.699268  47.598531 28.910
 50   -21.197 53982.31320308 45.68  46.697958  47.595291 28.910
 50   -21.128 53982.31320372 45.63  46.696638  47.592051 28.910
 51   -20.224 54017.31322880 14.38  46.711912  47.595629 22.480
 51   -20.234 54017.31322944 15.10  46.710592  47.592389 22.480
 51   -21.389 54017.31323009 16.90  46.709278  47.589137  6.124
 51   -21.441 54017.31323073 23.46  46.707968  47.585897  6.124
 52   -21.257 54052.31322508 30.13  46.713435  47.595958 19.630
 52   -19.402 54052.31322572 27.71  46.712115  47.592708 19.630
 52   -21.037 54052.31322637 19.75  46.710805  47.589468 19.630
 52   -21.462 54052.31322701 20.44  46.709495  47.586216  5.801
 52   -21.391 54052.31322766 25.68  46.708175  47.582976  5.801
 53   -20.154 54087.31321673 51.17  46.703598  47.598504 22.204
 53   -20.202 54087.31321738 50.95  46.702288  47.595254 22.204
 53   -20.270 54087.31321802 51.82  46.700968  47.592014 22.204
 54   -17.237 54122.31313938 16.89  46.697376  47.605699 18.739
 54     0.157 54122.31314003 10.49  46.696066  47.602459 18.739
 54     0.665 54122.31314067 10.02  46.694756  47.599209 18.739
 54    -3.922 54122.31314131 10.37  46.693436  47.595969 18.739
 55   -18.722 54157.31317817 46.60  46.704645  47.598347 22.546
 55   -18.746 54157.31317881 48.54  46.703325  47.595097 22.546
 55   -18.730 54157.31317946 47.18  46.702015  47.591857 22.546
 55   -18.801 54157.31318010 45.68  46.700705  47.588605  8.224
 56   -19.062 54192.31313925 51.49  46.699262  47.602607 22.671
 56   -19.172 54192.31313990 45.20  46.697942  47.599357 22.671
 56   -19.183 54192.31314054 45.46  46.696632  47.596117 22.671
 57   -15.927 54227.31318925 46.56  46.706623  47.599811 16.742
 57   -16.087 54227.31318989 42.05  46.705313  47.596561 16.742
 57   -16.119 54227.31319053 42.87  46.704003  47.593321 16.742
 57   -16.074 54227.31319118 42.89  46.702683  47.590071 16.742
 58   -16.355 54262.31320860 33.18  46.707058  47.598928 13.172
 58   -16.655 54262.31320924 33.22  46.705748  47.595688 13.172
 58   -16.712 54262.31320989 31.55  46.704438  47.592448 13.172
 58   -16.706 54262.31321053 29.23  46.703118  47.589198 13.172
 59   -18.440 54297.31321373 16.00  46.705290  47.598863  7.213
 59   -19.063 54297.31321437 16.42  46.703980  47.595623  7.213
 59   -20.421 54297.31321502 15.98  46.702660  47.592373  7.213
 59   -20.503 54297.31321566 16.46  46.701350  47.589133  7.213
 60   -20.762 54332.31320364 32.68  46.704969  47.601198 10.198
 60   -20.876 54332.31320429 33.62  46.703659  47.597948 10.198
 60   -20.901 54332.31320493 35.84  46.702339  47.594708 10.198
 60   -20.609 54332.31320558 35.71  46.701029  47.591458 10.198
 61   -19.270 54367.31314464 24.24  46.700763  47.603736 13.242
 61   -25.799 54367.31314528 17.04  46.699453  47.600496 13.242
 61   -20.787 54367.31314593 10.22  46.698143  47.597246 13.242
 61   -21.111 54367.31314657 11.12  46.696823  47.594006 13.242
 62   -20.292 54402.31314691 12.07  46.705581  47.599339  7.685
 62   -21.187 54402.31314756 12.47  46.704261  47.596089  7.685
 62   -21.504 54402.31314820 16.51  46.702951  47.592849  7.685
 62   -21.840 54402.31314885 17.68  46.701641  47.589599  7.685
 63   -21.330 54437.31310347 33.65  46.701774  47.603175 15.255
 63   -21.580 54437.31310412 30.05  46.700464  47.599925 15.255
 63   -21.633 54437.31310476 28.66  46.699154  47.596685 15.255
 63   -21.510 54437.31310541 27.77  46.697844  47.593435 15.255
 64   -18.975 54472.31313268 31.16  46.709332  47.595030 10.100
 64   -18.987 54472.31313333 28.63  46.708022  47.591790 10.100
 64   -19.211 54472.31313397 29.38  46.706712  47.588540 10.100
 64   -19.062 54472.31313462 31.93  46.705392  47.585300 10.100
 65   -19.160 54507.31311501 17.94  46.701414  47.603443  3.665
 65   -19.117 54507.31311565 17.83  46.700094  47.600203  3.665
 65   -19.129 54507.31311630 17.83  46.698781  47.596960  4.842
 65   -19.050 54507.31311694 18.08  46.697471  47.593710  4.842
 66   -20.498 54542.31314676 16.43  46.706173  47.597974 17.487
 66   -20.813 54542.31314740 18.81  46.704863  47.594734 17.487
 66   -21.131 54542.31314805 18.17  46.703553  47.591484 17.487
 66   -21.542 54542.31314869 19.54  46.702233  47.588244 17.487
 67   -17.466 54577.31311721 29.78  46.700062  47.601789 34.602
 67   -17.555 54577.31311786 26.49  46.698752  47.598549 34.602
 67   -17.365 54577.31311850 29.42  46.697442  47.595299 34.602
 68   -16.130 54612.31313729 37.82  46.706430  47.600177 37.600
 68   -16.522 54612.31313794 26.56  46.705120  47.596937 37.600
 68   -16.726 54612.31313858 22.78  46.703807  47.593694  3.960
 68   -17.070 54612.31313923 19.00  46.702497  47.590444  3.960
 69   -17.191 54647.31314443 18.99  46.705666  47.600769 23.915
 69   -18.779 54647.31314507 19.20  46.704356  47.597529 23.915
 69   -20.734 54647.31314572 18.10  46.703042  47.594286  3.556
 69   -21.055 54647.31314636 19.21  46.701732  47.591036  3.556
 71   -19.185 54717.31309285 19.14  46.701421  47.603098 32.983
 71   -26.954 54717.31309350 15.98  46.700101  47.599858 32.983
 71    -9.014 54717.31309414 10.86  46.698791  47.596608 32.983
 71    -8.365 54717.31309478 11.42  46.697481  47.593368 32.983
 72   -20.705 54752.31311807 14.84  46.706594  47.596911  4.308
 72   -21.142 54752.31311871 16.92  46.705284  47.593671  4.308
 72   -21.578 54752.31311936 18.95  46.703974  47.590421  4.308
 72   -20.635 54752.31312000 15.31  46.702654  47.587181  4.308
 73   -21.677 54787.31308355 19.35  46.701930  47.601777 32.351
 73   -21.324 54787.31308419 14.81  46.700620  47.598527 32.351
 73   -21.194 54787.31308484 18.94  46.699300  47.595287 32.351
 73   -20.952 54787.31308548 29.54  46.697987  47.592044  7.606
 74   -19.141 54822.31311197 50.34  46.708369  47.596917 12.816
 74   -19.217 54822.31311262 42.12  46.707059  47.593667 12.816
 74   -19.231 54822.31311326 40.66  46.705749  47.590427 12.816
 74   -19.238 54822.31311391 34.61  46.704429  47.587177 12.816
 75   -16.401 54857.31307944 32.08  46.703153  47.601616 18.329
 75   -16.382 54857.31308009 34.75  46.701843  47.598366 18.329
 75   -16.396 54857.31308073 33.09  46.700523  47.595126 18.329
 75   -16.437 54857.31308138 30.83  46.699210  47.591883  5.242
 76   -17.703 54892.31311437 26.59  46.703677  47.602011 11.700
 76   -17.713 54892.31311501 25.45  46.702363  47.598759  7.029
 76   -17.670 54892.31311566 24.41  46.701053  47.595519  7.029
 76   -17.645 54892.31311630 22.35  46.699733  47.592279  7.029
 77   -18.488 54927.31307685 36.27  46.699194  47.605226 36.083
 77   -19.126 54927.31307749 21.92  46.697884  47.601976 36.083
 77   -21.600 54927.31307814 20.83  46.696574  47.598736 36.083
 77   -21.218 54927.31307878 26.67  46.695264  47.595486 36.083
 78   -15.854 54962.31311373 32.20  46.705425  47.597466 39.000
 78   -16.085 54962.31311437 33.31  46.704107  47.594222  4.740
 78   -16.000 54962.31311502 31.10  46.702797  47.590972  4.740
 78   -15.852 54962.31311566 29.49  46.701477  47.587732  4.740
 79   -20.983 54997.31313468 34.93  46.702727  47.599463 28.650
 79   -21.045 54997.31313533 32.76  46.701413  47.596221  6.938
 79   -20.557 54997.31313597 30.41  46.700103  47.592971  6.938
 79   -20.599 54997.31313662 37.48  46.698783  47.589731  6.938
 80   -20.965 55032.31312426 42.19  46.703846  47.599163 21.511
 80   -21.072 55032.31312491 42.31  46.702532  47.595920 13.673
 80   -20.982 55032.31312555 48.68  46.701222  47.592670 13.673
 80   -20.888 55032.31312620 47.31  46.699902  47.589430 13.673
 81   -19.161 55067.31311258 13.77  46.703858  47.600892 27.876
 81   -20.325 55067.31311323 13.98  46.702548  47.597652 27.876
 81   -20.958 55067.31311387 14.81  46.701228  47.594412 27.876
 81   -21.304 55067.31311452 16.80  46.699913  47.591167  3.775
 82   -21.002 55102.31305193 44.24  46.698722  47.605176 19.098
 82   -21.069 55102.31305258 30.26  46.697412  47.601926 19.098
 82   -21.150 55102.31305322 31.17  46.696102  47.598686 19.098
 82   -20.989 55102.31305387 28.89  46.694792  47.595436 19.098
 83   -20.946 55137.31305945 14.68  46.707368  47.599864 22.416
 83   -21.203 55137.31306010 15.00  46.706050  47.596614  4.336
 83   -21.332 55137.31306074 16.39  46.704740  47.593374  4.336
 83   -21.611 55137.31306139 18.57  46.703420  47.590124  4.336
 83   -21.633 55137.31306203 16.37  46.702110  47.586884  4.336
 84   -22.252 55172.31302045 20.07  46.702175  47.602946 26.794
 84   -21.264 55172.31302109 15.52  46.700865  47.599706 26.794
 84   -21.580 55172.31302174 15.89  46.699545  47.596466 26.794
 84   -21.505 55172.31302238 13.82  46.698232  47.593221  3.254
 85   -19.057 55207.31305351 31.96  46.707926  47.599190 14.213
 85   -19.376 55207.31305415 31.32  46.706606  47.595939  9.442
 85   -19.192 55207.31305480 32.65  46.705296  47.592699  9.442
 85   -19.007 55207.31305544 34.60  46.703976  47.589459  9.442
 85   -19.194 55207.31305609 33.05  46.702666  47.586209  9.442
 86   -17.870 55242.31302573 19.38  46.699472  47.602662  4.090
 86   -18.049 55242.31302638 18.90  46.698162  47.599422  4.090
 86   -18.007 55242.31302702 18.25  46.696852  47.596182  4.090
 86   -18.347 55242.31302767 18.20  46.695534  47.592938  3.023
 87   -18.907 55277.31304722 33.31  46.703416  47.600530 18.124
 87   -19.071 55277.31304786 30.06  46.702104  47.597286 11.596
 87   -19.163 55277.31304851 28.03  46.700794  47.594036 11.596
 87   -19.312 55277.31304915 27.69  46.699474  47.590796 11.596
 88   -18.801 55312.31301042 22.47  46.701213  47.602520 28.532
 88   -19.063 55312.31301107 13.83  46.699903  47.599270 28.532
 88   -19.805 55312.31301171 12.91  46.698593  47.596030 28.532
 88   -20.677 55312.31301236 13.22  46.697283  47.592780 28.532
 89   -16.210 55347.31301712 41.18  46.705469  47.600298 45.918
 89   -16.539 55347.31301777 33.23  46.704156  47.597046  8.421
 89   -16.418 55347.31301841 31.18  46.702846  47.593806  8.421
 89   -16.238 55347.31301906 31.93  46.701526  47.590566  8.421
 90   -21.506 55382.31300820 40.52  46.703740  47.602070 26.316
 90   -21.768 55382.31300885 41.13  46.702430  47.598830 26.316
 90   -21.684 55382.31300949 41.62  46.701121  47.595587 11.723
 90   -21.613 55382.31301014 41.95  46.699801  47.592337 11.723
 91   -21.270 55417.31303644 36.26  46.708327  47.598110 19.013
 91   -21.411 55417.31303709 35.98  46.707016  47.594867  9.051
 91   -21.367 55417.31303773 39.35  46.705706  47.591617  9.051
 91   -21.337 55417.31303837 40.52  46.704396  47.588377  9.051
 92   -19.926 55452.31301841 13.60  46.702585  47.599930 31.491
 92   -21.597 55452.31301905 13.04  46.701275  47.596690 31.491
 92   -21.490 55452.31301970 16.33  46.699955  47.593450 31.491
 92   -22.544 55452.31302034 19.28  46.698643  47.590205  4.511
 93   -24.635 55487.31294077 16.75  46.699804  47.601694 26.402
 93   -22.435 55487.31294141 17.23  46.698484  47.598444 26.402
 93   -22.594 55487.31294206 17.20  46.697174  47.595204 26.402
