# NaN NaN NaN ;Mean Elev.(m), Avg Gradient(m/km), RMS Gradient(m/km) - SRTM1     
#   18.004  -1.918   4.564 ;Mean Elev.(m), Avg Gradient(m/km), RMS Gradient(m/km) - ASTER GDEM
#   23.200  -1.351   4.851 ;Mean Elev.(m), Avg Gradient(m/km), RMS Gradient(m/km) - GMTED2010 
  7  47.880135  52.124901    24.715    24.715  2 52469.75295892  1.104
  8  47.871916  52.146776    28.157    28.113 23 52504.75294792 13.105
  9  47.866613  52.143301    28.304    28.117 24 52539.75293045 14.084
 10  47.867558  52.143855    30.486    29.721 23 52574.75297487 13.372
 11  47.873593  52.147796    28.273    28.213 24 52609.75293551 43.649
 12  47.867976  52.144571    28.053    28.033 24 52644.75292622 17.966
 15  47.867283  52.144037    28.258    28.258 24 52749.75297566 47.120
 16  47.862873  52.139587    27.817    27.892 23 52784.75291734 19.793
 17  47.863686  52.141700    28.176    28.141 22 52819.75299337 23.193
 18  47.869748  52.144705    28.240    28.305 23 52854.75304228 48.489
 20  47.876084  52.148139    29.215    28.095 24 52924.75302943 15.228
 21  47.871526  52.145935    28.681    28.103 23 52959.75299614 14.950
 22  47.870172  52.145087    28.331    28.329 24 52994.75302872 40.273
 23  47.877760  52.150562    27.985    27.989 24 53029.75299329 23.539
 24  47.872843  52.148479    28.386    28.381 23 53064.75300043 48.654
 25  47.873015  52.146802    28.054    28.046 23 53099.75300859 36.580
 26  47.873897  52.147945    28.089    28.070 23 53134.75300029 27.016
 29  47.879278  52.149841    25.837    27.060 25 53239.75303849 38.779
 31  47.866537  52.142575    30.327    29.791 23 53309.75305274 13.232
 32  47.873384  52.148572    28.373    28.359 24 53344.75301982 41.719
 33  47.865478  52.143908    28.127    28.140 23 53379.75296835 41.000
 34  47.875861  52.149056    28.048    28.039 24 53414.75299683 26.127
 35  47.864192  52.140195    28.357    28.167 23 53449.75298809 14.729
 36  47.863565  52.139922    28.089    27.929 23 53484.75307344 20.355
 37  47.873254  52.147953    28.811    28.396 24 53519.75307131 20.499
 38  47.865741  52.144680    26.157    27.584 23 53554.75309367 18.107
 39  47.880135  52.150709    29.100    28.085 24 53589.75303887 13.896
 40  47.859257  52.137619    28.390    28.401 22 53624.75301610 47.186
 41  47.866169  52.143926    27.603    27.370 23 53659.75304357 22.132
 42  47.873368  52.148619    29.309    28.070 24 53694.75301957 12.687
 43  47.880620  52.151676    28.440    28.430 25 53729.75294288 37.890
 44  47.872690  52.146930    28.272    28.277 24 53764.75290713 22.537
 45  47.879361  52.150778    28.382    28.368 25 53799.75291353 18.251
 46  47.865590  52.142283    28.512    28.488 23 53834.75291245 28.894
 47  47.868157  52.143846    28.651    28.649 23 53869.75297413 50.947
 48  47.868826  52.144171    27.984    27.915 23 53904.75300879 23.627
 49  47.863411  52.139924    29.009    27.655 23 53939.75304132 19.977
 50  47.873633  52.147661    27.979    27.975 24 53974.75300137 43.861
 51  47.865725  52.142548    30.455    28.517 23 54009.75299606 12.630
 52  47.873417  52.147859    28.305    28.190 24 54044.75301520 14.540
 53  47.874219  52.148791    29.765    28.134 23 54079.75300861 12.698
 54  47.878969  52.150229    28.437    28.445 25 54114.75294443 49.049
 56  47.878804  52.148768    28.211    28.176 24 54184.75293466 22.289
 57  47.866926  52.144517    30.648    30.626 23 54219.75296471 11.849
 58  47.870818  52.145589    29.363    28.545 23 54254.75298910 11.437
 59  47.873313  52.147816    29.940    28.395 24 54289.75299202 11.499
 60  47.873580  52.147738    26.969    26.883 24 54324.75298949 22.149
 61  47.879299  52.151081    28.457    27.820 25 54359.75294428 16.412
 62  47.871058  52.146630    27.390    27.779 24 54394.75292939 18.718
 63  47.877068  52.148786    26.417    27.429 24 54429.75289390 39.000
 64  47.869557  52.145930    27.969    27.968 24 54464.75290887 31.705
 65  47.875726  52.148122    27.247    27.174 24 54499.75290502 16.622
 66  47.872691  52.146767    28.851    28.379 24 54534.75292335 21.487
 67  47.878703  52.148737    28.118    28.117 24 54569.75290848 44.421
 68  47.870386  52.145147    28.688    28.639 23 54604.75291774 37.848
 69  47.871747  52.147825    28.803    27.915 24 54639.75292814 14.383
 70  47.871158  52.146068    28.929    27.993 23 54674.75293037 12.486
 71  47.878445  52.149311    28.987    27.923 24 54709.75288791 11.075
 72  47.870018  52.145513    28.117    28.052 23 54744.75289711 28.247
 73  47.874456  52.148789    29.311    27.863 24 54779.75287130 13.271
 74  47.869268  52.144427    29.549    28.259 23 54814.75289020 10.876
 75  47.875288  52.148542    28.081    28.069 24 54849.75287030 28.971
 76  47.869718  52.144499    27.922    27.959 23 54884.75289374 22.236
 77  47.877100  52.149570    28.219    28.232 23 54919.75287215 29.055
 78  47.868781  52.144500    28.678    28.683 23 54954.75288918 38.819
 79  47.868690  52.144794    26.749    27.322 23 54989.75291288 24.426
 80  47.874594  52.148159    28.220    27.975 24 55024.75290469 16.695
 81  47.872402  52.147496    26.316    27.250 24 55059.75289915 18.825
 82  47.878249  52.149527    27.909    27.829 24 55094.75285170 16.703
 83  47.870440  52.145999    30.132    28.634 23 55129.75284032  9.356
 84  47.874773  52.147889    29.361    27.739 24 55164.75281314 14.653
 85  47.869397  52.144563    28.087    28.080 23 55199.75283195 44.220
 86  47.876058  52.148464    28.060    28.012 24 55234.75281852 19.963
 87  47.871371  52.146568    28.039    27.939 24 55269.75282667 15.873
 88  47.879201  52.150758    28.607    28.607 25 55304.75279985 45.093
 89  47.871507  52.147824    28.196    28.182 24 55339.75279910 30.814
 90  47.874388  52.147625    28.981    28.126 24 55374.75279068 12.463
 91  47.870749  52.146821    28.086    28.076 24 55409.75281251 49.522
 92  47.873199  52.147811    28.655    28.224 24 55444.75280768 10.169
 93  47.880520  52.151991    27.435    27.507 25 55479.75274388 46.519
