# NaN NaN NaN ;Mean Elev.(m), Avg Gradient(m/km), RMS Gradient(m/km) - SRTM1     
#    6.436 -12.609  18.319 ;Mean Elev.(m), Avg Gradient(m/km), RMS Gradient(m/km) - ASTER GDEM
#    8.958 -12.238  18.106 ;Mean Elev.(m), Avg Gradient(m/km), RMS Gradient(m/km) - GMTED2010 
  8  46.361393  51.766906    15.599    15.463  9 52499.31832364 42.768
 11  46.360247  51.770958    15.766    15.713 11 52604.31832362 23.693
 12  46.373352  51.776650   101.509   101.509  2 52639.31830282  0.142
 13  46.367503  51.780425   105.209   105.255  8 52674.31829834  2.339
 14  46.376828  51.784209    95.995   100.535  7 52709.31831207  1.727
 16  46.370036  51.764046    17.732    17.751 11 52779.31828045 46.524
 17  46.370820  51.770557    15.486    15.497 12 52814.31836340 36.952
 18  46.363756  51.753648    26.626    27.040  3 52849.31841962 25.722
 21  46.369653  51.750834    15.634    15.257  5 52954.31837518 37.358
 22  46.379246  51.776050    20.428    20.428  2 52989.31837923 38.077
 24  46.381164  51.778262   100.898   100.898  2 53059.31835880  0.320
 26  46.373317  51.763398    17.362    17.426  6 53129.31837120 36.289
 28  46.368350  51.772387    16.328    16.366 13 53199.31843914 42.119
 30  46.365332  51.750232    15.582    15.606  3 53269.31837939 47.222
 31  46.364483  51.772665    18.035    18.070 13 53304.31843648 40.562
 32  46.363493  51.772013    15.512    15.560 13 53339.31840551 46.114
 33  46.362621  51.774459    17.450    17.520 11 53374.31833696 27.058
 35  46.362535  51.780892   106.577   106.560  6 53444.31836124  3.481
 36  46.370735  51.784099     0.453    18.824  3 53479.31843852 39.937
 37  46.366566  51.771492    17.929    17.919 13 53514.31844859 48.821
 39  46.365055  51.771312    15.564    15.574 13 53584.31843091 44.204
 40  46.352761  51.768353    16.110    15.566  9 53619.31838839 28.889
 41  46.365940  51.763779    15.564    15.433  9 53654.31841426 28.760
 42  46.363557  51.773649    15.616    15.586 12 53689.31840845 21.477
 43  46.360162  51.770683    15.221    15.350 12 53724.31833361 25.797
 44  46.376253  51.761930    15.476    15.466 11 53759.31827637 27.094
 45  46.364491  51.765933    60.711    49.741  8 53794.31829547 15.850
 46  46.375210  51.763635    91.868    91.872 11 53829.31827035  8.169
 47  46.368458  51.772130    17.172    16.912  8 53864.31834909 38.737
 48  46.366588  51.768117    15.372    15.327 11 53899.31837502 37.532
 49  46.355447  51.769068    14.988    15.000 10 53934.31841915 33.517
 50  46.358297  51.771271    15.320    15.330 11 53969.31838933 42.014
 51  46.370151  51.753449    15.629    15.415  6 54004.31836537 40.128
 52  46.368004  51.759436    15.272    15.207  4 54039.31839731 22.614
 53  46.371114  51.782171    15.859    15.794  6 54074.31838760 44.068
 54  46.356313  51.772006    23.387    24.134 11 54109.31833517 36.254
 55  46.375525  51.781326   103.567   103.537  3 54144.31832509  0.698
 57  46.367667  51.768598    17.571    17.444  4 54214.31833538 41.289
 58  46.366107  51.767796    16.718    16.707 11 54249.31836318 36.742
 59  46.366830  51.771363    15.160    15.634 13 54284.31837047 41.615
 60  46.368094  51.773025    15.415    15.399 13 54319.31836762 38.642
 61  46.366840  51.782514    16.842    16.802  6 54354.31832921 23.042
 62  46.368841  51.771673    15.596    15.573 14 54389.31830814 19.784
 63  46.363998  51.772149    15.195    15.100 13 54424.31828129 27.338
 64  46.368035  51.760406    22.271    21.584  8 54459.31828562 25.203
 65  46.359081  51.760034    16.836    16.785  5 54494.31828837 17.427
 67  46.360664  51.772639    15.377    15.486 10 54564.31829270 29.558
 68  46.368067  51.772469    16.613    16.621 14 54599.31829151 31.970
 69  46.364834  51.769742    15.068    15.005 12 54634.31830495 49.026
 72  46.362608  51.753181    24.943    23.370  3 54739.31827528 23.407
 73  46.357431  51.755772    21.707    16.951  3 54774.31825758 22.002
 74  46.368744  51.763385    18.226    17.108  9 54809.31826669 27.863
 75  46.359936  51.762329    23.405    24.584  7 54844.31825432 25.621
 76  46.370117  51.776459   102.090   102.165 11 54879.31826767  6.584
 78  46.362680  51.761461    17.434    17.431  7 54949.31826262 48.439
 79  46.366428  51.772873    15.447    15.490 13 54984.31828560 33.183
 80  46.365119  51.767299    15.311    15.196 10 55019.31828286 18.102
 81  46.366809  51.773355    17.078    16.917 12 55054.31827764 33.511
 82  46.355550  51.761974    16.510    15.493  5 55089.31824072 31.921
 84  46.362886  51.772765    15.982    16.103 11 55159.31819962 27.196
 85  46.373425  51.773803    99.716    99.765  8 55194.31820474  5.621
 86  46.366953  51.784822   108.133   108.056  4 55229.31819955  0.651
 87  46.369556  51.773217   100.125   100.237 12 55264.31820036  4.462
 88  46.366840  51.782239    17.647    17.987  6 55299.31818256 37.298
 89  46.364654  51.772093    16.772    16.771 13 55334.31817798 44.949
 90  46.366509  51.772678    14.707    14.667 13 55369.31816915 31.844
 91  46.371627  51.771858    14.885    14.897 14 55404.31818590 45.856
 92  46.365252  51.770878    14.730    14.729 13 55439.31818765 45.325
 93  46.358432  51.766186    23.811    21.543  3 55474.31813524 18.388
