-200476.612    62.282     0.00    6.36
-200106.915    56.188   -16.49   10.85
-199737.264    47.748   -22.84   15.09
-199367.659    36.610   -30.14   13.96
-198998.100    29.122   -20.27    9.66
-198628.587    24.282   -13.10    5.08
-198259.120    22.208    -5.61    1.68
-197889.699    21.907    -0.82    0.00
-197520.324    21.907     0.00    0.00
-197147.032    21.907     0.00    0.00
-196768.297    21.907     0.00    0.00
-196389.611    21.907     0.00    0.00
-196010.974    21.907     0.00    0.00
-195632.385    21.907     0.00    0.00
-195253.844    21.907     0.00    0.00
-194875.352    21.953     0.12    0.28
-194496.908    26.813    12.84   14.37
-194118.512    43.415    43.88   35.93
-193740.165    65.922    59.50   49.84
-193361.866    90.840    65.88   53.34
-192983.615   110.594    52.23   48.10
-192605.412   123.859    35.08   36.89
-192227.258   128.748    12.93   29.02
-191849.152   112.907   -41.90   36.05
-191471.094    99.447   -35.61   33.30
-191093.085    97.985    -3.87   29.00
-190715.123   101.024     8.04   27.49
-190337.210   120.344    51.13   29.38
-189959.345   139.665    51.14   25.46
-189581.527   157.153    46.30   21.70
-189203.758   169.504    32.70   12.40
-188826.037   173.020     9.31    8.50
-188448.364   170.282    -7.25    9.35
-188070.740   162.713   -20.05    9.37
-187693.163   156.516   -16.42    8.05
-187315.634   153.257    -8.64    6.05
-186938.153   152.455    -2.12    6.47
-186560.720   151.939    -1.37    7.08
-186183.335   147.015   -13.05   11.53
-185805.997   130.829   -42.90   24.41
-185428.708   112.955   -47.38   29.40
-185051.467    94.251   -49.59   24.55
-184674.273    82.342   -31.58   12.61
-184297.127    81.728    -1.63   10.44
-183920.029    86.757    13.34   10.89
-183542.979    91.335    12.15    9.02
-183165.977    92.568     3.27    7.34
-182789.022    88.657   -10.38   10.26
-182412.115    76.291   -32.81   16.42
-182035.256    66.842   -25.08   15.23
-181658.445    62.454   -11.65   10.60
-181281.681    64.716     6.01   12.42
-180904.965    74.775    26.70   15.81
-180528.296    84.140    24.87   14.69
-180151.675    92.020    20.93   12.60
-179775.102   100.971    23.78    9.96
-179398.576   107.969    18.59   10.87
-179022.098   116.141    21.71   12.14
-178645.667   124.907    23.29   12.21
-178269.284   137.161    32.56   12.82
-177892.948   146.701    25.35   13.42
-177516.660   156.086    24.95   13.64
-177140.419   161.840    15.30   13.76
-176764.226   155.326   -17.32   17.87
-176388.080   142.743   -33.46   23.62
-176011.982   124.923   -47.39   26.59
-175635.931   103.048   -58.18   20.43
-175259.927    88.141   -39.65   15.08
-174883.971    77.579   -28.10   10.79
-174508.062    74.649    -7.80    8.53
-174132.200    72.969    -4.47    9.92
-173756.385    73.440     1.25   10.48
-173380.618    72.719    -1.92    9.77
-173004.898    70.374    -6.24    9.04
-172629.226    75.360    13.28   10.57
-172253.600    80.923    14.81   12.70
-171878.022    89.984    24.13   14.58
-171502.491   101.812    31.50   11.30
-171127.007   109.584    20.70    8.96
-170751.570   116.415    18.20    8.44
-170376.180   121.133    12.57    6.94
-170000.838   125.016    10.35    5.72
-169625.542   128.874    10.28    5.43
-169250.294   130.568     4.52    4.83
-168875.092   129.713    -2.28    6.82
-168499.938   125.771   -10.51    9.08
-168124.830   120.828   -13.18    7.73
-167749.770   120.669    -0.42    6.94
-167374.756   124.063     9.05    6.79
-166999.790   127.251     8.50    5.43
-166624.870   127.204    -0.13    9.10
-166249.997   124.595    -6.96   13.65
-165875.172   116.665   -21.16   20.37
-165500.393   106.490   -27.15   19.65
-165125.660   104.686    -4.81   15.14
-164750.975   108.020     8.90   14.19
-164376.337   117.542    25.42   15.68
-164001.745   128.278    28.67   13.41
-163627.200   134.122    15.61    8.38
-163252.702   134.030    -0.25    9.12
-162878.251   131.488    -6.79   12.18
-162503.846   131.367    -0.32   12.42
-162129.488   132.488     2.99   11.39
-161755.176   138.877    17.07   12.24
-161380.912   146.274    19.76   12.46
-161006.694   152.423    16.44   10.82
-160632.522   156.595    11.15    7.95
-160258.398   157.485     2.38    7.49
-159884.319   159.272     4.78    9.01
-159510.288   166.563    19.50   15.97
-159136.303   176.600    26.84   17.09
-158762.364   186.764    27.18   14.91
-158388.472   196.548    26.17   15.46
-158014.627   204.471    21.20   19.66
-157640.827   213.971    25.42   19.83
-157267.075   225.890    31.89   19.27
-156893.369   235.483    25.67   14.68
-156519.709   240.940    14.61   10.05
-156146.095   242.626     4.51    7.73
-155772.528   240.875    -4.69    8.76
-155399.008   238.532    -6.27   12.55
-155025.534   230.688   -21.01   19.22
-154652.106   223.168   -20.14   25.44
-154278.724   212.589   -28.34   29.93
-153905.389   202.367   -27.38   30.95
-153532.100   189.657   -34.05   30.61
-153158.857   180.649   -24.14   29.00
-152785.660   167.532   -35.15   26.97
-152412.510   154.140   -35.89   23.02
-152039.405   146.197   -21.29   19.06
-151666.347   143.218    -7.99   22.12
-151293.336   138.782   -11.90   20.63
-150920.370   130.665   -21.77   17.33
-150547.450   120.716   -26.68   18.03
-150174.577   113.969   -18.10   16.45
-149801.749   109.407   -12.24   16.72
-149428.968   103.204   -16.64   16.20
-149056.233   101.701    -4.03   13.94
-148683.543   101.969     0.72   10.35
-148310.900   105.536     9.57   10.38
-147938.303   112.180    17.83    9.57
-147565.752   114.024     4.95   12.71
-147193.246   115.005     2.64   16.12
-146820.787   116.740     4.66   17.72
-146448.373   116.539    -0.54   16.13
-146076.006   117.633     2.94   11.57
-145703.684   119.478     4.96    8.95
-145331.408   125.020    14.89    9.97
-144959.178   132.107    19.04   11.89
-144586.994   142.168    27.04   12.66
-144214.856   154.826    34.02   16.99
-143842.763   172.764    48.21   22.76
-143470.716   185.697    34.77   20.98
-143098.715   196.225    28.30   18.07
-142726.760   200.057    10.30   20.70
-142354.851   199.005    -2.83   24.43
-141982.987   193.907   -13.71   28.43
-141611.168   189.074   -13.00   29.17
-141239.396   184.038   -13.55   27.42
-140867.669   176.875   -19.27   24.89
-140495.988   165.685   -30.11   21.93
-140124.352   156.204   -25.51   17.82
-139752.762   148.126   -21.74   14.45
-139381.218   142.626   -14.81   10.76
-139009.719   138.891   -10.05    7.42
-138638.265   137.246    -4.43    6.19
-138266.858   134.579    -7.18    7.34
-137895.495   128.649   -15.97    9.10
-137524.178   120.843   -21.02   12.90
-137152.907   109.054   -31.76   16.65
-136781.681    93.215   -42.67   20.58
-136410.500    78.074   -40.80   18.84
-136039.365    67.626   -28.15   14.88
-135668.276    58.157   -25.52   11.90
-135297.231    50.796   -19.84    9.59
-134926.232    46.697   -11.05    7.99
-134555.279    43.704    -8.07    4.83
-134184.370    41.423    -6.15    2.50
-133813.507    40.094    -3.58    2.58
-133442.690    38.469    -4.38    2.45
-133071.917    36.653    -4.90    2.49
-132701.190    35.050    -4.32    2.18
-132330.508    33.812    -3.34    1.66
-131959.871    33.168    -1.74    1.16
-131589.280    33.536     0.99    1.85
-131218.733    35.157     4.38    4.11
-130848.232    38.317     8.53    7.03
-130477.776    44.246    16.01   10.04
-130107.365    50.707    17.45   11.79
-129736.999    59.361    23.37   12.82
-129366.678    68.024    23.39   13.25
-128996.403    76.665    23.34   14.19
-128626.172    83.923    19.61   14.78
-128255.986    87.219     8.91   12.29
-127885.846    83.382   -10.37   13.53
-127515.750    74.097   -25.09   16.36
-127145.700    64.681   -25.45   10.88
-126775.694    64.859     0.48   11.97
-126405.733    73.876    24.37   16.15
-126035.818    85.246    30.74   14.33
-125665.947    97.494    33.12   11.93
-125296.121   107.600    27.33   12.13
-124926.340   117.335    26.33   12.62
-124556.604   125.612    22.39   11.88
-124186.912   132.272    18.02    9.97
-123817.266   136.186    10.59    8.61
-123447.664   136.713     1.43    8.18
-123078.107   136.607    -0.29    7.87
-122708.595   134.694    -5.18    8.39
-122336.420   134.307    -1.04    8.75
-121957.783   135.298     2.62    8.29
-121579.194   135.117    -0.48    8.14
-121200.651   134.113    -2.65    7.95
-120822.156   134.320     0.55    7.39
-120443.707   134.633     0.83    6.37
-120065.306   132.922    -4.52    5.49
-119686.952   129.148    -9.98    6.89
-119308.645   122.645   -17.19    9.02
-118930.385   113.333   -24.62   10.96
-118552.173   102.796   -27.86   13.50
-118174.007    90.272   -33.12   14.35
-117795.888    79.326   -28.95   12.72
-117417.816    68.313   -29.13   10.36
-117039.791    60.020   -21.94    8.12
-116661.814    52.740   -19.26    7.97
-116283.883    49.026    -9.83    5.76
-115905.999    53.923    12.96   11.43
-115528.161    62.423    22.50   14.46
-115150.371    70.278    20.79   10.97
-114772.628    71.844     4.15    8.61
-114394.931    66.113   -15.18   11.83
-114017.281    57.161   -23.71   11.26
-113639.679    50.457   -17.76    6.39
-113262.122    49.543    -2.42    3.59
-112884.613    51.307     4.67    4.00
-112507.150    53.685     6.30    4.09
-112129.734    55.431     4.63    3.12
-111752.365    55.907     1.26    2.36
-111375.043    56.129     0.59    2.06
-110997.767    56.050    -0.21    2.28
-110620.538    55.969    -0.21    3.16
-110243.355    56.107     0.36    4.45
-109866.219    55.653    -1.20    5.43
-109489.130    54.038    -4.28    6.58
-109112.087    51.454    -6.85    7.01
-108735.091    47.986    -9.20    7.83
-108358.141    43.079   -13.02    8.95
-107981.238    37.526   -14.73    7.99
-107604.381    34.186    -8.86    5.74
-107227.571    32.630    -4.13    4.95
-106850.807    32.840     0.56    6.08
-106474.090    29.858    -7.92    7.06
-106097.419    27.084    -7.37    6.54
-105720.794    25.986    -2.92    6.67
-105344.216    26.844     2.28    8.50
-104967.685    29.351     6.66    9.72
-104591.199    31.129     4.72    9.02
-104214.760    33.257     5.65    7.17
-103838.368    33.983     1.93    6.20
-103462.021    33.010    -2.58    6.77
-103085.721    27.939   -13.48    9.26
-102709.467    21.740   -16.48   10.30
-102333.260    16.891   -12.89    9.43
-101957.098    13.004   -10.34    7.31
-101580.983     9.842    -8.41    6.83
-101204.914     6.621    -8.57    6.99
-100828.891     4.710    -5.08    6.14
-100452.915     3.877    -2.22    4.89
-100076.984     3.545    -0.88    3.51
 -99701.100     5.218     4.45    4.87
 -99325.261     5.653     1.16    4.37
 -98949.469     5.251    -1.07    4.33
 -98573.723     4.284    -2.57    3.71
 -98198.023     3.729    -1.48    2.71
 -97822.369     4.034     0.81    3.47
 -97446.760     4.875     2.24    4.32
 -97071.198     5.016     0.38    4.93
 -96695.682     5.224     0.55    6.13
 -96320.212     5.407     0.49    8.48
 -95944.788     5.357    -0.13   10.94
 -95569.409     6.282     2.46   13.64
 -95194.077     8.439     5.75   16.56
 -94818.790    10.780     6.24   18.37
 -94443.549    13.657     7.67   20.37
 -94068.354    15.875     5.91   21.55
 -93693.205    19.688    10.16   23.89
 -93318.102    26.971    19.42   27.72
 -92943.045    35.313    22.24   30.02
 -92568.033    43.807    22.65   32.20
 -92193.067    51.068    19.37   30.22
 -91818.147    59.022    21.22   29.47
 -91443.272    61.447     6.47   28.38
 -91068.443    56.485   -13.24   31.04
 -90693.660    54.813    -4.46   30.31
 -90318.923    52.455    -6.29   28.85
 -89944.231    51.600    -2.28   28.69
 -89569.584    49.304    -6.13   27.25
 -89194.984    49.391     0.23   26.21
 -88820.429    48.536    -2.28   23.77
 -88445.919    52.107     9.54   23.19
 -88071.455    55.188     8.23   21.28
 -87697.037    54.100    -2.91   20.73
 -87322.664    52.282    -4.86   18.56
 -86948.337    51.875    -1.09   18.23
 -86574.055    54.204     6.22   17.58
 -86199.818    56.762     6.84   15.58
 -85825.627    60.333     9.55   14.15
 -85451.482    68.843    22.75   16.02
 -85077.381    77.941    24.32   18.85
 -84703.327    89.391    30.61   20.08
 -84329.317    99.424    26.83   19.12
 -83955.353   109.568    27.13   17.83
 -83581.434   117.440    21.05   16.98
 -83207.561   123.858    17.17   18.07
 -82833.733   132.038    21.88   18.36
 -82459.950   139.052    18.77   18.38
 -82086.213   149.129    26.97   16.96
 -81712.520   157.986    23.70   12.91
 -81338.873   164.626    17.77    8.85
 -80965.271   168.140     9.41    5.23
 -80591.715   169.181     2.79    3.55
 -80218.203   169.457     0.74    3.90
 -79844.737   169.786     0.88    5.69
 -79471.315   172.331     6.82   10.43
 -79097.939   180.796    22.67   18.98
 -78724.608   189.546    23.44   19.90
 -78351.322   190.120     1.54   22.56
 -77978.082   174.351   -42.25   34.71
 -77604.886   152.907   -57.47   38.23
 -77231.735   133.193   -52.84   24.63
 -76858.629   124.923   -22.17   15.77
 -76485.569   127.986     8.21   17.40
 -76112.553   134.792    18.25   22.75
 -75739.582   136.050     3.37   26.08
 -75366.656   134.590    -3.91   24.60
 -74993.775   135.939     3.62   16.22
 -74620.939   147.136    30.03   22.60
 -74248.148   162.875    42.22   27.54
 -73875.402   178.542    42.03   26.09
 -73502.701   193.704    40.68   23.27
 -73130.044   209.858    43.35   21.25
 -72757.432   216.810    18.66   19.08
 -72384.865   210.746   -16.28   25.03
 -72012.343   200.727   -26.90   30.31
 -71639.866   182.552   -48.80   30.95
 -71267.433   169.148   -35.99   28.97
 -70895.045   158.952   -27.38   27.82
 -70522.702   153.574   -14.45   23.20
 -70150.404   153.455    -0.32   25.37
 -69778.150   154.024     1.53   26.99
 -69405.941   148.485   -14.88   29.85
 -69033.776   135.129   -35.89   25.08
 -68661.657   126.653   -22.78   19.50
 -68289.581   131.875    14.03   23.53
 -67917.551   150.584    50.29   31.39
 -67545.565   176.563    69.84   36.40
 -67173.623   199.202    60.87   29.52
 -66801.726   215.002    42.49   16.10
 -66429.874   219.026    10.82    5.63
 -66058.066   211.291   -20.80   12.34
 -65686.303   200.700   -28.49   14.94
 -65314.584   189.792   -29.35   15.41
 -64942.909   178.415   -30.61   11.19
 -64571.279   170.922   -20.16    9.62
 -64199.693   164.144   -18.24    9.48
 -63828.152   159.605   -12.22   10.09
 -63456.655   153.153   -17.37   12.71
 -63085.203   147.246   -15.90   14.65
 -62713.795   139.701   -20.32   15.48
 -62342.431   134.054   -15.20   14.73
 -61971.111   130.876    -8.56   15.70
 -61599.836   128.100    -7.48   17.31
 -61228.605   125.748    -6.34   18.05
 -60857.419   120.557   -13.99   17.91
 -60486.276   116.004   -12.27   17.82
 -60115.178   113.824    -5.88   17.97
 -59744.124   117.532     9.99   19.93
 -59373.115   129.788    33.04   14.00
 -59002.149   137.681    21.28   13.12
 -58631.228   143.165    14.79   11.74
 -58260.351   147.002    10.35    8.69
 -57889.517   147.617     1.66    7.69
 -57518.728   143.605   -10.82    8.47
 -57147.984   136.939   -17.98    8.89
 -56777.283   129.665   -19.62    9.68
 -56406.626   120.780   -23.97   11.54
 -56036.013   112.955   -21.11   11.69
 -55665.445   104.891   -21.76   10.09
 -55294.920    98.546   -17.12    8.56
 -54924.439    93.294   -14.18    6.86
 -54554.003    89.459   -10.35    4.96
 -54183.610    87.784    -4.52    3.95
 -53813.261    87.324    -1.24    4.30
 -53442.956    90.746     9.24    8.47
 -53072.695    95.687    13.35   12.25
 -52702.478   102.469    18.32   15.33
 -52332.305   109.375    18.66   14.49
 -51962.175   113.828    12.03   12.23
 -51592.090   113.907     0.21   10.87
 -51222.048   109.875   -10.90   11.66
 -50852.050   103.600   -16.96   11.08
 -50482.096    97.828   -15.61    9.33
 -50112.186    92.084   -15.53    6.10
 -49742.319    90.774    -3.54    4.48
 -49372.496    92.415     4.44    5.24
 -49002.717    96.825    11.93    7.94
 -48632.982   106.669    26.63   12.43
 -48263.290   114.890    22.24   12.04
 -47893.642   121.485    17.84    9.56
 -47522.447   126.097    12.42    7.93
 -47143.911   123.268    -7.47   16.36
 -46765.421   116.790   -17.11   25.89
 -46386.977   109.841   -18.36   33.04
 -46008.579   103.891   -15.73   34.98
 -45630.226   101.743    -5.68   35.72
 -45251.920    99.558    -5.78   38.43
 -44873.659    96.520    -8.03   44.02
 -44495.445    92.633   -10.28   46.42
 -44117.276    86.707   -15.67   47.91
 -43739.153    85.081    -4.30   47.91
 -43361.075    78.351   -17.80   50.04
 -42983.044    76.177    -5.75   52.04
 -42605.058    74.224    -5.17   52.14
 -42227.118    70.839    -8.96   51.09
 -41849.224    67.415    -9.06   50.79
 -41471.376    69.217     4.77   52.22
 -41093.573    73.955    12.54   56.28
 -40715.816    83.992    26.57   60.09
 -40338.104    88.448    11.80   61.76
 -39960.438    89.383     2.48   63.82
 -39582.818    92.776     8.98   65.47
 -39205.244    85.367   -19.62   64.34
 -38827.715    73.202   -32.22   61.47
 -38450.231    56.729   -43.64   57.61
 -38072.793    38.670   -47.85   48.72
 -37695.401    22.510   -42.82   35.81
 -37318.054     7.589   -39.54   16.95
 -36940.753     1.637   -15.78    5.55
 -36563.497    -0.014    -4.38    0.63
 -36186.287    -0.093    -0.21    0.00
 -35809.122    -0.093     0.00    0.00
 -35432.002    -0.093     0.00    0.00
 -35054.928    -0.093     0.00    0.00
 -34677.899    -0.093     0.00    0.00
 -34300.916    -0.093     0.00    0.00
 -33923.978    -0.093     0.00    0.00
 -33547.086    -0.093     0.00    0.00
 -33170.238    -0.093     0.00    0.00
 -32793.436    -0.093     0.00    0.00
 -32416.680    -0.093     0.00    0.00
 -32039.968    -0.093     0.00    0.00
 -31663.302    -0.093     0.00    0.00
 -31286.681    -0.093     0.00    0.00
 -30910.105    -0.093     0.00    0.00
 -30533.575    -0.093     0.00    0.00
 -30157.089    -0.093     0.00    0.00
 -29780.649    -0.093     0.00    0.00
 -29404.254    -0.093     0.00    0.00
 -29027.904    -0.093     0.00    0.00
 -28651.599    -0.093     0.00    0.00
 -28275.340    -0.093     0.00    0.00
 -27899.125    -0.093     0.00    0.00
 -27522.955    -0.093     0.00    0.00
 -27146.831    -0.093     0.00    0.00
 -26770.751    -0.093     0.00    0.00
 -26394.717    -0.093     0.00    0.00
 -26018.727    -0.093     0.00    0.00
 -25642.783    -0.093     0.00    0.00
 -25266.883    -0.093     0.00    0.00
 -24891.028    -0.093     0.00    0.00
 -24515.218    -0.093     0.00    0.00
 -24139.454    -0.093     0.00    0.00
 -23763.734    -0.093     0.00    0.00
 -23388.058    -0.093     0.00    0.00
 -23012.428    -0.093     0.00    0.00
 -22636.843    -0.093     0.00    0.00
 -22261.302    -0.093     0.00    0.00
 -21885.806    -0.093     0.00    0.00
 -21510.355     0.036     0.34    0.74
 -21134.949     0.710     1.80    2.54
 -20759.587     2.858     5.72    6.85
 -20384.270     6.004     8.38    9.92
 -20008.998    11.383    14.33   15.11
 -19633.771    21.251    26.30   23.48
 -19258.588    36.026    39.38   33.18
 -18883.450    52.649    44.31   36.57
 -18508.356    64.556    31.75   35.48
 -18133.307    65.985     3.81   30.24
 -17758.303    62.269    -9.91   24.43
 -17383.343    52.653   -25.65   20.78
 -17008.428    46.235   -17.12   18.52
 -16633.557    43.546    -7.17   17.73
 -16258.731    36.218   -19.55   15.96
 -15883.950    29.251   -18.59   16.70
 -15509.213    20.665   -22.91   16.63
 -15134.520    13.133   -20.10   13.21
 -14759.872     7.584   -14.81   10.18
 -14385.268     4.803    -7.42    8.13
 -14010.709     4.036    -2.05    7.50
 -13636.194     3.762    -0.73    6.82
 -13261.724     4.240     1.28    6.40
 -12887.298     6.251     5.37    7.72
 -12512.916     8.399     5.74    9.14
 -12138.579     9.169     2.06    9.11
 -11764.286    10.807     4.38   10.21
 -11390.037    12.558     4.68   12.82
 -11015.833    14.975     6.46   15.56
 -10641.672    16.438     3.91   16.25
 -10267.557    17.148     1.90   15.56
  -9893.485    17.068    -0.21   14.08
  -9519.457    16.840    -0.61   13.63
  -9145.474    15.464    -3.68   12.00
  -8771.535    12.988    -6.62   10.84
  -8397.640    11.710    -3.42   10.54
  -8023.790     8.740    -7.94   10.17
  -7649.983     5.924    -7.54    8.68
  -7276.221     2.713    -8.59    5.43
  -6902.502     0.653    -5.51    2.41
  -6528.828    -0.078    -1.95    0.12
  -6155.198    -0.093    -0.04    0.00
  -5781.612    -0.093     0.00    0.00
  -5408.070    -0.093     0.00    0.00
  -5034.571    -0.093     0.00    0.00
  -4661.117    -0.093     0.00    0.00
  -4287.707    -0.093     0.00    0.00
  -3914.341    -0.093     0.00    0.00
  -3541.019    -0.093     0.00    0.00
  -3167.741    -0.093     0.00    0.00
  -2794.506    -0.093     0.00    0.00
  -2421.316    -0.093     0.00    0.00
  -2048.169    -0.093     0.00    0.00
  -1675.067    -0.093     0.00    0.00
  -1302.008    -0.093     0.00    0.00
   -928.993    -0.093     0.00    0.00
   -556.022    -0.093     0.00    0.00
   -183.094    -0.093     0.00    0.00
    189.789    -0.093     0.00    0.00
    562.629    -0.093     0.00    0.00
    935.425    -0.093     0.00    0.00
   1308.178    -0.093     0.00    0.00
   1680.886    -0.093     0.00    0.00
   2053.551    -0.093     0.00    0.00
   2426.173    -0.093     0.00    0.00
   2798.750    -0.093     0.00    0.00
   3171.284    -0.093     0.00    0.00
   3543.775    -0.093     0.00    0.00
   3916.221    -0.093     0.00    0.00
   4288.624    -0.093     0.00    0.00
   4660.984    -0.093     0.00    0.00
   5033.300    -0.093     0.00    0.00
   5405.572    -0.093     0.00    0.00
   5777.801    -0.093     0.00    0.00
   6149.987    -0.093     0.00    0.00
   6522.129    -0.093     0.00    0.00
   6894.227    -0.093     0.00    0.00
   7266.282    -0.093     0.00    0.00
   7638.294     0.028     0.32    0.59
   8010.262     0.240     0.57    0.90
   8382.186     0.670     1.15    1.36
   8754.068     1.288     1.66    1.79
   9125.905     1.924     1.71    1.85
   9497.700     2.694     2.07    1.84
   9869.451     3.145     1.21    1.54
  10241.159     3.268     0.33    1.34
  10612.824     3.694     1.15    1.83
  10984.445     3.940     0.66    1.92
  11356.023     4.439     1.34    1.84
  11727.557     4.717     0.75    1.71
  12099.049     4.859     0.38    1.47
  12470.497     5.131     0.73    1.24
  12841.902     5.038    -0.25    1.31
  13213.264     4.579    -1.24    1.43
  13584.583     4.140    -1.18    1.35
  13955.858     3.890    -0.67    1.16
  14327.090     3.383    -1.37    1.19
  14698.280     3.240    -0.38    1.22
  15069.426     3.207    -0.09    1.31
  15440.529     2.939    -0.72    1.29
  15811.588     2.907    -0.09    1.38
  16182.605     2.778    -0.35    1.52
  16553.579     2.989     0.57    1.73
  16924.510     3.310     0.87    1.78
  17295.397     3.466     0.42    1.47
  17666.242     3.685     0.59    1.36
  18037.044     4.079     1.06    1.55
  18407.803     4.407     0.88    1.78
  18778.519     4.734     0.88    1.81
  19149.191     4.716    -0.05    1.92
  19519.821     4.822     0.29    2.16
  19890.408     4.970     0.40    2.56
  20260.953     5.431     1.24    3.35
  20631.454     7.415     5.35    6.93
  21001.912     8.448     2.79    6.79
  21372.328     8.448     0.00    5.77
  21742.701     7.971    -1.29    4.31
  22113.031     8.005     0.09    2.29
  22483.318     8.907     2.43    2.23
  22853.562     9.822     2.47    2.63
  23223.764    10.858     2.80    2.98
  23593.923    12.200     3.62    2.35
  23964.039    13.366     3.15    1.85
  24334.113    14.731     3.69    2.40
  24704.143    16.988     6.10    3.05
  25074.132    18.407     3.84    2.22
  25444.077    18.552     0.39    1.86
  25813.980    17.740    -2.19    2.44
  26183.840    16.087    -4.47    2.19
  26553.658    14.490    -4.32    1.83
  26923.433    13.186    -3.53    1.70
  27293.753    12.084    -2.97    1.72
  27672.195    11.140    -2.49    1.83
  28050.593     9.891    -3.30    1.93
  28428.945     8.960    -2.46    1.60
  28807.254     8.326    -1.67    1.40
  29185.517     8.590     0.70    1.63
  29563.736     9.304     1.89    1.73
  29941.910    10.431     2.98    2.08
  30320.039    11.743     3.47    2.09
  30698.124    12.677     2.47    1.74
  31076.164    12.263    -1.10    2.25
  31454.159    10.169    -5.54    3.44
  31832.110     7.631    -6.72    3.42
  32210.016     5.488    -5.67    3.07
  32587.878     3.300    -5.79    2.00
  32965.695     2.375    -2.45    1.48
  33343.468     2.207    -0.44    1.51
  33721.196     2.500     0.78    1.55
  34098.879     3.071     1.51    1.70
  34476.518     3.666     1.57    1.63
  34854.113     3.552    -0.30    1.59
  35231.663     3.432    -0.32    1.77
  35609.169     2.732    -1.85    1.70
  35986.630     1.940    -2.10    1.54
  36364.047     1.840    -0.26    1.26
  36741.420     1.891     0.13    1.57
  37118.748     2.062     0.45    1.61
  37496.032     1.860    -0.54    1.55
  37873.272     1.263    -1.58    1.31
  38250.467     1.050    -0.56    1.24
  38627.618     0.924    -0.33    1.11
  39004.724     0.707    -0.57    1.15
  39381.787     0.617    -0.24    1.31
  39758.805     0.324    -0.78    1.24
  40135.779    -0.077    -1.06    1.06
  40512.709    -0.041     0.09    1.03
  40889.594    -0.206    -0.44    1.09
  41266.436    -0.313    -0.29    1.05
  41643.233    -0.610    -0.79    1.11
  42019.986    -0.896    -0.76    1.11
  42396.695    -0.913    -0.04    1.10
  42773.360    -1.077    -0.44    0.97
  43149.981    -1.650    -1.52    1.66
  43526.557    -2.400    -1.99    2.68
  43903.090    -3.058    -1.75    3.03
  44279.578    -3.593    -1.42    3.16
  44656.023    -3.976    -1.02    3.68
  45032.424    -4.335    -0.95    3.69
  45408.780    -4.716    -1.01    3.61
  45785.093    -5.193    -1.27    3.17
  46161.362    -4.732     1.22    3.27
  46537.586    -3.805     2.47    3.61
  46913.767    -2.206     4.25    3.59
  47289.904    -0.127     5.53    1.66
  47665.997     0.584     1.89    1.17
  48042.046     1.218     1.69    1.12
  48418.052     1.546     0.87    1.05
  48794.013     1.907     0.96    1.01
  49169.931     2.007     0.27    0.97
  49545.805     2.213     0.55    0.93
  49921.635     2.127    -0.23    0.91
  50297.421     2.153     0.07    0.87
  50673.164     2.193     0.11    0.95
  51048.862     2.020    -0.46    1.13
  51424.517     2.022     0.00    1.18
  51800.129     1.907    -0.31    1.18
  52175.697     1.809    -0.26    0.93
  52551.221     1.757    -0.14    0.80
  52926.701     1.790     0.09    0.87
  53302.138     1.890     0.26    1.07
  53677.531     2.399     1.36    1.31
  54052.881     2.959     1.49    1.38
  54428.187     3.350     1.04    1.35
  54803.449     4.251     2.40    1.60
  55178.668     4.939     1.83    1.75
  55553.843     5.674     1.96    1.81
  55928.975     6.040     0.98    1.74
  56304.063     6.510     1.25    1.66
  56679.108     7.212     1.87    1.57
  57054.109     7.907     1.85    1.26
  57429.067     8.441     1.43    1.22
  57803.982     8.710     0.72    1.29
  58178.853     8.724     0.04    1.30
  58553.681     8.290    -1.16    1.49
  58928.465     7.792    -1.33    1.54
  59303.206     7.858     0.18    1.46
  59677.903     8.024     0.44    1.40
  60052.558     8.568     1.45    1.97
  60427.168     8.694     0.34    2.08
  60801.736     8.648    -0.12    2.35
  61176.260     8.568    -0.21    2.24
  61550.741     8.217    -0.94    1.96
  61925.179     8.068    -0.40    2.04
  62299.574     8.127     0.16    1.97
  62673.925     8.307     0.48    2.09
  63048.233     8.054    -0.67    2.61
  63422.498     7.574    -1.28    2.78
  63796.720     7.440    -0.36    2.53
  64170.899     7.297    -0.38    2.11
  64545.034     7.530     0.62    1.60
  64919.126     8.028     1.33    1.36
  65293.176     9.084     2.82    1.64
  65667.182    10.415     3.56    2.64
  66041.145    11.875     3.90    2.76
  66415.065    13.407     4.10    2.35
  66788.942    14.824     3.79    1.91
  67162.776    16.117     3.46    1.95
  67536.567    17.407     3.45    2.60
  67910.315    18.940     4.10    2.73
  68284.020    20.666     4.62    2.51
  68657.682    22.481     4.86    2.06
  69031.301    24.079     4.28    2.16
  69404.877    26.240     5.78    3.22
  69778.411    29.737     9.36    4.51
  70151.901    34.633    13.11    7.50
  70525.349    43.792    24.53   11.32
  70898.753    52.136    22.34   11.72
  71272.115    62.133    26.77    9.54
  71645.434    69.640    20.11    7.76
  72018.710    76.124    17.37    7.50
  72391.944    81.821    15.26    5.68
  72765.134    85.809    10.69    3.40
  73138.282    87.786     5.30    1.74
  73511.387    88.107     0.86    1.70
  73884.449    87.644    -1.24    2.70
  74257.469    86.971    -1.80    3.15
  74630.446    86.157    -2.18    3.73
  75003.380    85.497    -1.77    4.51
  75376.272    84.776    -1.93    4.73
  75749.121    83.424    -3.63    5.17
  76121.927    81.178    -6.02    6.82
  76494.691    78.890    -6.14    9.02
  76867.412    77.568    -3.55    8.15
  77240.090    78.459     2.39    6.89
  77612.726    80.197     4.67    5.36
  77985.320    82.749     6.85    4.78
  78357.871    85.677     7.86    3.43
  78730.379    87.297     4.35    2.61
  79102.845    87.052    -0.66    2.71
  79475.268    85.776    -3.43    3.51
  79847.649    84.628    -3.08    3.38
  80219.987    82.490    -5.74    3.41
  80592.283    80.940    -4.16    3.46
  80964.537    78.713    -5.98    3.36
  81336.748    76.856    -4.99    2.46
  81708.917    76.052    -2.16    1.93
  82081.043    76.068     0.04    1.76
  82453.127    76.153     0.23    1.79
  82825.169    75.807    -0.93    2.02
  83197.168    74.729    -2.90    2.16
  83569.125    73.574    -3.11    2.06
  83941.040    72.687    -2.38    2.02
  84312.912    71.776    -2.45    1.53
  84684.742    71.661    -0.31    1.68
  85056.530    71.690     0.08    1.98
  85428.276    71.690     0.00    2.00
  85799.980    71.633    -0.15    1.80
  86171.641    71.459    -0.47    1.76
  86543.260    70.612    -2.28    1.88
  86914.837    69.648    -2.59    1.74
  87286.372    68.743    -2.44    1.81
  87657.864    67.683    -2.85    1.71
  88029.315    66.774    -2.45    1.88
  88400.723    66.224    -1.48    1.63
  88772.089    65.732    -1.32    1.40
  89143.414    65.284    -1.21    1.32
  89514.696    65.120    -0.44    1.16
  89885.936    64.584    -1.44    1.33
  90257.134    64.024    -1.51    1.52
  90628.290    63.774    -0.67    1.46
  90999.404    63.483    -0.78    1.29
  91370.476    63.333    -0.40    1.41
  91741.506    63.562     0.62    1.28
  92112.494    63.579     0.05    1.43
  92483.441    63.710     0.35    1.63
  92854.345    64.504     2.14    2.07
  93225.207    65.009     1.36    1.94
  93596.028    65.174     0.44    2.04
  93966.807    65.612     1.18    2.39
  94337.543    66.757     3.09    3.22
  94708.238    68.246     4.02    3.88
  95078.891    69.674     3.85    3.57
  95449.503    70.407     1.98    2.96
  95820.072    70.331    -0.21    2.41
  96190.600    69.087    -3.36    2.73
  96561.086    67.205    -5.08    2.71
  96931.530    66.120    -2.93    2.34
  97301.933    66.114    -0.02    2.59
  97672.294    66.153     0.11    2.60
  98042.613    65.853    -0.81    2.56
  98412.890    64.940    -2.47    2.50
  98783.126    63.703    -3.34    2.39
  99153.320    62.558    -3.09    1.89
  99523.472    61.774    -2.12    1.35
  99893.583    61.432    -0.92    1.19
 100263.652    60.992    -1.19    1.41
 100633.680    60.530    -1.25    1.29
 101003.666    60.619     0.24    1.30
 101373.611    60.490    -0.35    1.25
 101743.514    60.462    -0.08    1.09
 102113.375    60.059    -1.09    1.54
 102491.438    59.471    -1.56    1.58
 102869.742    59.047    -1.12    1.72
 103248.003    58.633    -1.10    1.60
 103626.220    58.551    -0.22    1.32
 104004.393    58.807     0.68    1.13
 104382.523    59.342     1.42    1.21
 104760.609    59.724     1.01    1.30
 105138.652    60.207     1.28    1.29
 105516.651    60.521     0.83    1.21
 105894.607    60.677     0.41    1.22
 106272.520    60.483    -0.51    1.32
 106650.389    60.157    -0.86    1.40
 107028.214    59.940    -0.57    1.09
 107405.996    59.790    -0.40    1.01
 107783.735    59.690    -0.26    1.08
 108161.430    59.855     0.44    1.23
 108539.082    60.317     1.22    1.38
 108916.691    61.280     2.55    2.08
 109294.256    62.398     2.96    2.42
 109671.778    63.497     2.91    2.69
 110049.257    63.975     1.27    2.83
 110426.692    64.805     2.20    3.35
 110804.084    65.687     2.34    3.81
 111181.433    66.464     2.06    4.07
 111558.739    67.407     2.50    4.33
 111936.001    68.724     3.49    4.54
 112313.220    70.449     4.57    4.60
 112690.396    72.382     5.12    5.01
 113067.529    74.958     6.83    5.06
 113444.619    76.207     3.31    4.38
 113821.666    76.697     1.30    3.57
 114198.669    75.993    -1.87    3.24
 114575.629    74.218    -4.71    3.46
 114952.547    72.328    -5.01    3.17
 115329.421    70.874    -3.86    2.65
 115706.252    69.752    -2.98    1.83
 116083.040    70.178     1.13    2.43
 116459.785    71.431     3.32    3.44
 116836.487    72.771     3.56    3.42
 117213.147    74.924     5.71    3.40
 117589.763    76.585     4.41    2.94
 117966.336    77.762     3.12    2.50
 118342.866    79.148     3.68    1.86
 118719.353    79.574     1.13    1.64
 119095.798    79.284    -0.77    2.03
 119472.199    78.140    -3.04    2.91
 119848.558    76.079    -5.48    3.47
 120224.874    74.014    -5.49    2.75
 120601.147    73.497    -1.37    2.80
 120977.377    73.568     0.19    3.07
 121353.564    73.891     0.86    2.85
 121729.709    73.297    -1.58    2.94
 122105.811    72.026    -3.38    2.85
 122481.870    70.107    -5.10    2.86
 122857.886    68.448    -4.41    3.20
 123233.859    66.399    -5.45    3.10
 123609.790    65.228    -3.11    3.21
 123985.678    64.628    -1.60    3.61
 124361.524    63.579    -2.79    4.39
 124737.326    61.941    -4.36    4.78
 125113.086    59.374    -6.83    4.91
 125488.804    56.382    -7.96    4.70
 125864.479    53.449    -7.81    4.45
 126240.111    51.390    -5.48    3.91
 126615.701    49.471    -5.11    3.17
 126991.248    47.943    -4.07    2.57
 127366.752    46.825    -2.98    2.64
 127742.214    45.597    -3.27    2.34
 128117.634    44.320    -3.40    2.07
 128493.011    43.557    -2.03    1.86
 128868.346    42.703    -2.27    1.87
 129243.638    42.036    -1.78    2.35
 129618.887    42.348     0.83    2.51
 129994.094    43.534     3.16    3.41
 130369.259    45.293     4.69    3.34
 130744.381    46.956     4.43    2.75
 131119.461    48.200     3.32    2.72
 131494.499    50.028     4.87    3.54
 131869.494    52.551     6.73    3.57
 132244.447    54.350     4.80    3.56
 132619.357    57.093     7.32    3.63
 132994.225    60.057     7.90    4.19
 133369.051    63.391     8.89    4.66
 133743.835    65.737     6.26    3.55
 134118.576    66.399     1.76    2.64
 134493.275    65.016    -3.69    3.49
 134867.932    62.235    -7.42    4.43
 135242.547    60.079    -5.75    4.13
 135617.119    57.524    -6.82    5.07
 135991.650    53.448   -10.88    5.90
 136366.138    51.124    -6.21    5.36
 136740.584    49.009    -5.65    3.34
 137114.987    49.121     0.30    2.82
 137489.349    50.727     4.29    3.26
 137863.669    52.371     4.39    2.90
 138237.946    53.759     3.71    2.96
 138612.182    55.449     4.52    3.35
 138986.375    57.195     4.66    3.59
 139360.526    59.590     6.40    3.38
 139734.635    61.431     4.92    3.07
 140108.703    63.280     4.94    3.11
 140482.728    65.217     5.18    3.08
 140856.711    67.342     5.68    3.39
 141230.652    69.355     5.38    2.93
 141604.552    70.207     2.28    1.99
 141978.409    69.889    -0.85    1.99
 142352.225    68.661    -3.29    2.48
 142725.998    67.127    -4.10    2.19
 143099.730    66.229    -2.40    2.11
 143473.420    65.563    -1.78    2.27
 143847.068    65.551    -0.03    2.13
 144220.674    65.321    -0.62    2.09
 144594.238    65.059    -0.70    1.85
 144967.761    65.439     1.02    1.41
 145341.241    65.493     0.14    1.44
 145714.680    65.307    -0.50    1.48
 146088.077    64.543    -2.04    2.33
 146461.433    62.874    -4.47    2.93
 146834.746    61.045    -4.90    2.95
 147208.018    58.923    -5.68    3.38
 147581.249    56.466    -6.58    3.63
 147954.437    53.805    -7.13    4.36
 148327.584    49.540   -11.43    5.70
 148700.689    46.398    -8.42    5.32
 149073.753    43.540    -7.66    3.67
 149446.775    42.683    -2.30    3.22
 149819.755    43.776     2.93    3.92
 150192.694    46.528     7.38    4.58
 150565.591    49.734     8.60    4.56
 150938.447    52.551     7.55    3.89
 151311.261    55.004     6.58    2.97
 151684.033    56.280     3.42    2.25
 152056.764    56.190    -0.24    2.05
 152429.454    55.018    -3.14    2.76
 152802.102    53.178    -4.94    2.99
 153174.709    50.144    -8.14    3.81
 153547.274    47.978    -5.81    3.13
 153919.797    47.841    -0.37    2.99
 154292.280    48.907     2.86    3.57
 154664.720    51.612     7.26    2.75
 155037.120    52.873     3.39    1.61
 155409.478    53.028     0.42    1.61
 155781.795    52.127    -2.42    2.17
 156154.070    51.071    -2.84    2.20
 156526.304    50.449    -1.67    2.75
 156898.497    50.835     1.04    3.11
 157270.648    51.218     1.03    2.95
 157642.758    51.065    -0.41    2.56
 158014.827    50.890    -0.47    2.11
 158386.855    50.924     0.09    2.01
 158758.841    52.464     4.14    2.95
 159130.786    54.890     6.52    3.16
 159502.690    56.666     4.77    2.61
 159874.553    57.466     2.15    1.82
 160246.374    56.907    -1.50    2.18
 160618.155    55.097    -4.87    2.36
 160989.894    53.297    -4.84    2.20
 161361.592    51.589    -4.59    2.18
 161733.249    50.148    -3.88    2.05
 162104.865    48.874    -3.43    2.14
 162476.440    47.798    -2.89    1.83
 162847.973    46.757    -2.80    1.88
 163219.466    45.550    -3.25    2.05
 163590.918    43.759    -4.82    2.72
 163962.328    41.303    -6.61    3.21
 164333.698    38.941    -6.36    3.20
 164705.026    37.290    -4.45    2.68
 165076.314    35.600    -4.55    2.61
 165447.560    33.703    -5.11    2.30
 165818.766    32.161    -4.15    2.26
 166189.931    30.462    -4.58    2.45
 166561.055    29.090    -3.70    2.01
 166932.137    28.483    -1.64    1.76
 167303.179    28.338    -0.39    1.94
 167674.181    28.333    -0.01    2.18
 168045.141    27.960    -1.00    2.17
 168416.060    27.174    -2.12    2.07
 168786.939    26.707    -1.26    1.98
 169157.776    26.348    -0.97    1.62
 169528.573    26.079    -0.72    1.46
 169899.330    26.256     0.48    1.68
 170270.045    26.619     0.98    1.63
 170640.720    27.028     1.10    1.44
 171011.353    27.157     0.35    1.70
 171381.947    27.076    -0.22    2.03
 171752.499    27.110     0.09    2.03
 172123.011    27.381     0.73    1.92
 172493.482    27.677     0.80    1.64
 172863.912    28.609     2.51    1.93
 173234.302    29.874     3.41    2.16
 173604.651    31.370     4.04    2.20
 173974.959    33.005     4.42    2.47
 174345.227    34.441     3.88    2.12
 174715.455    35.923     4.00    2.12
 175085.641    38.127     5.95    2.96
 175455.787    40.042     5.17    3.41
 175825.893    42.407     6.39    3.38
 176195.958    44.694     6.18    2.90
 176565.983    46.700     5.42    2.02
 176935.967    47.754     2.85    1.73
 177313.161    48.197     1.17    1.76
 177691.374    48.269     0.19    1.99
 178069.545    48.493     0.59    1.98
 178447.674    48.390    -0.27    2.10
 178825.760    48.826     1.15    1.70
 179203.803    49.365     1.42    1.34
 179581.805    49.703     0.90    1.14
 179959.764    49.986     0.75    0.83
 180337.680    49.992     0.01    0.82
 180715.554    50.040     0.13    0.96
 181093.386    50.325     0.75    1.37
 181471.176    50.563     0.63    1.54
 181848.923    50.854     0.77    1.87
 182226.628    51.093     0.63    1.93
 182604.290    51.022    -0.19    1.84
 182981.911    50.942    -0.21    1.55
 183359.489    50.324    -1.64    1.48
 183737.025    49.462    -2.28    1.90
 184114.518    48.390    -2.84    2.39
 184491.970    47.028    -3.61    2.56
 184869.379    46.020    -2.67    2.79
 185246.746    45.805    -0.57    2.44
 185624.071    46.047     0.64    2.08
 186001.354    46.762     1.89    1.93
 186378.595    47.657     2.37    1.65
 186755.793    47.941     0.75    1.67
 187132.950    48.059     0.31    2.01
 187510.065    48.034    -0.07    1.97
 187887.137    47.551    -1.28    2.02
 188264.167    46.975    -1.53    2.48
 188641.156    46.955    -0.05    2.31
 189018.102    47.229     0.73    2.00
 189395.006    47.174    -0.15    1.81
 189771.869    46.052    -2.97    2.79
 190148.689    43.595    -6.52    4.06
 190525.468    42.157    -3.82    3.52
 190902.204    42.457     0.80    3.07
 191278.899    42.794     0.89    3.11
 191655.552    41.734    -2.81    3.89
 192032.163    40.007    -4.59    4.10
 192408.732    38.462    -4.10    3.11
 192785.259    39.690     3.26    3.49
 193161.744    42.047     6.26    4.01
 193538.187    44.568     6.70    3.53
 193914.589    46.856     6.08    1.83
 194290.949    47.786     2.47    1.29
 194667.267    48.507     1.91    1.18
 195043.544    49.166     1.75    1.28
 195419.778    49.585     1.11    1.44
 195795.971    49.802     0.58    1.44
 196172.122    49.546    -0.68    1.52
 196548.232    49.321    -0.60    1.36
 196924.299    49.131    -0.50    1.43
 197300.326    49.202     0.19    1.74
 197676.310    49.856     1.74    2.12
 198052.253    50.363     1.35    2.21
 198428.154    50.907     1.45    2.46
 198804.014    51.694     2.09    2.32
 199179.832    52.264     1.52    2.04
 199555.608    52.972     1.88    1.54
 199931.343    53.670     1.86    1.09
 200307.037    53.941     0.72    0.91
 200682.688    53.959     0.05    0.94
 201058.299    53.854    -0.28    1.03
 201433.867    53.507    -0.92    1.14
 201809.395    53.443    -0.17    1.32
 202184.881    53.415    -0.07    1.34
 202560.325    53.286    -0.34    1.37
 202935.728    53.252    -0.09    1.40
 203311.090    53.263     0.03    1.44
 203686.410    53.551     0.77    1.42
 204061.689    54.045     1.32    1.29
 204436.926    54.040    -0.01    1.75
 204812.122    53.333    -1.88    2.31
 205187.277    52.188    -3.05    2.23
 205562.390    50.940    -3.32    1.67
 205937.462    49.907    -2.75    1.33
 206312.493    49.441    -1.24    1.10
 206687.482    49.065    -1.00    1.00
 207062.431    49.340     0.73    1.29
 207437.337    49.788     1.19    1.59
 207812.203    49.746    -0.11    1.70
 208187.028    48.841    -2.41    2.45
 208561.811    47.343    -4.00    2.47
 208936.553    45.993    -3.60    2.05
 209311.254    44.941    -2.81    1.49
 209685.914    44.310    -1.68    1.43
 210060.532    44.042    -0.71    1.24
 210435.110    44.079     0.10    1.17
 210809.646    44.251     0.46    1.15
 211184.141    44.307     0.15    1.25
 211558.596    44.556     0.67    1.23
 211933.009    44.657     0.27    1.10
 212307.381    44.568    -0.24    1.09
 212681.712    44.460    -0.29    1.13
 213056.002    43.792    -1.79    1.36
 213430.251    42.568    -3.27    1.69
 213804.459    41.355    -3.24    1.83
 214178.626    40.040    -3.51    1.70
 214552.752    39.042    -2.67    1.38
 214926.837    38.148    -2.39    1.47
 215300.881    37.390    -2.03    1.85
 215674.884    36.153    -3.31    2.00
 216048.846    34.889    -3.38    1.71
 216422.768    33.855    -2.76    1.49
 216796.648    32.996    -2.30    1.42
 217170.488    32.382    -1.64    1.46
 217544.287    31.752    -1.69    1.66
 217918.045    31.059    -1.85    1.70
 218291.762    30.268    -2.12    1.54
 218665.438    29.626    -1.72    1.44
 219039.074    29.390    -0.63    1.49
 219412.669    28.925    -1.24    1.37
 219786.223    28.661    -0.71    1.23
 220159.736    28.538    -0.33    1.13
 220533.209    28.022    -1.38    1.03
 220906.641    27.619    -1.08    1.05
 221280.032    26.977    -1.72    1.08
 221653.382    26.398    -1.55    1.07
 222026.692    25.890    -1.36    1.14
 222399.961    25.200    -1.85    1.14
 222773.190    24.631    -1.52    1.20
 223146.378    24.268    -0.97    1.21
 223519.525    23.907    -0.97    1.21
 223892.632    23.687    -0.59    1.37
 224265.698    23.634    -0.14    1.35
 224638.724    23.890     0.68    1.30
 225011.709    23.907     0.05    1.27
 225384.653    24.004     0.26    1.20
 225757.557    24.648     1.73    1.47
 226130.421    24.838     0.51    1.49
 226503.244    24.859     0.06    1.28
 226876.026    24.720    -0.37    1.43
 227248.768    23.838    -2.37    1.35
 227621.470    23.016    -2.20    1.01
 227994.131    22.602    -1.11    1.09
 228366.752    22.228    -1.00    1.18
 228739.332    21.825    -1.08    1.02
 229111.872    21.551    -0.74    0.92
 229484.372    21.079    -1.27    1.17
 229856.831    20.207    -2.34    1.37
 230229.250    19.670    -1.44    1.39
 230601.629    19.562    -0.29    1.38
 230973.967    19.959     1.06    1.56
 231346.265    20.530     1.53    1.55
 231718.523    21.398     2.33    0.95
 232090.740    21.464     0.18    0.98
 232462.917    21.555     0.24    1.12
 232835.054    21.840     0.77    1.09
 233207.151    22.223     1.03    1.28
 233579.207    22.590     0.99    1.27
 233951.224    23.229     1.72    1.11
 234323.200    23.372     0.39    1.06
 234695.136    23.534     0.43    1.02
 235067.031    23.500    -0.09    1.00
 235438.887    23.451    -0.13    0.93
 235810.703    23.597     0.39    0.99
 236182.478    23.792     0.53    1.02
 236554.213    23.728    -0.17    1.16
 236925.909    23.157    -1.54    1.78
 237297.564    22.561    -1.60    1.90
 237669.179    21.579    -2.64    1.64
 238040.754    20.802    -2.09    1.32
 238412.289    20.513    -0.78    1.14
 238783.784    20.500    -0.04    1.12
 239155.239    20.666     0.45    1.17
 239526.654    20.974     0.83    1.04
 239898.029    21.127     0.41    0.89
 240269.365    21.223     0.26    0.93
 240640.660    21.597     1.01    1.14
 241011.915    22.120     1.41    1.32
 241383.131    22.585     1.25    1.03
 241754.306    22.840     0.69    0.97
 242125.442    22.834    -0.02    1.05
 242496.538    22.614    -0.59    1.03
 242867.594    22.551    -0.17    0.96
 243238.610    22.497    -0.15    0.97
 243609.586    22.234    -0.71    1.07
 243980.522    22.252     0.05    1.13
 244351.419    22.262     0.03    1.36
 244722.276    22.131    -0.35    1.17
 245093.093    21.977    -0.42    0.90
 245463.871    21.603    -1.01    1.01
 245834.608    21.636     0.09    1.22
 246205.306    21.675     0.11    1.40
 246575.964    21.958     0.76    1.50
 246946.583    21.764    -0.52    2.02
 247317.162    20.451    -3.54    2.67
 247687.701    18.602    -4.99    2.94
 248058.201    16.661    -5.24    2.13
 248428.661    15.166    -4.04    1.68
 248799.081    14.303    -2.33    1.39
 249169.462    13.607    -1.88    1.15
 249539.803    13.127    -1.29    1.08
 249910.104    12.717    -1.11    1.03
 250280.366    12.361    -0.96    0.79
 250650.589    12.042    -0.86    0.75
 251020.772    11.871    -0.46    0.79
 251390.915    11.563    -0.83    0.91
 251761.019    11.318    -0.66    0.95
 252137.455    10.591    -1.93    1.80
 252515.580    10.195    -1.05    1.74
 252893.663     9.907    -0.76    1.68
 253271.706     9.683    -0.59    1.49
 253649.707     9.769     0.23    0.98
 254027.667     9.640    -0.34    0.92
 254405.585     9.585    -0.14    0.92
 254783.462     9.724     0.37    1.05
 255161.298     9.720    -0.01    1.04
 255539.093     9.609    -0.30    0.84
 255916.846     9.579    -0.08    0.66
 256294.558     9.538    -0.11    0.67
 256672.229     9.653     0.30    0.78
 257049.859     9.634    -0.05    0.76
 257427.448     9.727     0.24    0.76
 257804.995     9.803     0.20    0.72
 258182.501     9.889     0.23    1.03
 258559.966     9.690    -0.53    1.29
 258937.390     9.568    -0.32    1.52
 259314.773     9.784     0.57    1.46
 259692.115     9.740    -0.12    1.02
 260069.416     9.754     0.04    0.98
 260446.676     9.769     0.04    1.02
 260823.894     9.677    -0.24    0.99
 261201.072     9.551    -0.34    0.98
 261578.208     9.510    -0.11    0.99
 261955.304     9.517     0.02    0.95
 262332.358     9.478    -0.10    0.97
 262709.372     9.441    -0.10    0.98
 263086.345     9.437    -0.01    1.08
