# NaN NaN NaN ;Mean Elev.(m), Avg Gradient(m/km), RMS Gradient(m/km) - SRTM1     
#  -24.836   0.361   2.585 ;Mean Elev.(m), Avg Gradient(m/km), RMS Gradient(m/km) - ASTER GDEM
#  -24.653  -0.027   1.035 ;Mean Elev.(m), Avg Gradient(m/km), RMS Gradient(m/km) - GMTED2010 
  6  47.799253  46.763458   -20.897   -20.897  2 52439.30936414 41.218
  7  47.803324  46.762853   -22.875   -22.875  2 52474.30936285 18.733
  8  47.806037  46.758843   -26.169   -26.169  2 52509.30932732 18.880
  9  47.815865  46.755010   -22.477   -22.477  2 52544.30932629 24.430
 10  47.805760  46.759335   -24.178   -24.178  2 52579.30936534 25.269
 11  47.800051  46.761964   -24.294   -24.294  2 52614.30933187 32.343
 12  47.811703  46.757320   -23.060   -23.060  2 52649.30931271 30.725
 13  47.809167  46.758911   -22.845   -22.845  2 52684.30929345 33.788
 14  47.806458  46.760251   -23.732   -23.732  2 52719.30934705 27.799
 16  47.812557  46.755696   -20.728   -20.728  2 52789.30931942 30.776
 17  47.812460  46.757184   -23.817   -23.817  2 52824.30938968 35.264
 18  47.813334  46.755809   -23.854   -23.854  2 52859.30943611 41.935
 19  47.803883  46.760805   -24.022   -24.022  2 52894.30946660 15.954
 20  47.798437  46.763166   -24.120   -24.142  3 52929.30941626 18.404
 21  47.815982  46.755983   -20.320   -20.320  2 52964.30940283 22.285
 22  47.801036  46.760865   -23.853   -23.853  2 52999.30943861 12.153
 23  47.799987  46.763067   -22.533   -22.513  3 53034.30938950 33.927
 24  47.808597  46.757794   -23.186   -23.186  2 53069.30940679 39.261
 25  47.797633  46.763697   -23.941   -23.897  3 53104.30939126 14.180
 26  47.811916  46.757829   -20.580   -20.580  2 53139.30941160 35.573
 28  47.804149  46.760249   -22.923   -22.923  2 53209.30946665 23.451
 29  47.806144  46.760169   -24.018   -24.018  2 53244.30943430 30.874
 30  47.811445  46.756463   -22.091   -22.091  2 53279.30941439 12.614
 31  47.807436  46.759554   -24.502   -24.502  2 53314.30943711 29.602
 32  47.807695  46.759039   -22.999   -22.999  2 53349.30940294 23.463
 33  47.811638  46.755342   -23.762   -23.762  2 53384.30937794 43.169
 34  47.812960  46.754081   -22.480   -22.480  2 53419.30938454 28.660
 35  47.815678  46.754054   -22.482   -22.482  2 53454.30939025 45.169
 37  47.809618  46.757318   -20.211   -20.211  2 53524.30946138 21.631
 38  47.799732  46.763233   -22.887   -22.887  2 53559.30948755 22.436
 39  47.808094  46.758238   -23.779   -23.779  2 53594.30942602 30.904
 42  47.805639  46.759401   -24.371   -24.371  2 53699.30940046 25.971
 43  47.804387  46.759337   -24.313   -24.313  2 53734.30932276 18.898
 44  47.813738  46.756150   -23.263   -23.263  2 53769.30930726 35.065
 46  47.810289  46.755318   -24.332   -24.332  2 53839.30932296 32.858
 47  47.809505  46.758053   -22.112   -22.112  2 53874.30936839 28.116
 49  47.798414  46.763294   -23.985   -23.937  3 53944.30943486 12.361
 50  47.801312  46.762713   -24.525   -24.525  2 53979.30938419 18.841
 51  47.814069  46.753373   -24.229   -24.229  2 54014.30939966 26.481
 52  47.813734  46.756485   -23.746   -23.746  2 54049.30940464 19.147
 54  47.799972  46.763202   -23.679   -23.679  2 54119.30932449 16.472
 55  47.806454  46.760465   -22.903   -22.903  2 54154.30935226 38.268
 56  47.801191  46.760661   -22.981   -22.981  2 54189.30932067 43.747
 57  47.807607  46.758203   -21.186   -21.186  2 54224.30936291 25.401
 60  47.806566  46.759230   -23.901   -23.901  2 54329.30938115 19.937
 61  47.801303  46.761796   -24.085   -24.085  2 54364.30932706 29.863
 63  47.804131  46.762059   -24.478   -24.478  2 54434.30927927 24.711
 64  47.812095  46.756433   -24.272   -24.272  2 54469.30930542 28.252
 65  47.803944  46.761166   -23.447   -23.447  2 54504.30929429 24.353
 67  47.802925  46.759849   -23.350   -23.350  2 54574.30929486 19.085
 70  47.805975  46.759665   -24.227   -24.227  2 54679.30932220 23.859
 71  47.803328  46.761916   -24.147   -24.147  2 54714.30927353 23.310
 74  47.809921  46.758535   -23.048   -23.048  2 54819.30928473 49.759
 76  47.805231  46.759556   -22.390   -22.390  2 54889.30928971 19.322
 77  47.799748  46.762905   -22.972   -22.814  3 54924.30925776 23.995
 78  47.808297  46.759169   -20.890   -20.890  2 54959.30928666 31.225
 79  47.804343  46.759762   -22.855   -22.855  2 54994.30930902 22.645
 80  47.805798  46.759562   -24.008   -24.008  2 55029.30929906 32.606
 82  47.799763  46.763477   -24.217   -24.242  3 55099.30923451 28.120
 83  47.808304  46.757993   -24.322   -24.322  2 55134.30923534 22.975
 84  47.804891  46.760473   -24.102   -24.102  2 55169.30919903 25.557
 85  47.808820  46.759333   -23.960   -23.960  2 55204.30922780 32.425
 86  47.803016  46.763030   -23.130   -23.130  2 55239.30920577 16.224
 88  47.802542  46.760768   -24.238   -24.238  2 55309.30918901 26.983
 89  47.808353  46.759510   -21.070   -21.070  2 55344.30918972 33.506
 91  47.809910  46.758342   -24.351   -24.351  2 55414.30920976 43.052
 92  47.805878  46.760404   -24.721   -24.721  2 55449.30919705 21.274
 93  47.800841  46.760705   -24.664   -24.664  2 55484.30912352 23.238
