-283190.331    -1.317     0.00    1.76
-282815.924    -1.283     0.09    1.77
-282441.482    -1.197     0.23    1.46
-282067.007    -1.183     0.04    1.50
-281692.497    -0.765     1.12    1.51
-281317.952    -0.783    -0.05    1.50
-280943.373    -1.456    -1.80    1.94
-280568.760    -1.316     0.37    2.01
-280194.112    -1.421    -0.28    1.87
-279819.430    -1.234     0.50    1.78
-279444.713    -0.845     1.04    1.42
-279069.962    -1.038    -0.51    1.66
-278695.176    -1.192    -0.41    1.58
-278320.356    -0.956     0.63    1.74
-277945.501    -0.549     1.09    1.57
-277570.611    -0.086     1.23    1.65
-277195.687     0.360     1.19    1.48
-276820.729     0.435     0.20    1.18
-276445.736     0.657     0.59    1.14
-276070.708     0.598    -0.16    1.03
-275695.646     0.374    -0.60    1.07
-275320.549     0.303    -0.19    1.08
-274945.418    -0.256    -1.49    1.08
-274570.252    -0.437    -0.48    1.24
-274195.051    -0.135     0.81    1.29
-273819.816     0.204     0.90    1.45
-273444.546     0.865     1.76    1.48
-273069.241     1.298     1.15    1.59
-272693.902     1.526     0.60    1.63
-272318.527     1.362    -0.44    1.42
-271943.119     1.053    -0.82    1.49
-271567.675     0.635    -1.11    1.55
-271192.197     0.217    -1.11    1.46
-270816.684    -0.278    -1.32    1.43
-270441.136    -0.512    -0.62    1.39
-270065.554    -0.626    -0.30    1.31
-269689.936    -0.563     0.17    1.34
-269314.284    -0.437     0.34    1.35
-268938.597    -0.220     0.58    1.28
-268562.876    -0.187     0.09    1.54
-268187.119    -0.456    -0.72    1.59
-267811.328    -0.845    -1.03    1.85
-267435.502    -0.796     0.13    1.54
-267059.641    -0.620     0.47    1.68
-266683.745    -0.513     0.28    1.60
-266307.814    -0.093     1.12    1.32
-265931.848     0.164     0.68    1.46
-265555.848     0.266     0.27    1.32
-265179.812    -0.123    -1.03    1.45
-264803.742    -0.367    -0.65    1.44
-264427.637    -0.532    -0.44    1.49
-264051.496    -0.715    -0.49    1.44
-263675.321    -0.660     0.15    1.55
-263299.111    -0.796    -0.36    1.71
-262922.866    -0.956    -0.43    1.61
-262546.585    -1.142    -0.49    1.59
-262170.270    -0.938     0.54    1.69
-261793.920    -0.623     0.84    1.60
-261417.535    -0.345     0.74    1.63
-261041.114    -0.063     0.75    1.40
-260664.659     0.112     0.47    1.19
-260288.168    -0.111    -0.59    1.19
-259911.643    -0.149    -0.10    1.25
-259535.082    -0.030     0.31    1.28
-259158.487     0.359     1.03    1.27
-258781.856     0.619     0.69    1.11
-258405.190     0.812     0.51    0.96
-258028.489     1.247     1.16    0.94
-257651.753     1.377     0.34    1.04
-257274.981     1.485     0.29    1.05
-256898.175     1.770     0.76    1.09
-256521.333     1.732    -0.10    1.06
-256144.456     1.635    -0.26    1.08
-255767.544     1.401    -0.62    1.02
-255390.597     1.280    -0.32    1.16
-255013.614     1.417     0.36    1.19
-254636.596     1.428     0.03    1.18
-254259.543     1.544     0.31    1.24
-253882.455     1.859     0.83    1.16
-253505.331     1.865     0.02    1.01
-253128.173     1.736    -0.34    0.97
-252750.978     1.846     0.29    1.01
-252373.749     1.794    -0.14    1.05
-251996.484     1.582    -0.56    1.22
-251619.184     1.508    -0.20    1.36
-251241.848     1.210    -0.79    1.21
-250864.478     1.173    -0.10    1.10
-250487.071     1.326     0.40    1.05
-250109.630     1.563     0.63    1.20
-249732.153     1.669     0.28    1.21
-249354.640     1.659    -0.03    1.25
-248977.093     1.062    -1.58    1.45
-248599.509     1.453     1.04    1.82
-248221.891     1.827     0.99    1.88
-247844.237     2.062     0.62    1.74
-247466.547     2.129     0.18    1.38
-247088.822     1.901    -0.60    1.26
-246711.062     2.198     0.79    1.93
-246333.266     2.785     1.55    2.22
-245960.792     3.192     1.09    2.05
-245589.903     2.914    -0.75    1.57
-245218.979     3.347     1.17    1.66
-244848.022     3.732     1.04    1.95
-244477.030     4.173     1.19    1.75
-244106.004     4.732     1.51    1.58
-243734.944     4.507    -0.61    1.54
-243363.849     4.082    -1.14    1.29
-242992.721     3.744    -0.91    1.31
-242621.558     3.897     0.41    1.41
-242250.361     4.383     1.31    1.64
-241879.130     4.840     1.23    1.46
-241507.865     5.229     1.05    1.26
-241136.565     5.437     0.56    1.22
-240765.231     5.655     0.59    1.18
-240393.863     5.937     0.76    1.36
-240022.460     6.266     0.89    1.51
-239651.024     6.359     0.25    1.55
-239279.553     6.444     0.23    1.59
-238908.047     6.526     0.22    1.89
-238536.507     6.827     0.81    1.97
-238164.933     6.954     0.34    1.97
-237793.325     7.285     0.89    1.81
-237421.682     7.347     0.17    1.57
-237050.005     7.336    -0.03    1.51
-236678.293     7.414     0.21    1.59
-236306.547     7.294    -0.32    1.71
-235934.767     7.101    -0.52    1.72
-235562.952     6.544    -1.50    1.74
-235191.103     5.813    -1.96    1.67
-234819.219     5.344    -1.26    1.56
-234447.301     5.185    -0.43    1.52
-234075.348     5.468     0.76    1.59
-233703.361     5.744     0.74    1.64
-233331.339     6.081     0.91    1.41
-232959.283     6.204     0.33    1.59
-232587.193     6.266     0.17    1.53
-232215.067     6.173    -0.25    1.44
-231842.908     6.178     0.01    1.47
-231470.713     6.151    -0.07    1.19
-231098.485     6.025    -0.34    1.16
-230726.221     5.990    -0.09    1.08
-230353.923     6.192     0.54    1.15
-229981.591     6.579     1.04    1.21
-229609.224     6.980     1.08    1.34
-229236.822     6.980     0.00    1.20
-228864.385     7.115     0.36    1.04
-228491.914     7.280     0.44    1.00
-228119.409     7.419     0.37    1.06
-227746.868     7.467     0.13    1.08
-227374.293     7.526     0.16    1.05
-227001.683     7.488    -0.10    1.02
-226629.039     7.853     0.98    1.02
-226256.360     8.229     1.01    1.19
-225883.646     8.489     0.70    1.24
-225510.897     8.986     1.33    1.32
-225138.114     9.247     0.70    1.27
-224765.296     9.489     0.65    1.19
-224392.443     9.371    -0.32    1.42
-224019.556     9.258    -0.30    1.41
-223646.633     8.916    -0.92    1.11
-223273.676     8.687    -0.62    1.09
-222900.684     8.896     0.56    1.25
-222527.657     9.118     0.60    1.41
-222154.595     9.794     1.81    1.50
-221781.499    10.562     2.06    1.28
-221408.367    10.919     0.96    1.00
-221035.201    10.717    -0.54    1.29
-220662.000    10.525    -0.51    1.32
-220288.764    10.044    -1.29    1.36
-219915.493     9.780    -0.71    1.20
-219542.187     9.789     0.02    1.18
-219168.847     9.704    -0.23    1.26
-218795.471     9.751     0.13    1.15
-218422.060     9.673    -0.21    1.10
-218048.615     9.817     0.38    0.95
-217675.134     9.827     0.03    0.91
-217301.618    10.062     0.63    0.99
-216928.068    10.264     0.54    1.05
-216554.482    10.454     0.51    1.13
-216180.862    10.657     0.54    1.07
-215807.206    10.526    -0.35    1.02
-215433.515    10.579     0.14    0.85
-215059.789    10.562    -0.05    0.81
-214686.029    10.544    -0.05    0.76
-214312.233    10.563     0.05    0.77
-213938.402    10.525    -0.10    0.81
-213564.536    10.678     0.41    0.97
-213190.635    10.580    -0.26    0.94
-212816.698    10.544    -0.10    1.02
-212442.727    10.544     0.00    1.21
-212068.720    10.600     0.15    1.29
-211694.679    10.933     0.89    1.29
-211320.602    11.222     0.77    1.29
-210946.489    11.332     0.29    1.13
-210572.342    11.597     0.71    0.92
-210198.160    11.779     0.49    0.84
-209823.942    11.722    -0.15    0.74
-209449.689    11.859     0.36    0.86
-209075.401    11.914     0.15    0.94
-208701.077    12.204     0.78    1.13
-208326.719    12.303     0.26    1.16
-207952.325    12.347     0.12    1.12
-207577.895    12.448     0.27    1.11
-207203.431    12.235    -0.57    1.29
-206828.931    11.877    -0.95    1.27
-206454.396    11.636    -0.64    1.26
-206079.825    11.217    -1.12    1.16
-205705.219    11.240     0.06    1.04
-205330.578    11.242     0.00    1.01
-204955.902    11.271     0.08    1.25
-204581.190    11.453     0.49    1.43
-204206.442    11.640     0.50    1.58
-203831.659    12.204     1.51    1.38
-203456.841    12.710     1.35    1.02
-203081.987    12.847     0.37    0.99
-202707.098    12.962     0.31    0.96
-202332.174    12.853    -0.29    1.12
-201957.214    12.579    -0.73    1.14
-201582.218    12.563    -0.04    1.22
-201207.187    12.258    -0.81    1.11
-200832.121    12.223    -0.09    0.83
-200457.019    12.071    -0.41    0.84
-200081.881    12.099     0.08    0.84
-199706.708    12.099     0.00    0.92
-199331.500    12.133     0.09    1.04
-198956.256    12.210     0.21    1.10
-198580.976    12.474     0.70    1.03
-198205.661    12.601     0.34    1.00
-197830.310    12.901     0.80    0.96
-197454.923    13.322     1.12    0.98
-197079.501    13.419     0.26    0.94
-196704.043    13.619     0.53    0.92
-196328.550    13.653     0.09    0.92
-195953.021    13.687     0.09    0.90
-195577.456    13.808     0.32    0.84
-195201.856    13.877     0.18    0.70
-194826.220    13.751    -0.33    0.74
-194450.548    13.454    -0.79    0.98
-194074.841    12.812    -1.71    1.14
-193699.097    12.303    -1.35    1.13
-193323.318    11.651    -1.74    1.04
-192947.504    11.247    -1.07    1.06
-192571.653    10.944    -0.81    1.10
-192195.767    10.544    -1.06    1.12
-191819.845    10.597     0.14    1.15
-191443.887    11.229     1.68    1.30
-191067.893    11.508     0.74    1.17
-190691.864    11.766     0.69    0.95
-190315.799    11.840     0.20    1.19
-189939.698    11.689    -0.40    1.28
-189563.561    11.659    -0.08    1.31
-189187.388    12.026     0.97    1.14
-188811.179    12.007    -0.05    0.95
-188434.934    12.044     0.10    0.93
-188058.654    11.785    -0.69    0.93
-187682.337    11.359    -1.13    0.91
-187305.985    10.972    -1.03    1.08
-186929.597    11.178     0.55    1.34
-186553.172    11.740     1.49    1.60
-186176.712    12.355     1.63    1.51
-185800.216    13.126     2.05    1.12
-185423.683    13.169     0.11    1.20
-185047.115    13.162    -0.02    1.16
-184670.511    13.079    -0.22    1.16
-184293.871    12.827    -0.67    1.23
-183917.194    12.776    -0.14    1.16
-183540.482    12.659    -0.31    1.26
-183163.734    12.398    -0.69    1.41
-182786.949    12.488     0.24    1.28
-182410.128    12.347    -0.37    1.31
-182033.272    12.247    -0.26    1.40
-181656.379    11.978    -0.72    1.50
-181279.450    11.526    -1.20    1.46
-180902.485    11.178    -0.92    1.28
-180525.484    10.990    -0.50    0.87
-180148.446    11.180     0.50    1.22
-179771.373    11.871     1.83    1.79
-179394.263    12.615     1.97    1.80
-179017.117    12.921     0.81    1.51
-178639.935    12.817    -0.28    1.70
-178262.717    12.486    -0.88    1.67
-177885.462    12.344    -0.38    1.56
-177508.171    12.433     0.24    1.45
-177130.844    12.229    -0.54    1.21
-176753.481    12.044    -0.49    1.24
-176376.081    12.099     0.15    1.38
-175998.645    12.435     0.89    1.54
-175621.173    12.840     1.07    1.42
-175243.664    13.240     1.06    1.32
-174866.119    13.655     1.10    1.18
-174488.538    13.865     0.56    1.05
-174110.920    14.025     0.42    1.16
-173733.266    14.362     0.89    1.00
-173355.576    14.633     0.72    0.64
-172977.849    14.794     0.43    0.68
-172600.086    14.847     0.14    0.54
-172222.287    14.635    -0.56    0.48
-171844.451    14.597    -0.10    0.44
-171466.578    14.508    -0.24    0.38
-171093.613    14.374    -0.36    0.47
-170722.830    14.472     0.27    0.53
-170352.012    14.505     0.09    0.56
-169981.159    14.490    -0.04    0.59
-169610.271    14.448    -0.11    0.69
-169239.348    14.472     0.07    0.66
-168868.390    14.471    -0.00    0.92
-168497.397    14.383    -0.24    0.85
-168126.369    14.470     0.23    0.84
-167755.305    14.508     0.10    0.79
-167384.207    14.401    -0.29    0.64
-167013.073    14.449     0.13    0.71
-166641.905    14.329    -0.32    0.73
-166270.701    14.140    -0.51    0.72
-165899.462    14.312     0.46    0.69
-165528.188    14.294    -0.05    0.71
-165156.879    14.294     0.00    0.67
-164785.534    14.380     0.23    0.54
-164414.155    14.431     0.14    0.54
-164042.740    14.454     0.06    0.48
-163671.290    14.489     0.09    0.52
-163299.805    14.437    -0.14    0.65
-162928.284    14.340    -0.26    0.74
-162556.728    14.312    -0.08    0.76
-162185.137    14.236    -0.20    0.76
-161813.511    14.133    -0.28    0.89
-161441.850    14.072    -0.16    0.95
-161070.153    14.187     0.31    0.98
-160698.421    14.488     0.81    0.86
-160326.653    14.651     0.44    0.59
-159954.850    14.812     0.43    0.62
-159583.012    14.840     0.08    0.63
-159211.139    14.807    -0.09    0.55
-158839.230    14.785    -0.06    0.51
-158467.286    14.667    -0.32    0.38
-158095.306    14.600    -0.18    0.63
-157723.291    14.490    -0.30    0.70
-157351.241    14.431    -0.16    0.70
-156979.155    14.437     0.02    0.59
-156607.034    14.417    -0.05    0.51
-156234.877    14.491     0.20    0.35
-155862.685    14.508     0.05    0.33
-155490.457    14.544     0.10    0.19
-155118.194    14.544     0.00    0.27
-154745.895    14.525    -0.05    0.24
-154373.561    14.472    -0.14    0.32
-154001.191    14.390    -0.22    0.41
-153628.786    14.246    -0.39    0.53
-153256.345    14.129    -0.31    0.57
-152883.869    14.169     0.11    0.56
-152511.357    14.235     0.18    0.54
-152138.810    14.294     0.16    0.51
-151766.227    14.417     0.33    0.39
-151393.608    14.451     0.09    0.29
-151020.954    14.472     0.06    0.32
-150648.264    14.471    -0.00    0.33
-150275.538    14.437    -0.09    0.31
-149902.777    14.371    -0.18    0.38
-149529.980    14.312    -0.16    0.43
-149157.148    14.340     0.08    0.41
-148784.279    14.365     0.07    0.39
-148411.376    14.507     0.38    0.38
-148038.436    14.740     0.62    0.92
-147665.461    14.798     0.16    0.93
-147292.450    14.998     0.54    1.07
-146919.403    14.972    -0.07    1.14
-146546.320    14.909    -0.17    1.12
-146173.202    14.740    -0.45    1.03
-145800.048    14.770     0.08    0.95
-145426.858    14.972     0.54    0.95
-145053.632    14.972     0.00    0.85
-144680.370    15.169     0.53    1.04
-144307.073    15.258     0.24    1.07
-143933.740    15.433     0.47    1.09
-143560.371    15.456     0.06    1.02
-143186.966    15.298    -0.42    1.02
-142813.525    15.351     0.14    1.03
-142440.048    15.377     0.07    1.06
-142066.536    15.544     0.45    1.08
-141692.987    15.417    -0.34    1.04
-141319.403    15.329    -0.23    0.99
-140945.782    15.276    -0.14    0.96
-140572.126    14.970    -0.82    0.69
-140198.434    14.901    -0.18    0.80
-139824.705    14.813    -0.24    0.74
-139450.941    14.829     0.04    0.71
-139077.141    15.223     1.05    1.05
-138703.305    15.490     0.71    1.03
-138329.432    15.710     0.59    1.02
-137955.524    15.962     0.67    1.03
-137581.580    16.026     0.17    1.03
-137207.599    16.107     0.22    1.01
-136833.583    16.421     0.84    1.05
-136459.530    16.448     0.07    1.14
-136085.441    16.615     0.45    1.14
-135711.316    16.883     0.72    1.24
-135337.155    16.883    -0.00    1.23
-134962.958    17.035     0.41    1.20
-134588.725    17.126     0.24    1.10
-134214.456    16.972    -0.41    0.85
-133840.150    16.919    -0.14    1.02
-133465.809    16.901    -0.05    1.00
-133091.431    17.063     0.43    1.08
-132717.016    17.471     1.09    1.12
-132342.566    17.707     0.63    1.10
-131968.080    17.937     0.61    1.02
-131593.557    18.144     0.55    0.99
-131218.998    18.193     0.13    1.06
-130844.402    18.322     0.34    1.08
-130469.771    18.289    -0.09    1.14
-130095.103    18.383     0.25    0.95
-129720.399    18.409     0.07    0.93
-129345.658    18.419     0.03    0.88
-128970.881    18.229    -0.51    0.80
-128596.068    18.298     0.18    0.87
-128221.218    18.228    -0.19    0.91
-127846.332    18.344     0.31    0.93
-127471.410    18.508     0.44    1.03
-127096.451    18.412    -0.26    1.09
-126721.456    18.312    -0.27    1.18
-126346.425    18.285    -0.07    1.18
-125971.357    18.062    -0.59    0.99
-125596.252    17.766    -0.79    1.27
-125221.112    17.312    -1.21    1.40
-124845.934    16.766    -1.45    1.36
-124470.721    16.489    -0.74    1.39
-124095.470    16.144    -0.92    1.51
-123720.184    15.813    -0.88    1.54
-123344.860    15.651    -0.43    1.40
-122969.500    15.751     0.27    1.26
-122594.104    16.263     1.36    1.56
-122218.671    16.829     1.51    1.49
-121843.202    17.362     1.42    1.40
-121467.696    17.597     0.63    1.58
-121092.153    17.488    -0.29    1.60
-120716.574    17.401    -0.23    1.69
-120340.958    16.951    -1.20    1.71
-119965.305    16.633    -0.85    1.46
-119589.616    15.926    -1.88    1.18
-119213.891    15.437    -1.30    0.98
-118838.128    15.118    -0.85    0.90
-118462.329    14.998    -0.32    0.92
-118086.493    15.133     0.36    0.97
-117710.621    15.255     0.33    0.91
-117334.711    15.329     0.20    0.85
-116958.766    15.229    -0.27    0.80
-116582.783    14.912    -0.84    0.92
-116206.763    14.490    -1.12    0.82
-115830.707    14.258    -0.62    0.93
-115454.614    13.937    -0.85    1.07
-115078.485    13.657    -0.74    1.24
-114702.318    13.474    -0.49    1.18
-114326.115    13.414    -0.16    1.15
-113949.874    13.489     0.20    1.13
-113573.597    13.266    -0.59    1.11
-113197.283    13.026    -0.64    1.11
-112820.933    13.097     0.19    1.14
-112444.545    13.081    -0.04    1.22
-112068.121    13.097     0.04    1.28
-111691.659    12.890    -0.55    1.17
-111315.161    12.919     0.08    1.14
-110938.626    13.071     0.40    1.10
-110562.053    13.289     0.58    1.06
-110185.444    13.526     0.63    1.04
-109808.798    13.580     0.14    1.12
-109432.115    13.669     0.24    1.06
-109055.395    13.909     0.64    1.24
-108678.638    14.263     0.94    1.08
-108301.844    14.162    -0.27    0.99
-107925.013    13.982    -0.48    1.00
-107548.144    13.889    -0.25    0.87
-107171.239    14.081     0.51    0.93
-106794.297    14.544     1.23    1.04
-106417.317    15.082     1.43    1.16
-106040.301    15.454     0.99    1.37
-105663.247    15.617     0.43    1.30
-105286.157    15.508    -0.29    1.28
-104909.029    15.258    -0.66    1.11
-104531.864    15.180    -0.21    0.85
-104154.662    15.258     0.21    0.87
-103777.422    15.409     0.40    0.95
-103400.146    15.579     0.45    1.01
-103022.832    15.926     0.92    1.05
-102645.481    16.035     0.29    0.92
-102268.093    15.912    -0.32    0.90
-101890.668    15.758    -0.41    1.00
-101513.206    15.702    -0.15    1.01
-101135.706    15.692    -0.03    1.04
-100758.169    15.263    -1.14    0.98
-100380.594    14.959    -0.81    1.03
-100002.983    14.776    -0.48    0.89
 -99625.334    15.044     0.71    1.24
 -99247.647    15.829     2.08    1.82
 -98869.924    17.204     3.64    2.33
 -98492.163    18.692     3.94    2.56
 -98114.364    19.842     3.04    2.71
 -97736.529    21.025     3.13    2.70
 -97358.655    21.901     2.32    2.17
 -96980.745    22.847     2.50    1.36
 -96602.797    22.980     0.35    1.10
 -96229.249    22.807    -0.46    1.36
 -95858.575    22.669    -0.37    1.45
 -95487.864    22.544    -0.34    1.36
 -95117.118    22.563     0.05    1.24
 -94746.336    22.151    -1.11    1.30
 -94375.518    21.355    -2.15    1.35
 -94004.664    20.687    -1.80    1.26
 -93633.773    20.053    -1.71    1.20
 -93262.847    19.684    -0.99    0.97
 -92891.885    19.807     0.33    1.11
 -92520.887    20.115     0.83    1.20
 -92149.853    20.456     0.92    1.09
 -91778.783    20.651     0.53    1.11
 -91407.677    20.906     0.69    1.09
 -91036.535    20.817    -0.24    1.06
 -90665.357    20.562    -0.69    1.12
 -90294.143    20.121    -1.19    1.11
 -89922.893    19.687    -1.17    1.03
 -89551.606    19.253    -1.17    0.94
 -89180.284    18.860    -1.06    1.20
 -88808.925    18.383    -1.28    1.32
 -88437.530    18.258    -0.34    1.36
 -88066.100    18.276     0.05    1.37
 -87694.633    18.669     1.06    1.66
 -87323.129    19.877     3.25    2.23
 -86951.590    20.954     2.90    2.16
 -86580.015    22.044     2.93    1.78
 -86208.403    22.832     2.12    1.18
 -85836.755    23.115     0.76    0.91
 -85465.071    23.126     0.03    0.83
 -85093.350    23.294     0.45    0.88
 -84721.594    23.276    -0.05    1.02
 -84349.801    23.240    -0.10    1.06
 -83977.972    23.329     0.24    1.04
 -83606.106    23.326    -0.01    1.05
 -83234.204    23.491     0.45    0.93
 -82862.266    23.669     0.48    0.74
 -82490.292    23.664    -0.01    0.86
 -82118.281    23.640    -0.07    0.82
 -81746.234    23.579    -0.16    1.03
 -81374.151    23.471    -0.29    1.15
 -81002.031    23.454    -0.04    1.30
 -80629.875    23.437    -0.05    1.33
 -80257.682    23.271    -0.44    1.08
 -79885.453    23.312     0.11    1.13
 -79513.188    23.198    -0.30    1.04
 -79140.886    23.017    -0.49    1.10
 -78768.548    22.798    -0.59    1.08
 -78396.173    22.772    -0.07    1.02
 -78023.762    22.775     0.01    1.00
 -77651.314    22.740    -0.09    0.84
 -77278.830    22.737    -0.01    0.85
 -76906.310    22.704    -0.09    0.73
 -76533.752    22.704     0.00    0.78
 -76161.159    22.798     0.25    0.97
 -75788.528    22.740    -0.16    0.96
 -75415.862    22.618    -0.33    1.08
 -75043.158    22.491    -0.34    1.14
 -74670.418    22.285    -0.55    1.12
 -74297.642    22.017    -0.72    1.18
 -73924.829    21.896    -0.33    1.05
 -73551.979    21.702    -0.52    1.01
 -73179.092    21.579    -0.33    0.93
 -72806.169    21.401    -0.48    0.98
 -72433.210    21.228    -0.46    0.98
 -72060.213    21.107    -0.32    0.94
 -71687.180    21.008    -0.27    1.11
 -71314.110    21.185     0.48    1.08
 -70941.004    21.312     0.34    1.11
 -70567.861    21.468     0.42    1.05
 -70194.681    21.649     0.48    0.79
 -69821.464    21.907     0.69    0.82
 -69448.211    21.930     0.06    0.88
 -69074.920    22.079     0.40    0.85
 -68701.594    21.930    -0.40    0.86
 -68328.230    21.719    -0.56    0.91
 -67954.829    21.636    -0.22    0.85
 -67581.392    21.615    -0.06    0.87
 -67207.918    21.601    -0.04    0.89
 -66834.407    21.544    -0.15    0.87
 -66460.859    21.383    -0.43    0.85
 -66087.274    21.246    -0.37    0.84
 -65713.652    21.097    -0.40    0.91
 -65339.994    20.883    -0.57    0.90
 -64966.298    20.842    -0.11    0.87
 -64592.566    20.780    -0.17    0.92
 -64218.796    20.754    -0.07    0.94
 -63844.990    20.775     0.05    0.96
 -63471.147    21.017     0.65    0.97
 -63097.267    21.303     0.76    0.87
 -62723.350    21.351     0.13    0.88
 -62349.395    21.097    -0.68    1.14
 -61975.404    20.754    -0.92    1.33
 -61601.376    20.737    -0.05    1.27
 -61227.311    20.980     0.65    1.38
 -60853.208    21.268     0.77    1.25
 -60479.069    21.453     0.49    0.87
 -60104.893    21.526     0.20    0.90
 -59730.679    21.563     0.10    0.84
 -59356.429    21.526    -0.10    0.96
 -58982.141    21.437    -0.24    1.04
 -58607.816    21.491     0.15    1.16
 -58233.454    21.403    -0.23    1.17
 -57859.055    21.263    -0.37    1.13
 -57484.619    21.329     0.18    1.06
 -57110.145    21.563     0.62    0.83
 -56735.635    21.459    -0.28    0.75
 -56361.087    21.579     0.32    0.76
 -55986.502    21.649     0.19    0.82
 -55611.879    21.615    -0.09    0.89
 -55237.220    21.669     0.14    0.85
 -54862.523    21.544    -0.33    1.07
 -54487.789    21.599     0.15    1.11
 -54113.018    21.722     0.33    1.10
 -53738.209    21.822     0.26    1.02
 -53363.363    21.667    -0.41    1.04
 -52988.480    21.507    -0.42    1.02
 -52613.559    21.403    -0.28    0.97
 -52238.602    21.403     0.00    1.03
 -51863.606    21.344    -0.16    1.04
 -51488.574    21.509     0.44    1.02
 -51113.504    21.472    -0.10    1.08
 -50738.396    21.696     0.60    1.11
 -50363.252    21.775     0.21    1.08
 -49988.069    21.722    -0.14    1.03
 -49612.850    21.737     0.04    1.03
 -49237.593    21.509    -0.61    1.05
 -48862.298    21.298    -0.56    1.04
 -48486.966    21.105    -0.51    1.10
 -48111.597    20.919    -0.50    1.10
 -47736.190    20.794    -0.33    1.22
 -47360.745    20.679    -0.30    1.28
 -46985.263    20.454    -0.60    1.28
 -46609.744    20.302    -0.41    1.37
 -46234.187    20.008    -0.78    1.21
 -45858.592    19.403    -1.61    1.46
 -45482.960    18.877    -1.40    1.54
 -45107.290    18.508    -0.98    1.40
 -44731.582    18.175    -0.89    1.16
 -44355.837    18.396     0.59    0.96
 -43980.055    17.776    -1.65    1.16
 -43604.235    17.377    -1.06    1.09
 -43228.377    16.860    -1.38    1.09
 -42852.481    16.454    -1.08    0.82
 -42476.548    16.180    -0.73    0.89
 -42100.577    16.147    -0.09    0.86
 -41724.568    15.835    -0.83    0.92
 -41348.522    15.764    -0.19    0.85
 -40972.438    16.034     0.72    1.10
 -40596.316    16.204     0.45    1.10
 -40220.156    16.298     0.25    1.02
 -39843.959    16.439     0.37    1.01
 -39467.724    16.386    -0.14    0.86
 -39091.451    16.489     0.27    0.97
 -38715.140    16.386    -0.27    0.96
 -38338.791    16.351    -0.09    1.14
 -37962.405    16.613     0.69    1.15
 -37585.981    16.847     0.62    1.17
 -37209.518    17.240     1.04    1.16
 -36833.018    17.439     0.53    1.01
 -36456.480    17.762     0.86    0.94
 -36079.905    18.492     1.94    1.32
 -35703.291    18.967     1.26    1.27
 -35326.639    19.386     1.11    1.13
 -34949.950    19.907     1.38    1.04
 -34573.222    20.526     1.64    1.27
 -34196.457    21.437     2.42    1.56
 -33819.653    22.633     3.18    1.97
 -33442.812    24.204     4.17    2.18
 -33065.932    25.698     3.96    1.98
 -32689.015    26.768     2.84    1.69
 -32312.059    27.472     1.87    0.97
 -31935.066    27.772     0.79    0.95
 -31558.034    27.990     0.58    0.85
 -31180.964    28.187     0.52    0.98
 -30803.857    28.509     0.86    0.90
 -30426.711    28.726     0.57    0.92
 -30049.527    29.026     0.80    0.91
 -29672.305    29.253     0.60    0.96
 -29295.044    29.526     0.72    0.90
 -28917.746    29.704     0.47    0.85
 -28540.409    29.842     0.36    0.87
 -28163.035    30.026     0.49    0.79
 -27785.622    30.185     0.42    0.81
 -27408.170    30.182    -0.01    0.83
 -27030.681    30.089    -0.24    0.81
 -26653.154    30.000    -0.24    0.87
 -26275.588    29.704    -0.78    0.80
 -25897.984    29.631    -0.19    0.79
 -25520.341    29.228    -1.07    1.07
 -25142.661    28.490    -1.95    1.31
 -24764.942    27.454    -2.74    1.52
 -24387.184    26.247    -3.20    1.71
 -24009.389    24.794    -3.85    1.98
 -23631.555    23.228    -4.14    1.84
 -23253.682    21.877    -3.57    1.53
 -22875.772    20.865    -2.68    1.21
 -22497.823    20.062    -2.12    0.88
 -22119.835    19.737    -0.86    0.79
 -21741.810    19.526    -0.56    0.83
 -21367.587    19.442    -0.22    0.76
 -20997.023    19.222    -0.59    0.83
 -20626.423    19.000    -0.60    0.93
 -20255.786    19.017     0.05    0.93
 -19885.111    18.965    -0.14    0.98
 -19514.400    18.842    -0.33    1.00
 -19143.652    18.860     0.05    0.89
 -18772.868    18.972     0.30    0.85
 -18402.046    19.192     0.59    0.99
 -18031.188    19.527     0.90    1.25
 -17660.292    20.062     1.44    1.50
 -17289.360    20.662     1.62    1.78
 -16918.390    21.412     2.02    1.88
 -16547.384    22.133     1.94    1.63
 -16176.341    22.669     1.44    1.34
 -15805.261    23.088     1.13    1.20
 -15434.144    23.702     1.65    1.07
 -15062.990    23.860     0.43    1.05
 -14691.798    24.105     0.66    0.96
 -14320.570    24.071    -0.09    0.94
 -13949.305    23.854    -0.58    1.11
 -13578.003    23.780    -0.20    1.12
 -13206.663    23.794     0.04    1.10
 -12835.287    24.025     0.62    1.08
 -12463.874    23.972    -0.14    1.08
 -12092.423    24.007     0.09    0.99
 -11720.935    23.664    -0.92    1.13
 -11349.411    23.824     0.43    1.26
 -10977.849    23.865     0.11    1.32
 -10606.250    23.965     0.27    1.40
 -10234.613    24.198     0.63    1.36
  -9862.940    24.544     0.93    1.20
  -9491.229    24.951     1.10    1.11
  -9119.482    25.053     0.27    1.09
  -8747.697    25.044    -0.02    1.11
  -8375.874    24.368    -1.82    1.34
  -8004.015    23.615    -2.03    1.28
  -7632.118    23.027    -1.58    1.25
  -7260.184    22.562    -1.25    1.10
  -6888.213    22.403    -0.43    1.22
  -6516.204    21.579    -2.21    2.64
  -6144.158    21.453    -0.34    3.03
  -5772.075    20.199    -3.37    5.89
  -5399.955    17.185    -8.10    8.43
  -5027.797    15.651    -4.12    9.07
  -4655.602    11.914   -10.04    7.99
  -4283.369     9.456    -6.60    5.31
  -3911.099     8.439    -2.73    2.28
  -3538.792     8.406    -0.09    2.04
  -3166.447     7.919    -1.31    2.21
  -2794.065     7.702    -0.58    2.18
  -2421.645     7.246    -1.22    1.96
  -2049.188     7.579     0.90    2.05
  -1676.694     8.246     1.79    2.18
  -1304.162     7.962    -0.76    3.34
   -931.592     5.772    -5.88    4.86
   -558.985     3.467    -6.19    4.81
   -186.341     1.222    -6.02    3.40
    186.341     0.222    -2.68    1.73
    559.061     0.027    -0.53    1.35
    931.818     0.316     0.78    2.15
   1304.612     1.298     2.64    3.31
   1677.444     3.017     4.61    3.78
   2050.314     4.883     5.00    3.69
   2423.222     6.794     5.12    3.29
   2796.167     7.877     2.90    2.47
   3169.149     7.740    -0.37    2.53
   3542.169     7.453    -0.77    2.52
   3915.227     7.273    -0.48    2.23
   4288.323     7.144    -0.35    1.65
   4661.456     7.403     0.70    1.49
   5034.627     7.491     0.24    1.75
   5407.836     7.758     0.72    1.85
   5781.082     7.877     0.32    2.12
   6154.366     7.671    -0.55    2.22
   6527.688     7.597    -0.20    2.08
   6901.048     7.025    -1.53    1.94
   7274.445     6.798    -0.61    1.75
   7647.880     6.508    -0.78    1.33
   8021.353     6.423    -0.23    1.38
   8394.864     6.596     0.46    1.38
   8768.413     6.824     0.61    1.53
   9141.999     7.088     0.70    1.50
   9515.623     7.097     0.03    1.37
   9889.286     6.901    -0.53    1.27
  10262.986     6.636    -0.71    0.92
  10636.723     6.669     0.09    0.99
  11010.499     6.817     0.40    1.06
  11384.313     6.917     0.27    1.03
  11758.165     7.097     0.48    1.19
  12132.054     7.193     0.26    1.22
  12505.982     7.130    -0.17    1.36
  12879.947     6.926    -0.55    1.28
  13253.951     6.992     0.18    1.27
  13627.992     7.162     0.45    1.33
  14002.072     7.596     1.16    1.38
  14376.189     7.928     0.89    1.37
  14750.345     8.009     0.22    1.42
  15124.538     7.972    -0.10    1.75
  15498.770     8.716     1.99    2.43
  15873.040     9.351     1.70    2.72
  16247.348     9.489     0.37    2.50
  16621.694     8.917    -1.53    2.37
  16996.078     8.396    -1.39    2.16
  17370.500     7.829    -1.51    1.37
  17744.960     7.599    -0.61    0.98
  18119.459     7.631     0.09    1.07
  18493.995     7.744     0.30    1.15
  18868.570     7.682    -0.17    1.18
  19243.183     7.579    -0.27    1.07
  19617.834     7.509    -0.19    1.03
  19992.524     7.475    -0.09    1.06
  20367.251     7.380    -0.25    1.08
  20742.017     7.354    -0.07    0.87
  21116.821     7.581     0.60    1.01
  21491.664     7.437    -0.38    1.09
  21866.545     7.423    -0.04    1.19
  22241.464     7.371    -0.14    1.22
  22616.421     6.990    -1.02    1.08
  22991.417     6.919    -0.19    0.98
  23366.451     6.866    -0.14    0.88
  23741.523     6.707    -0.42    0.88
  24116.634     6.595    -0.30    0.86
  24491.783     6.619     0.07    0.96
  24866.971     6.508    -0.30    0.95
  25242.196     6.631     0.33    0.99
  25617.461     6.772     0.37    1.20
  25992.764     7.000     0.61    1.32
  26368.105     7.017     0.05    1.50
  26743.485     7.035     0.05    1.50
  27118.903     7.192     0.42    1.51
  27494.359     7.476     0.76    2.05
  27869.855     7.842     0.97    2.33
  28245.388     7.912     0.19    2.63
  28620.960     8.182     0.72    2.69
  28996.571     8.722     1.44    2.68
  29372.221    11.088     6.30    5.97
  29747.908    15.689    12.25    8.56
  30123.635    21.263    14.84    8.83
  30499.400    26.890    14.97    5.42
  30875.204    29.337     6.51    1.24
  31251.046    29.579     0.65    0.93
  31626.927    29.613     0.09    0.75
  32002.847    29.561    -0.14    0.74
  32378.805    29.508    -0.14    0.79
  32754.802    29.357    -0.40    0.82
  33130.837    29.255    -0.27    0.82
  33506.912    29.228    -0.07    0.78
  33883.025    29.162    -0.18    0.78
  34259.177    29.228     0.18    0.76
  34635.367    29.401     0.46    0.86
  35011.596    29.702     0.80    0.80
  35387.865    29.877     0.47    0.76
  35764.171    30.079     0.54    0.74
  36140.517    29.777    -0.80    0.89
  36516.902    29.489    -0.76    0.95
  36893.325    29.439    -0.13    1.19
  37269.787    29.403    -0.09    1.42
  37646.288    29.474     0.19    1.58
  38022.828    29.368    -0.28    1.53
  38399.407    29.368     0.00    1.55
  38776.024    29.490     0.32    1.63
  39152.681    29.736     0.65    1.73
  39529.377    30.018     0.75    1.93
  39906.111    30.347     0.87    2.08
  40282.884    30.699     0.93    2.28
  40659.697    31.440     1.97    2.37
  41036.548    32.062     1.65    2.13
  41413.438    32.747     1.82    1.72
  41790.368    33.285     1.43    1.05
  42167.336    33.182    -0.27    0.91
  42544.344    32.944    -0.63    0.81
  42921.390    32.906    -0.10    0.79
  43298.476    33.000     0.25    0.83
  43675.600    33.233     0.62    0.71
  44052.764    33.105    -0.34    0.71
  44429.967    33.105     0.00    0.78
  44807.209    33.188     0.22    0.85
  45184.490    33.317     0.34    0.91
  45561.810    33.614     0.79    0.88
  45939.169    33.684     0.19    0.91
  46316.568    33.754     0.19    0.84
  46694.006    33.719    -0.09    0.89
  47071.483    33.617    -0.27    0.94
  47448.999    33.456    -0.43    1.41
  47826.554    33.355    -0.27    1.43
  48204.149    33.660     0.81    1.40
  48581.783    33.835     0.46    1.37
  48959.456    34.088     0.67    0.85
  49337.168    34.389     0.80    0.83
  49714.920    34.526     0.36    0.84
  50092.711    34.527     0.00    0.93
  50470.541    34.433    -0.25    0.95
  50848.411    34.472     0.11    0.95
  51226.320    34.768     0.78    0.97
  51604.269    35.123     0.94    0.84
  51982.256    35.454     0.88    0.77
  52360.284    35.726     0.72    0.82
  52738.350    36.137     1.09    0.85
  53116.456    36.526     1.03    0.84
  53491.452    36.747     0.59    0.83
  53861.902    36.998     0.68    0.81
  54232.389    37.026     0.07    0.83
  54602.913    37.123     0.26    0.92
  54973.476    37.078    -0.12    0.98
  55344.076    36.930    -0.40    0.92
  55714.714    36.768    -0.44    0.80
  56085.390    36.631    -0.37    0.81
  56456.104    36.544    -0.24    0.76
  56826.855    36.527    -0.04    0.79
  57197.644    36.525    -0.01    0.82
  57568.472    36.333    -0.52    0.96
  57939.337    36.155    -0.48    1.02
  58310.240    36.009    -0.39    1.11
  58681.181    35.824    -0.50    1.10
  59052.159    35.798    -0.07    0.99
  59423.176    35.526    -0.73    1.00
  59794.231    35.316    -0.57    1.02
  60165.323    35.199    -0.31    0.98
  60536.454    35.044    -0.42    0.97
  60907.622    34.824    -0.59    1.01
  61278.829    35.053     0.61    1.02
  61650.073    35.169     0.31    0.96
  62021.356    35.506     0.91    1.06
  62392.677    35.815     0.83    0.98
  62764.035    35.617    -0.53    1.12
  63135.432    35.682     0.18    1.10
  63506.867    35.758     0.21    1.07
  63878.339    36.000     0.65    1.13
  64249.850    36.354     0.95    1.03
  64621.399    36.459     0.28    0.92
  64992.987    36.526     0.18    0.97
  65364.612    36.440    -0.23    1.02
  65736.275    36.410    -0.08    1.02
  66107.977    36.105    -0.82    0.96
  66479.717    35.290    -2.19    1.61
  66851.495    33.692    -4.30    2.51
  67223.311    31.526    -5.83    3.07
  67595.165    29.726    -4.84    2.44
  67967.058    28.866    -2.31    1.66
  68338.989    28.740    -0.34    1.41
  68710.958    28.509    -0.62    2.17
  69082.965    27.333    -3.16    3.38
  69455.011    25.386    -5.23    3.53
  69827.095    23.273    -5.68    2.01
  70199.217    22.544    -1.96    0.00
  70571.378    22.544     0.00    0.00
  70943.577    22.544     0.00    0.00
  71315.814    22.544     0.00    0.00
  71688.090    22.544     0.00    0.00
  72060.404    22.544     0.00    0.00
  72432.756    22.544     0.00    0.00
  72805.147    22.544     0.00    0.00
  73177.576    22.544     0.00    0.00
  73550.044    22.544     0.00    0.00
  73922.550    22.544     0.00    0.00
  74295.095    22.544     0.00    0.00
  74667.678    22.544     0.00    0.00
  75040.299    22.544     0.00    0.00
  75412.959    22.544     0.00    0.00
  75785.658    22.544     0.00    0.00
  76158.395    22.544     0.00    0.00
  76531.171    22.544     0.00    0.00
  76903.985    22.544     0.00    0.00
  77276.838    22.544     0.00    0.00
  77649.729    22.544     0.00    0.00
  78022.659    22.544     0.00    0.00
  78395.627    22.544     0.00    0.00
  78768.635    22.544     0.00    0.00
  79141.680    22.544     0.00    0.00
  79514.765    22.544     0.00    0.00
  79887.888    22.544     0.00    0.00
  80261.050    22.544     0.00    0.00
  80634.250    22.544     0.00    0.00
  81007.489    22.544     0.00    0.00
  81380.767    22.544     0.00    0.00
  81754.084    22.544     0.00    0.00
  82127.439    22.544     0.00    0.00
  82500.834    22.544     0.00    0.00
  82874.266    24.975     6.51    5.80
  83247.738    30.081    13.67    9.81
  83621.249    41.316    30.08   14.95
  83994.798    54.794    36.08   15.25
  84368.386    65.894    29.71   13.60
  84742.013    76.298    27.85    9.15
  85115.679    82.456    16.48    6.83
  85489.384    89.068    17.70    7.72
  85863.127    94.263    13.90    8.46
  86236.910   100.337    16.25    8.48
  86610.731   104.285    10.56    7.92
  86984.591   104.368     0.22    8.56
  87358.491   100.140   -11.31   11.78
  87732.429    99.986    -0.41   11.21
  88106.406   103.889    10.44   12.49
  88480.422   110.509    17.70   12.86
  88854.477   119.662    24.47    9.94
  89228.572   125.079    14.48    8.18
  89602.705   126.510     3.82    9.48
  89976.877   124.933    -4.22   10.03
  90351.088   118.842   -16.28   13.32
  90725.339   110.126   -23.29   15.12
  91099.628   106.027   -10.95   12.73
  91473.956   104.070    -5.23   10.99
  91848.324   107.631     9.51    9.96
  92222.731   114.323    17.88    6.21
  92597.177   119.544    13.94    5.46
  92971.662   123.730    11.18    5.69
  93346.186   127.062     8.90    5.73
  93720.749   128.889     4.88    5.61
  94095.352   130.776     5.04    5.96
  94469.993   132.760     5.30    5.07
  94844.674   133.419     1.76    3.69
  95219.394   133.630     0.56    3.22
  95594.154   134.730     2.94    5.20
  95968.952   135.526     2.12    6.03
  96343.790   138.277     7.34    6.31
  96718.667   140.247     5.26    5.67
  97093.584   142.992     7.32    5.86
  97468.540   146.889    10.39    5.62
  97843.535   149.977     8.24    5.44
  98218.569   153.562     9.56    3.61
  98593.643   155.509     5.19    2.40
  98968.756   156.320     2.16    2.10
  99343.909   155.883    -1.16    2.36
  99719.101   154.644    -3.30    2.67
 100094.332   153.377    -3.38    2.04
 100469.603   152.302    -2.86    2.82
 100844.914   151.169    -3.02    3.36
 101220.263   149.629    -4.10    3.79
 101595.653   147.854    -4.73    4.01
 101971.081   145.958    -5.05    3.92
 102346.549   143.785    -5.79    3.56
 102722.057   141.776    -5.35    3.41
 103097.604   139.103    -7.12    3.57
 103473.191   136.099    -8.00    3.06
 103848.817   133.329    -7.37    3.61
 104224.483   130.251    -8.20    3.65
 104600.189   127.613    -7.02    3.61
 104975.934   123.871    -9.96    4.66
 105351.718   120.357    -9.35    5.74
 105727.542   116.357   -10.64    5.77
 106103.406   113.719    -7.02    4.03
 106479.310   112.934    -2.09    2.92
 106855.253   115.673     7.29    4.36
 107231.236   119.169     9.30    4.92
 107607.259   121.934     7.35    4.06
 107983.321   123.188     3.34    3.11
 108359.423   122.854    -0.89    3.08
 108735.565   121.340    -4.02    3.52
 109111.746   118.629    -7.21    4.33
 109487.968   115.740    -7.68    4.55
 109864.229   112.595    -8.36    4.88
 110240.529   109.762    -7.53    4.07
 110616.870   107.947    -4.82    3.73
 110993.251   106.389    -4.14    3.75
 111369.671   105.103    -3.42    3.66
 111746.131   103.491    -4.28    3.71
 112122.631   101.719    -4.71    3.82
 112499.171    99.120    -6.90    3.92
 112875.751    97.222    -5.04    3.42
 113252.371    95.960    -3.35    2.37
 113629.030    95.357    -1.60    1.79
 114005.730    95.164    -0.51    1.87
 114382.469    95.820     1.74    2.03
 114759.249    96.403     1.55    2.28
 115136.068    97.151     1.98    2.85
 115512.928    98.526     3.65    3.34
 115889.827    99.713     3.15    3.47
 116266.767   101.386     4.44    3.58
 116643.746   103.785     6.37    4.47
 117020.766   106.866     8.17    5.92
 117397.825   109.807     7.80    6.10
 117774.925   111.917     5.60    6.37
 118152.065   113.835     5.09    6.76
 118529.245   115.889     5.45    7.64
 118906.465   118.865     7.89    8.11
 119283.725   122.298     9.10    7.82
 119661.026   126.912    12.23    7.06
 120038.366   131.017    10.88    6.28
 120415.747   135.445    11.73    5.76
 120793.168   139.105     9.70    4.52
 121170.629   141.340     5.92    3.16
 121548.130   143.322     5.25    3.80
 121925.672   146.158     7.51    4.82
 122303.254   148.854     7.14    4.71
 122680.876   151.391     6.72    2.59
 123058.538   152.526     3.01    1.90
 123436.241   153.508     2.60    3.26
 123813.984   155.265     4.65    3.76
 124191.767   157.794     6.69    4.33
 124569.591   159.866     5.48    4.12
 124947.455   160.246     1.01    4.39
 125325.359   161.000     2.00    3.80
 125703.304   161.754     2.00    3.51
 126081.289   162.649     2.37    3.18
 126459.315   163.716     2.82    2.36
 126837.381   163.766     0.13    2.95
 127215.487   161.790    -5.23    4.65
 127593.634   158.877    -7.70    4.77
 127971.822   155.912    -7.84    3.56
 128347.698   153.968    -5.17    2.40
 128718.029   152.789    -3.18    1.99
 129088.398   150.877    -5.16    3.82
 129458.806   147.105   -10.18    6.64
 129829.253   141.222   -15.88    7.82
 130199.738   136.435   -12.92    5.37
 130570.262   136.314    -0.33    5.23
 130940.825   139.359     8.22    6.92
 131311.427   145.492    16.55    8.87
 131682.067   150.144    12.55    8.20
 132052.747   153.578     9.27    7.57
 132423.465   157.222     9.83    6.84
 132794.222   161.052    10.33    7.72
 133165.018   167.113    16.35    8.22
 133535.852   173.544    17.34    7.89
 133906.726   180.827    19.64    7.11
 134277.638   185.298    12.06    5.27
 134648.589   187.702     6.48    3.00
 135019.580   188.217     1.39    2.59
 135390.609   186.764    -3.92    2.75
 135761.677   184.758    -5.41    2.76
 136132.784   182.544    -5.97    3.49
 136503.930   179.883    -7.17    4.39
 136875.115   175.669   -11.36    6.31
 137246.339   170.069   -15.09    7.21
 137617.602   164.730   -14.38    7.74
 137988.904   158.354   -17.17    8.04
 138360.245   153.120   -14.10    7.10
 138731.625   147.764   -14.42    4.91
 139103.044   143.954   -10.26    3.99
 139474.503   140.060   -10.48    4.09
 139846.000   136.417    -9.81    4.53
 140217.537   132.009   -11.86    6.20
 140589.112   128.835    -8.54    6.29
 140960.727   128.177    -1.77    6.94
 141332.381   129.403     3.30    7.64
 141704.074   130.527     3.02    6.91
 142075.806   131.340     2.19    4.57
 142447.578   128.368    -8.00    6.15
 142819.388   125.509    -7.69    5.86
 143191.238   124.940    -1.53    6.13
 143563.127   125.175     0.63    6.17
 143935.056   126.684     4.06    5.30
 144307.023   128.019     3.59    4.75
 144679.030   129.526     4.05    5.75
 145051.076   132.612     8.29    7.08
 145423.162   135.835     8.66    6.29
 145795.287   136.737     2.42    5.18
 146167.451   136.158    -1.56    4.82
 146539.654   134.995    -3.12    4.77
 146911.897   133.035    -5.27    4.03
 147284.179   131.544    -4.01    4.00
 147656.501   129.818    -4.64    4.61
 148028.862   126.667    -8.46    5.43
 148401.262   122.228   -11.92    6.04
 148773.702   116.970   -14.12    4.86
 149146.182   112.510   -11.98    5.08
 149518.700   108.365   -11.13    4.33
 149891.259   107.210    -3.10    4.29
 150263.856   110.682     9.32    8.43
 150636.494   117.263    17.66   10.82
 151009.170   124.256    18.77    8.43
 151381.887   128.561    11.55    6.50
 151754.642   130.820     6.06    5.57
 152127.438   131.391     1.53    5.45
 152500.273   132.377     2.64    4.89
 152873.147   133.240     2.32    4.70
 153246.061   134.968     4.63    4.33
 153619.015   135.970     2.69    3.28
 153992.009   134.579    -3.73    3.74
 154365.042   132.273    -6.19    4.70
 154738.114   129.244    -8.12    4.22
 155111.227   126.164    -8.25    2.97
 155484.379   123.630    -6.79    3.83
 155857.571   121.741    -5.06    3.66
 156230.802   121.298    -1.19    3.97
 156604.073   122.627     3.56    4.88
 156977.384   124.414     4.79    3.75
 157350.735   123.333    -2.90    4.36
 157724.125   118.614   -12.64    8.44
 158097.556   110.954   -20.52   11.65
 158471.026   100.820   -27.14   11.64
 158844.536    93.078   -20.73    8.72
 159218.085    87.323   -15.41    3.36
 159591.675    85.561    -4.72    1.67
 159965.304    85.070    -1.31    1.02
 160338.974    85.035    -0.09    1.00
 160712.683    85.894     2.30    2.11
 161086.432    86.937     2.79    2.67
 161460.221    87.544     1.62    2.44
 161834.050    88.216     1.80    2.33
 162207.919    88.175    -0.11    2.08
 162581.828    88.459     0.76    1.93
 162955.776    88.764     0.82    2.30
 163329.765    92.354     9.60    6.69
 163703.794    98.078    15.31   10.16
 164077.863   106.744    23.17   12.56
 164451.972   116.383    25.77   10.29
 164826.121   123.696    19.55    9.86
 165200.310   128.490    12.81    8.05
 165574.539   130.509     5.39    6.63
 165948.808   132.781     6.07    6.49
 166323.117   134.561     4.76    7.04
 166697.466   137.854     8.80    7.01
 167071.856   140.285     6.49    6.20
 167446.285   142.003     4.59    5.50
 167820.755   143.526     4.07    5.15
 168195.265   145.713     5.84    6.04
 168569.815   148.470     7.36    6.42
 168944.406   152.078     9.63    5.58
 169319.036   153.053     2.60    4.79
 169693.707   150.314    -7.31    7.29
 170068.418   146.354   -10.57    7.39
 170443.169   144.368    -5.30    7.76
 170817.961   144.834     1.24    9.31
 171192.793   145.871     2.77    8.97
 171567.665   142.940    -7.82    9.49
 171942.578   138.766   -11.14    9.75
 172317.531   136.344    -6.46    7.79
 172692.524   137.865     4.06    8.14
 173067.557   141.810    10.52    8.38
 173442.631   146.194    11.69    7.77
 173817.746   150.329    11.03    6.20
 174192.901   154.954    12.33    4.76
 174568.096   158.472     9.38    4.26
 174943.331   160.733     6.03    4.05
 175318.607   161.829     2.92    4.55
 175693.924   161.944     0.30    4.55
 176069.281   161.579    -0.97    4.46
 176444.679   161.458    -0.32    3.81
 176820.117   159.610    -4.92    4.24
 177195.595   156.458    -8.40    5.54
 177571.114   153.406    -8.13    5.75
 177946.674   149.960    -9.18    4.05
 178322.274   147.944    -5.37    2.72
