-338834.614    -7.310     0.00    0.00
-338457.276    -7.349    -0.10    0.28
-338079.904    -7.480    -0.35    0.70
-337702.499    -7.386     0.25    0.83
-337325.059    -7.426    -0.11    0.88
-336947.587    -7.389     0.10    0.74
-336570.080    -7.506    -0.31    0.75
-336192.540    -7.714    -0.55    0.87
-335814.966    -7.791    -0.20    0.90
-335437.359    -7.820    -0.08    0.87
-335059.718    -8.008    -0.50    0.91
-334682.043    -8.197    -0.50    0.91
-334309.703    -8.352    -0.42    1.05
-333938.591    -8.480    -0.35    1.44
-333567.446    -8.487    -0.02    1.51
-333196.270    -8.273     0.58    1.48
-332825.060    -8.178     0.25    1.44
-332453.818    -7.971     0.56    1.03
-332082.544    -7.849     0.33    0.87
-331711.237    -7.940    -0.25    0.78
-331339.898    -7.952    -0.03    0.74
-330968.526    -8.291    -0.91    1.23
-330597.121    -8.477    -0.50    1.56
-330225.684    -8.630    -0.41    1.73
-329854.214    -8.496     0.36    1.65
-329482.712    -8.428     0.18    1.51
-329111.177    -8.496    -0.18    1.57
-328739.609    -8.499    -0.01    1.66
-328368.009    -7.983     1.39    1.75
-327996.376    -7.892     0.25    1.74
-327624.711    -7.801     0.25    1.64
-327253.013    -7.747     0.15    1.54
-326881.282    -7.699     0.13    1.34
-326509.519    -7.496     0.55    0.97
-326137.723    -7.408     0.23    0.94
-325765.894    -7.349     0.16    0.88
-325394.032    -7.233     0.31    1.08
-325022.138    -7.141     0.25    1.03
-324650.211    -7.254    -0.30    1.31
-324278.252    -7.255    -0.00    1.45
-323906.259    -7.310    -0.15    1.33
-323534.234    -7.122     0.51    1.36
-323162.176    -6.971     0.41    1.30
-322790.085    -6.840     0.35    1.16
-322417.962    -6.866    -0.07    1.11
-322045.806    -6.733     0.36    1.35
-321673.617    -6.650     0.23    1.20
-321301.395    -6.386     0.71    1.24
-320929.140    -6.257     0.35    1.20
-320556.852    -6.254     0.01    1.22
-320184.532    -6.046     0.56    1.18
-319812.179    -6.165    -0.32    1.13
-319439.792    -6.232    -0.18    1.21
-319067.373    -6.401    -0.45    1.40
-318694.922    -6.630    -0.61    1.28
-318322.437    -7.014    -1.03    1.24
-317949.919    -7.499    -1.30    1.23
-317577.368    -7.387     0.30    1.27
-317204.785    -7.181     0.55    1.29
-316832.168    -6.593     1.58    1.51
-316459.519    -6.400     0.52    1.47
-316086.836    -6.218     0.49    1.50
-315714.121    -5.940     0.75    1.34
-315341.372    -5.522     1.12    1.43
-314968.591    -5.387     0.36    1.41
-314595.776    -5.349     0.10    1.73
-314222.929    -5.518    -0.45    1.68
-313850.048    -5.744    -0.61    1.56
-313477.135    -5.707     0.10    1.47
-313104.188    -5.763    -0.15    1.56
-312731.209    -5.744     0.05    1.51
-312358.196    -5.820    -0.20    1.23
-311985.150    -5.506     0.84    1.82
-311612.071    -5.236     0.72    1.75
-311238.959    -5.235     0.00    1.67
-310865.814    -5.596    -0.97    1.20
-310492.636    -5.763    -0.45    1.26
-310119.425    -5.910    -0.39    1.23
-309746.180    -6.405    -1.32    1.16
-309372.902    -6.952    -1.47    1.16
-308999.592    -7.384    -1.16    1.08
-308626.248    -7.350     0.09    1.16
-308252.870    -7.489    -0.37    1.11
-307879.460    -7.506    -0.05    1.17
-307506.016    -7.219     0.77    1.22
-307132.540    -7.178     0.11    1.27
-306759.030    -7.291    -0.30    1.39
-306385.486    -6.489     2.15    2.16
-306011.910    -5.938     1.47    2.45
-305638.300    -5.601     0.90    2.36
-305264.657    -4.791     2.17    2.18
-304890.980    -5.477    -1.83    2.39
-304517.271    -6.041    -1.51    2.54
-304143.528    -6.350    -0.83    2.35
-303769.752    -6.492    -0.38    2.06
-303395.942    -6.424     0.18    1.74
-303022.099    -6.147     0.74    1.71
-302648.223    -6.008     0.37    1.68
-302274.313    -5.537     1.26    2.29
-301900.370    -5.539    -0.01    2.25
-301526.394    -5.384     0.41    2.46
-301152.384    -5.065     0.85    2.42
-300778.341    -5.383    -0.85    2.02
-300404.264    -5.744    -0.97    1.95
-300030.154    -6.141    -1.06    1.74
-299656.011    -6.801    -1.76    1.94
-299281.834    -7.330    -1.41    1.78
-298907.623    -7.144     0.50    2.00
-298533.379    -6.707     1.17    1.99
-298159.102    -6.328     1.01    1.61
-297784.791    -5.612     1.91    1.60
-297410.447    -5.364     0.66    1.66
-297036.069    -5.384    -0.05    1.66
-296661.658    -5.612    -0.61    1.89
-296287.213    -5.947    -0.89    1.74
-295912.735    -6.530    -1.56    1.30
-295538.223    -6.132     1.06    1.29
-295163.677    -5.483     1.73    1.58
-294789.098    -4.747     1.97    1.77
-294414.486    -4.405     0.91    1.94
-294039.839    -4.537    -0.35    1.98
-293665.159    -4.989    -1.21    1.87
-293290.446    -5.467    -1.28    1.53
-292915.699    -5.435     0.08    1.76
-292540.918    -5.233     0.54    2.01
-292166.104    -5.122     0.30    2.20
-291791.256    -5.197    -0.20    2.31
-291416.374    -4.997     0.53    2.01
-291041.458    -5.275    -0.74    1.80
-290666.509    -5.254     0.06    1.56
-290291.526    -5.725    -1.26    1.76
-289916.510    -5.644     0.22    1.90
-289541.460    -5.857    -0.57    1.78
-289166.376    -5.945    -0.23    1.72
-288791.258    -5.707     0.64    1.66
-288416.106    -5.876    -0.45    1.58
-288040.921    -5.688     0.50    1.60
-287665.702    -5.791    -0.28    1.67
-287290.449    -5.935    -0.38    1.79
-286915.162    -5.421     1.37    1.69
-286539.842    -4.580     2.24    2.00
-286164.488    -4.347     0.62    1.99
-285789.100    -4.178     0.45    2.17
-285413.678    -4.221    -0.11    2.35
-285038.222    -4.820    -1.60    2.28
-284662.732    -4.945    -0.33    2.28
-284287.208    -4.718     0.60    2.04
-283911.651    -4.233     1.29    2.03
-283536.060    -3.292     2.50    2.19
-283160.434    -2.008     3.42    2.51
-282784.775    -1.792     0.57    2.48
-282409.082    -1.707     0.23    2.70
-282033.355    -2.235    -1.41    3.03
-281657.594    -2.983    -1.99    2.33
-281281.799    -3.010    -0.07    2.10
-280905.970    -2.183     2.20    2.33
-280530.107    -2.273    -0.24    2.24
-280154.210    -2.456    -0.49    2.14
-279778.279    -2.440     0.04    2.21
-279402.314    -2.405     0.09    1.99
-279026.315    -2.400     0.01    1.92
-278650.282    -2.270     0.34    1.81
-278274.214    -2.328    -0.15    1.54
-277898.113    -2.310     0.05    1.45
-277521.978    -2.122     0.50    1.59
-277145.809    -1.900     0.59    1.65
-276769.605    -1.964    -0.17    1.81
-276393.367    -2.219    -0.68    1.65
-276017.096    -2.367    -0.39    1.63
-275640.790    -1.940     1.13    1.88
-275264.450    -1.580     0.96    1.62
-274888.076    -1.830    -0.66    1.84
-274511.667    -1.903    -0.19    1.91
-274135.225    -2.144    -0.64    1.93
-273758.748    -2.084     0.16    2.02
-273382.237    -1.849     0.62    1.91
-273005.692    -2.019    -0.45    1.98
-272629.113    -1.918     0.27    2.16
-272252.499    -1.348     1.51    2.26
-271875.851    -0.829     1.38    2.69
-271499.169    -0.347     1.28    2.66
-271122.453    -0.810    -1.23    2.78
-270745.702    -1.637    -2.19    2.73
-270368.917    -1.699    -0.16    2.49
-269992.098    -2.386    -1.82    1.66
-269615.245    -2.383     0.01    1.55
-269238.357    -2.233     0.40    1.53
-268861.435    -2.239    -0.01    1.75
-268484.478    -1.367     2.31    2.83
-268107.487    -0.406     2.55    2.88
-267730.462    -0.185     0.59    2.57
-267353.402    -0.526    -0.90    2.72
-266976.308    -1.060    -1.42    2.05
-266599.180    -1.503    -1.17    2.06
-266222.017    -1.755    -0.67    2.16
-265844.820    -0.983     2.05    2.73
-265467.588    -1.574    -1.57    2.74
-265090.322    -1.533     0.11    2.80
-264713.021    -1.251     0.74    2.79
-264335.686    -1.882    -1.67    2.19
-263958.317    -1.903    -0.06    1.83
-263580.913    -2.027    -0.33    1.60
-263203.474    -2.167    -0.37    1.31
-262826.001    -1.997     0.45    1.76
-262448.494    -1.971     0.07    1.98
-262070.951    -1.782     0.50    2.23
-261693.375    -1.421     0.95    2.25
-261315.764    -1.474    -0.14    2.10
-260938.118    -1.424     0.13    1.98
-260560.437    -1.435    -0.03    1.84
-260182.722    -1.080     0.94    1.69
-259804.973    -1.144    -0.17    1.70
-259432.252    -1.178    -0.09    1.75
-259061.242    -1.782    -1.63    1.48
-258690.199    -2.440    -1.77    1.47
-258319.123    -2.612    -0.46    1.42
-257948.014    -2.681    -0.18    1.42
-257576.871    -2.442     0.64    1.73
-257205.695    -1.329     3.00    2.04
-256834.485    -0.580     2.02    2.27
-256463.242     0.486     2.87    2.14
-256091.966     1.497     2.72    1.57
-255720.656     1.399    -0.27    1.72
-255349.313     1.219    -0.48    1.84
-254977.937     0.583    -1.71    2.08
-254606.527    -0.480    -2.86    1.83
-254235.083    -1.365    -2.38    1.50
-253863.606    -1.656    -0.78    1.38
-253492.096    -1.755    -0.27    1.37
-253120.552    -1.382     1.00    1.23
-252748.975    -1.310     0.19    1.23
-252377.364    -1.792    -1.30    1.72
-252005.720    -2.426    -1.70    1.99
-251634.042    -2.773    -0.93    1.82
-251262.331    -2.329     1.20    1.84
-250890.586    -1.688     1.72    1.92
-250518.808    -0.773     2.46    1.77
-250146.996    -0.218     1.49    1.73
-249775.151     0.245     1.24    1.68
-249403.272     0.482     0.64    1.72
-249031.359     1.010     1.42    1.78
-248659.413     1.356     0.93    1.63
-248287.433     1.579     0.60    1.89
-247915.419     0.897    -1.83    2.37
-247543.372    -0.078    -2.62    2.30
-247171.292    -0.405    -0.88    2.44
-246799.177    -1.060    -1.76    2.14
-246427.029    -1.625    -1.52    1.97
-246054.848    -1.977    -0.95    1.60
-245682.632    -1.435     1.45    1.96
-245310.383    -0.997     1.18    2.35
-244938.100    -0.601     1.06    2.48
-244565.784    -0.156     1.19    2.26
-244193.433     0.153     0.83    1.89
-243821.049     0.574     1.13    1.65
-243448.632     0.827     0.68    1.72
-243076.180     0.504    -0.87    1.80
-242703.695     0.116    -1.04    1.98
-242331.176    -0.435    -1.48    1.85
-241958.623    -0.868    -1.16    1.61
-241586.036    -0.725     0.38    1.56
-241213.416    -0.742    -0.04    1.65
-240840.761    -1.033    -0.78    1.78
-240468.073    -1.537    -1.35    1.85
-240095.351    -2.203    -1.79    1.56
-239722.595    -2.008     0.52    1.51
-239349.806    -1.542     1.25    1.86
-238976.982    -1.386     0.42    1.73
-238604.125    -0.971     1.11    1.48
-238231.233    -0.882     0.24    1.23
-237858.308    -1.110    -0.61    1.28
-237485.349    -1.383    -0.73    1.51
-237112.355    -2.348    -2.59    2.17
-236739.328    -3.125    -2.08    2.34
-236366.267    -3.405    -0.75    1.91
-235993.172    -3.075     0.88    1.87
-235620.043    -2.507     1.52    1.84
-235246.880    -1.921     1.57    1.80
-234873.683    -2.218    -0.79    1.95
-234500.452    -2.868    -1.74    1.86
-234127.187    -3.384    -1.38    2.02
-233753.887    -4.150    -2.05    1.49
-233380.554    -3.940     0.56    1.91
-233007.187    -3.367     1.53    2.23
-232633.786    -3.038     0.88    2.04
-232260.350    -2.839     0.53    1.78
-231886.881    -2.940    -0.27    1.74
-231513.377    -3.033    -0.25    1.78
-231139.839    -2.971     0.17    1.87
-230766.268    -2.542     1.15    1.94
-230392.662    -2.470     0.19    1.95
-230019.022    -1.792     1.81    1.90
-229645.347    -1.656     0.37    1.72
-229271.639    -1.910    -0.68    1.64
-228897.896    -2.347    -1.17    1.62
-228524.119    -2.514    -0.45    1.95
-228150.308    -2.435     0.21    2.27
-227776.463    -1.964     1.26    2.52
-227402.584    -1.650     0.84    2.44
-227028.670    -2.099    -1.20    2.42
-226654.722    -2.884    -2.10    3.00
-226280.740    -3.496    -1.63    3.03
-225906.723    -3.801    -0.82    3.37
-225532.672    -3.038     2.04    3.71
-225158.587    -1.518     4.06    3.53
-224784.468    -1.310     0.55    2.99
-224410.314    -0.902     1.09    2.10
-224036.126    -1.107    -0.55    2.27
-223661.904    -1.533    -1.14    2.48
-223287.647    -0.989     1.45    2.96
-222913.356    -1.125    -0.36    3.15
-222539.030    -1.382    -0.69    3.32
-222164.671    -1.518    -0.36    3.60
-221790.276    -2.159    -1.71    3.36
-221415.848    -1.201     2.56    3.38
-221041.385     0.070     3.39    4.29
-220666.887    -0.257    -0.87    4.64
-220292.355    -1.588    -3.55    5.19
-219917.789    -2.292    -1.88    5.07
-219543.188    -2.644    -0.94    4.42
-219168.553    -1.755     2.37    4.12
-218793.883    -0.114     4.38    3.04
-218419.179    -1.197    -2.89    2.67
-218044.440    -0.739     1.22    2.73
-217669.667    -0.624     0.31    3.07
-217294.859    -0.366     0.69    3.09
-216920.016    -1.181    -2.17    3.51
-216545.139    -1.839    -1.75    3.27
-216170.228    -0.929     2.43    3.36
-215795.282    -0.518     1.09    3.48
-215420.301    -0.383     0.36    3.73
-215045.286    -1.030    -1.73    4.04
-214670.236    -1.292    -0.70    3.26
-214295.151    -1.440    -0.39    3.40
-213920.032    -0.846     1.58    3.68
-213544.879     0.151     2.66    3.89
-213169.690    -0.218    -0.98    4.01
-212794.467     1.023     3.31    4.10
-212419.209     1.048     0.07    4.07
-212043.917     0.636    -1.10    4.45
-211668.590     1.003     0.98    4.76
-211293.228     0.797    -0.55    4.89
-210917.831     0.430    -0.98    4.65
-210542.400     0.153    -0.74    4.26
-210166.934     0.333     0.48    3.95
-209791.433    -0.176    -1.35    3.55
-209415.897     0.386     1.50    2.98
-209040.327     0.305    -0.22    3.88
-208664.722    -0.492    -2.12    3.92
-208289.082     0.105     1.59    4.26
-207913.407     0.611     1.35    4.34
-207537.697     0.225    -1.03    3.94
-207161.953     1.282     2.81    4.08
-206786.173     0.875    -1.08    4.73
-206410.359     0.435    -1.17    4.88
-206034.510     0.326    -0.29    4.05
-205658.626     0.180    -0.39    2.89
-205282.707     0.654     1.26    2.72
-204906.753     0.912     0.69    2.47
-204530.765     0.981     0.18    2.95
-204154.741     0.444    -1.43    3.49
-203778.683     1.613     3.11    3.65
-203402.589     1.153    -1.22    3.82
-203026.461     0.369    -2.08    3.28
-202650.297     1.493     2.99    4.16
-202274.099     1.153    -0.91    4.67
-201897.865     2.171     2.71    4.44
-201521.597     2.162    -0.02    4.33
-201145.293     1.407    -2.01    3.17
-200768.955     1.453     0.12    2.98
-200392.581     2.590     3.02    4.50
-200016.173     1.547    -2.77    5.14
-199639.729     0.449    -2.92    5.46
-199263.250    -0.914    -3.62    4.93
-198886.737    -1.900    -2.62    3.22
-198510.188    -0.952     2.52    3.37
-198133.604     0.761     4.55    3.87
-197756.984     0.651    -0.29    4.04
-197380.330     0.799     0.39    4.12
-197003.641     0.671    -0.34    4.47
-196626.916    -0.782    -3.86    4.12
-196250.156    -1.001    -0.58    3.48
-195873.361    -0.574     1.13    3.13
-195496.531    -0.056     1.38    2.63
-195119.665     0.730     2.08    2.25
-194742.765     0.508    -0.59    1.73
-194365.829     1.463     2.53    2.93
-193988.858     2.199     1.95    3.90
-193611.851     2.247     0.13    4.25
-193234.810     2.282     0.09    4.04
-192857.733     1.801    -1.28    3.21
-192480.621     1.959     0.42    3.38
-192103.473     2.618     1.75    3.22
-191726.290     2.653     0.09    3.48
-191349.072     1.922    -1.94    2.78
-190971.819     2.940     2.70    3.34
-190594.530     3.116     0.47    3.55
-190217.206     3.053    -0.17    3.71
-189839.846     3.850     2.11    3.12
-189462.451     2.654    -3.17    2.70
-189085.021     2.708     0.14    2.82
-188707.555     3.144     1.15    2.89
-188330.054     3.047    -0.26    2.83
-187952.517     3.190     0.38    2.57
-187574.945     3.490     0.79    2.60
-187197.338     4.209     1.90    2.83
-186819.695     4.542     0.88    2.96
-186442.016     4.579     0.10    2.77
-186064.302     3.690    -2.35    2.18
-185686.553     2.904    -2.08    2.08
-185308.768     3.264     0.95    2.27
-184930.947     3.967     1.86    2.52
-184557.762     4.219     0.67    2.41
-184186.855     4.526     0.83    2.32
-183815.914     3.935    -1.59    2.49
-183444.938     3.381    -1.49    2.72
-183073.929     3.467     0.23    2.83
-182702.885     3.458    -0.03    2.82
-182331.807     3.482     0.07    2.58
-181960.695     3.356    -0.34    2.28
-181589.548     3.529     0.47    2.04
-181218.368     4.237     1.91    2.30
-180847.153     4.583     0.93    2.05
-180475.903     4.747     0.44    2.16
-180104.620     4.350    -1.07    2.52
-179733.302     4.143    -0.56    2.51
-179361.950     4.708     1.52    2.58
-178990.564     4.560    -0.40    2.41
-178619.143     4.745     0.50    2.27
-178247.688     4.154    -1.59    2.04
-177876.199     3.930    -0.60    2.16
-177504.675     3.393    -1.45    2.27
-177133.117     3.286    -0.29    2.44
-176761.525     4.017     1.97    2.61
-176389.898     4.113     0.26    2.62
-176018.237     4.172     0.16    2.58
-175646.542     4.151    -0.06    2.84
-175274.812     4.797     1.74    3.49
-174903.047     5.116     0.86    3.70
-174531.248     6.245     3.04    2.99
-174159.415     5.708    -1.45    2.42
-173787.547     5.023    -1.84    2.24
-173415.645     4.797    -0.61    2.42
-173043.708     4.670    -0.34    2.51
-172671.737     4.504    -0.45    2.41
-172299.731     4.440    -0.17    2.13
-171927.691     4.544     0.28    2.48
-171555.616     4.426    -0.32    2.27
-171183.507     5.154     1.96    2.94
-170811.363     5.067    -0.23    2.92
-170439.185     5.290     0.60    2.77
-170066.972     5.797     1.36    2.67
-169694.724     4.967    -2.23    2.14
-169322.442     5.493     1.41    1.99
-168950.125     5.450    -0.12    1.72
-168577.774     5.235    -0.58    1.87
-168205.388     4.803    -1.16    1.98
-167832.967     4.199    -1.62    2.12
-167460.512     3.875    -0.87    2.09
-167088.022     3.973     0.26    2.01
-166715.497     4.600     1.68    1.97
-166342.937     5.504     2.43    2.06
-165970.343     6.108     1.62    1.75
-165597.715     6.369     0.70    1.55
-165225.051     6.799     1.15    1.69
-164852.353     7.344     1.46    1.58
-164479.620     7.599     0.68    1.89
-164106.852     8.017     1.12    1.83
-163734.049     8.136     0.32    1.79
-163361.212     8.097    -0.10    1.87
-162988.340     8.271     0.47    1.69
-162615.433     7.993    -0.75    1.61
-162242.491     8.170     0.48    1.61
-161869.515     8.350     0.48    1.43
-161496.503     8.670     0.86    1.54
-161123.457     8.671     0.00    1.38
-160750.376     8.875     0.55    1.30
-160377.260     8.973     0.26    1.23
-160004.109     9.635     1.77    1.86
-159630.924    10.004     0.99    2.09
-159257.703    10.243     0.64    2.13
-158884.447    10.338     0.25    1.68
-158511.157    10.144    -0.52    1.60
-158137.831     9.747    -1.06    1.46
-157764.471    10.225     1.28    1.91
-157391.076    10.407     0.49    2.02
-157017.645    10.279    -0.34    2.07
-156644.180    10.326     0.13    2.15
-156270.679     9.762    -1.51    1.63
-155897.144     9.618    -0.39    1.40
-155523.574    10.208     1.58    1.78
-155149.968    11.118     2.44    1.94
-154776.328    12.247     3.02    2.09
-154402.652    12.404     0.42    2.05
-154028.942    12.161    -0.65    1.94
-153655.196    12.053    -0.29    1.71
-153281.415    11.581    -1.26    1.54
-152907.599    11.653     0.19    1.40
-152533.748    11.529    -0.33    1.72
-152159.862    11.393    -0.36    1.85
-151785.941    11.253    -0.37    1.78
-151411.985    11.574     0.86    1.91
-151037.993    11.743     0.45    1.81
-150663.966    12.293     1.47    1.92
-150289.904    12.386     0.25    1.88
-149915.807    12.023    -0.97    1.74
-149541.675    11.781    -0.65    1.47
-149167.507    11.725    -0.15    1.51
-148793.305    11.878     0.41    2.22
-148419.067    12.315     1.17    2.15
-148044.793    12.651     0.90    2.09
-147670.485    12.690     0.10    1.92
-147296.141    12.486    -0.54    1.59
-146921.762    12.180    -0.82    1.59
-146547.347    12.297     0.31    1.73
-146172.898    12.393     0.26    1.67
-145798.412    12.199    -0.52    1.67
-145423.892    12.108    -0.24    1.37
-145049.336    11.958    -0.40    1.23
-144674.745    11.959     0.00    1.12
-144300.119    12.208     0.66    1.13
-143925.457    12.326     0.32    1.09
-143550.759    12.565     0.64    1.31
-143176.027    13.079     1.37    1.32
-142801.259    13.616     1.43    1.60
-142426.455    13.761     0.39    1.69
-142051.616    13.959     0.53    2.12
-141676.742    14.154     0.52    2.06
-141301.832    13.822    -0.89    1.86
-140926.886    13.208    -1.64    1.76
-140551.905    12.599    -1.62    1.76
-140176.889    12.504    -0.25    1.63
-139801.837    12.654     0.40    1.58
-139426.750    12.949     0.79    1.10
-139051.627    12.908    -0.11    1.05
-138676.468    13.105     0.52    1.34
-138301.274    13.217     0.30    1.37
-137926.044    13.218     0.00    1.44
-137550.779    13.475     0.69    1.32
-137175.478    13.614     0.37    1.34
-136800.142    13.875     0.69    1.30
-136424.770    13.958     0.22    1.43
-136049.362    14.113     0.41    1.43
-135673.919    14.475     0.97    1.37
-135298.440    14.709     0.62    1.18
-134922.925    14.975     0.71    0.91
-134547.375    15.134     0.42    1.06
-134171.788    15.356     0.59    1.08
-133796.167    15.743     1.03    1.10
-133420.509    15.935     0.51    1.07
-133044.816    16.208     0.73    1.08
-132669.087    16.440     0.62    1.08
-132293.322    16.708     0.71    1.01
-131917.522    16.986     0.74    1.00
-131541.685    17.471     1.29    1.13
-131165.813    17.779     0.82    1.01
-130789.905    17.999     0.58    0.92
-130413.962    18.111     0.30    0.98
-130037.982    18.074    -0.10    1.01
-129661.967    17.815    -0.69    1.01
-129285.916    17.542    -0.73    0.94
-128909.829    17.350    -0.51    0.86
-128533.706    17.444     0.25    0.87
-128157.547    17.671     0.60    1.01
-127781.352    18.100     1.14    1.01
-127405.122    18.463     0.96    0.95
-127028.855    18.526     0.17    0.92
-126652.553    18.727     0.54    0.85
-126276.214    18.690    -0.10    0.97
-125899.840    18.547    -0.38    1.05
-125523.429    18.381    -0.44    1.09
-125146.983    18.100    -0.74    1.01
-124770.501    17.973    -0.34    0.95
-124393.982    17.912    -0.16    0.88
-124017.428    17.859    -0.14    0.89
-123640.838    17.326    -1.42    1.24
-123264.211    16.871    -1.21    1.36
-122887.549    16.672    -0.53    1.47
-122510.850    16.614    -0.15    1.49
-122134.115    16.949     0.89    1.44
-121757.345    17.290     0.90    1.26
-121380.538    17.420     0.35    1.21
-121003.695    17.797     1.00    1.26
-120626.816    18.090     0.78    1.24
-120249.901    18.368     0.74    1.01
-119872.949    18.404     0.09    0.91
-119495.962    18.467     0.17    0.95
-119118.938    18.261    -0.55    1.04
-118741.878    18.113    -0.39    1.07
-118364.782    18.011    -0.27    0.97
-117987.650    17.838    -0.46    1.05
-117610.481    17.765    -0.19    1.02
-117233.276    17.797     0.08    0.97
-116856.035    17.579    -0.58    0.95
-116478.758    17.618     0.11    0.91
-116101.444    17.574    -0.12    0.94
-115724.095    17.444    -0.35    1.23
-115346.708    17.308    -0.36    1.37
-114969.286    16.672    -1.69    1.84
-114591.827    16.279    -1.04    2.10
-114214.332    16.042    -0.63    2.22
-113836.801    16.617     1.52    2.55
-113459.233    17.574     2.54    2.09
-113081.629    18.100     1.39    1.29
-112703.988    18.108     0.02    1.24
-112326.311    18.118     0.03    1.22
-111948.598    18.118     0.00    1.02
-111570.848    18.393     0.73    1.04
-111193.061    18.690     0.78    0.97
-110815.239    19.074     1.02    0.77
-110437.380    19.225     0.40    0.69
-110059.484    19.271     0.12    0.63
-109685.753    19.467     0.52    0.42
-109314.955    19.386    -0.22    0.54
-108944.121    19.362    -0.06    0.55
-108573.252    19.286    -0.21    0.59
-108202.349    19.153    -0.36    0.72
-107831.410    18.602    -1.48    1.18
-107460.436    18.209    -1.06    1.15
-107089.427    17.797    -1.11    1.11
-106718.383    17.444    -0.95    1.02
-106347.304    17.565     0.32    0.99
-105976.189    17.471    -0.25    1.03
-105605.040    17.637     0.45    0.97
-105233.855    17.618    -0.05    0.95
-104862.636    17.453    -0.44    0.86
-104491.381    17.565     0.30    0.97
-104120.091    17.727     0.44    0.91
-103748.765    17.356    -1.00    1.26
-103377.405    16.671    -1.85    1.60
-103006.009    15.883    -2.12    1.60
-102634.578    15.517    -0.99    1.35
-102263.112    15.815     0.80    1.39
-101891.611    16.035     0.59    1.42
-101520.074    16.422     1.04    1.31
-101148.502    16.671     0.67    1.17
-100776.895    16.562    -0.29    1.19
-100405.252    16.600     0.10    1.30
-100033.574    16.544    -0.15    1.50
 -99661.861    16.743     0.54    1.54
 -99290.113    16.940     0.53    1.49
 -98918.329    17.079     0.37    1.48
 -98546.510    17.199     0.32    1.12
 -98174.655    17.199    -0.00    1.15
 -97802.765    17.463     0.71    1.22
 -97430.840    17.636     0.46    1.13
 -97058.879    17.599    -0.10    1.24
 -96686.883    17.508    -0.24    1.25
 -96314.851    17.279    -0.62    1.25
 -95942.784    17.023    -0.69    1.15
 -95570.682    17.100     0.21    1.16
 -95198.544    17.286     0.50    1.18
 -94826.370    17.458     0.46    1.11
 -94454.161    17.444    -0.04    1.07
 -94081.917    17.453     0.02    1.22
 -93709.637    17.171    -0.76    1.18
 -93337.322    16.835    -0.90    1.08
 -92964.971    16.635    -0.54    1.10
 -92592.584    16.162    -1.27    1.18
 -92220.162    16.136    -0.07    1.40
 -91847.704    16.486     0.94    1.41
 -91475.211    16.904     1.12    1.51
 -91102.682    16.978     0.20    1.55
 -90730.118    17.100     0.33    1.70
 -90357.518    17.319     0.59    1.67
 -89984.882    17.321     0.01    1.54
 -89612.211    17.636     0.84    1.30
 -89239.504    17.653     0.05    1.07
 -88866.761    17.600    -0.14    1.15
 -88493.983    16.782    -2.19    1.67
 -88121.169    15.815    -2.60    2.02
 -87748.319    15.042    -2.07    1.89
 -87375.434    14.636    -1.09    1.34
 -87002.513    15.143     1.36    1.61
 -86629.556    16.029     2.38    1.49
 -86256.563    16.690     1.77    1.39
 -85883.535    16.993     0.81    1.17
 -85510.471    16.850    -0.38    1.20
 -85137.371    16.781    -0.19    1.27
 -84764.235    16.493    -0.77    1.26
 -84391.063    16.388    -0.28    1.39
 -84017.856    16.422     0.09    1.39
 -83644.613    16.670     0.67    1.26
 -83271.334    16.690     0.05    1.26
 -82898.019    16.762     0.19    1.23
 -82524.668    16.993     0.62    1.23
 -82151.281    17.362     0.99    1.20
 -81777.859    17.744     1.02    1.22
 -81404.400    17.993     0.67    1.26
 -81030.906    18.282     0.77    1.19
 -80657.375    18.136    -0.39    1.23
 -80283.809    17.805    -0.89    1.26
 -79910.207    17.583    -0.60    1.27
 -79536.569    17.690     0.29    1.39
 -79162.895    17.708     0.05    1.51
 -78789.184    17.440    -0.72    1.53
 -78415.438    17.172    -0.72    1.50
 -78041.656    16.636    -1.43    1.52
 -77667.838    16.356    -0.75    1.45
 -77293.984    16.029    -0.88    1.43
 -76920.093    15.819    -0.56    1.29
 -76546.167    16.047     0.61    1.31
 -76172.205    16.597     1.47    1.58
 -75798.206    17.547     2.54    1.37
 -75424.171    18.011     1.24    1.16
 -75050.101    18.279     0.72    1.01
 -74675.994    18.620     0.91    1.07
 -74301.851    18.841     0.59    1.06
 -73927.672    18.993     0.41    1.01
 -73553.456    19.209     0.58    0.96
 -73179.205    19.315     0.28    0.82
 -72804.917    19.344     0.08    0.70
 -72430.593    19.237    -0.29    0.80
 -72056.233    19.216    -0.06    0.71
 -71681.837    19.199    -0.05    0.72
 -71307.404    19.100    -0.26    0.76
 -70932.936    19.053    -0.13    0.75
 -70558.431    18.900    -0.41    0.77
 -70183.889    18.613    -0.77    0.86
 -69809.312    18.511    -0.27    0.96
 -69434.698    18.672     0.43    1.05
 -69060.048    18.672     0.00    1.08
 -68685.361    18.690     0.05    1.05
 -68310.638    18.690     0.00    1.07
 -67935.879    18.386    -0.81    1.14
 -67561.084    18.388     0.00    1.12
 -67186.252    18.583     0.52    1.19
 -66811.383    18.890     0.82    1.22
 -66436.479    19.350     1.23    1.12
 -66061.538    19.529     0.48    1.37
 -65686.560    19.565     0.10    1.76
 -65311.546    19.565     0.00    1.85
 -64936.496    19.726     0.43    1.87
 -64561.409    20.047     0.86    1.37
 -64186.286    20.151     0.28    0.70
 -63811.126    20.154     0.01    0.71
 -63435.930    19.949    -0.55    0.65
 -63060.697    19.868    -0.22    0.66
 -62685.427    19.618    -0.67    0.81
 -62310.122    19.381    -0.63    0.79
 -61934.779    19.261    -0.32    0.74
 -61559.400    19.124    -0.37    0.77
 -61183.985    19.315     0.51    0.68
 -60808.533    19.633     0.85    0.72
 -60433.044    19.833     0.53    0.59
 -60057.519    19.890     0.15    0.56
 -59681.957    19.777    -0.30    0.54
 -59306.358    19.544    -0.62    0.65
 -58930.723    19.344    -0.53    0.64
 -58555.051    19.286    -0.15    0.65
 -58179.343    19.228    -0.15    0.73
 -57803.598    19.172    -0.15    0.91
 -57427.816    19.134    -0.10    0.95
 -57051.997    19.041    -0.25    0.95
 -56676.142    19.029    -0.03    0.94
 -56300.250    19.083     0.14    0.95
 -55924.321    19.333     0.66    1.00
 -55548.356    19.784     1.20    0.81
 -55172.353    20.279     1.32    0.91
 -54796.314    20.859     1.54    0.99
 -54420.238    21.479     1.65    1.31
 -54044.126    21.797     0.84    1.23
 -53667.976    21.760    -0.10    1.27
 -53291.790    21.435    -0.86    1.28
 -52915.567    20.799    -1.69    1.03
 -52539.307    20.093    -1.88    0.92
 -52163.010    19.574    -1.38    0.94
 -51786.676    19.350    -0.59    0.90
 -51410.306    18.926    -1.13    1.14
 -51033.898    18.795    -0.35    1.13
 -50657.454    18.760    -0.09    1.13
 -50280.972    18.565    -0.52    1.19
 -49904.454    18.475    -0.24    1.11
 -49527.899    18.363    -0.30    1.12
 -49151.306    18.532     0.45    1.00
 -48774.677    18.368    -0.43    1.06
 -48398.011    18.261    -0.28    1.13
 -48021.308    17.958    -0.81    1.26
 -47644.567    17.868    -0.24    1.18
 -47267.790    17.620    -0.66    1.18
 -46890.976    17.784     0.44    1.18
 -46514.124    18.154     0.98    1.09
 -46137.236    17.803    -0.93    1.41
 -45760.310    18.011     0.55    1.48
 -45383.348    18.412     1.06    1.61
 -45006.348    18.671     0.69    1.66
 -44629.311    18.815     0.38    1.28
 -44252.237    18.671    -0.38    1.25
 -43875.126    18.672     0.00    0.96
 -43497.978    18.878     0.55    0.94
 -43120.792    19.356     1.27    1.04
 -42743.569    19.708     0.93    1.08
 -42366.310    19.762     0.14    0.86
 -41989.013    19.953     0.50    0.70
 -41611.678    19.926    -0.07    0.58
 -41234.307    20.076     0.40    0.65
 -40856.898    20.275     0.53    0.72
 -40479.452    20.243    -0.08    0.69
 -40101.969    20.225    -0.05    0.66
 -39724.448    20.181    -0.12    0.63
 -39346.890    20.111    -0.19    0.65
 -38969.295    20.293     0.48    0.74
 -38591.662    20.812     1.37    0.98
 -38213.992    21.331     1.37    1.02
 -37836.285    21.549     0.58    0.93
 -37458.541    21.475    -0.20    1.09
 -37080.759    21.083    -1.04    1.09
 -36702.939    20.672    -1.09    1.02
 -36325.083    20.482    -0.50    0.93
 -35947.188    20.418    -0.17    0.85
 -35569.257    20.523     0.28    0.84
 -35191.288    20.511    -0.03    0.81
 -34816.918    20.671     0.43    0.93
 -34446.228    20.904     0.63    1.00
 -34075.501    21.108     0.55    0.96
 -33704.739    21.565     1.23    0.99
 -33333.941    21.935     1.00    0.97
 -32963.107    22.116     0.49    1.02
 -32592.236    22.565     1.21    1.27
 -32221.330    23.151     1.58    1.13
 -31850.388    23.777     1.69    1.30
 -31479.410    24.430     1.76    1.15
 -31108.396    24.391    -0.11    1.18
 -30737.345    24.653     0.71    1.17
 -30366.259    24.900     0.67    1.21
 -29995.137    25.172     0.73    1.22
 -29623.979    25.547     1.01    1.03
 -29252.784    25.584     0.10    0.99
 -28881.553    25.762     0.48    1.07
 -28510.287    26.011     0.67    1.31
 -28138.984    26.331     0.86    1.39
 -27767.645    26.458     0.34    1.39
 -27396.270    26.523     0.18    1.42
 -27024.859    26.672     0.40    1.30
 -26653.412    26.725     0.14    1.16
 -26281.928    27.234     1.37    1.30
 -25910.408    27.815     1.56    1.45
 -25538.852    28.404     1.59    1.38
 -25167.260    28.742     0.91    1.46
 -24795.632    29.199     1.23    1.26
 -24423.967    29.243     0.12    1.36
 -24052.266    29.501     0.69    1.52
 -23680.529    29.618     0.32    1.49
 -23308.756    29.978     0.97    1.40
 -22936.946    30.883     2.43    1.42
 -22565.100    31.690     2.17    1.37
 -22193.218    32.532     2.26    1.28
 -21821.299    33.208     1.82    1.46
 -21449.344    33.761     1.49    1.48
 -21077.353    35.047     3.46    1.74
 -20705.325    35.799     2.02    1.72
 -20333.261    36.547     2.01    1.76
 -19961.161    37.486     2.52    1.93
 -19589.024    38.261     2.08    2.03
 -19216.851    38.901     1.72    1.79
 -18844.641    39.409     1.36    1.67
 -18472.395    39.671     0.71    1.73
 -18100.113    39.953     0.76    1.56
 -17727.794    40.162     0.56    1.44
 -17355.438    39.886    -0.74    1.34
 -16983.046    39.368    -1.39    1.50
 -16610.618    38.560    -2.17    1.65
 -16238.153    37.315    -3.34    1.73
 -15865.652    35.930    -3.72    1.65
 -15493.114    34.815    -2.99    1.67
 -15120.539    33.824    -2.66    1.60
 -14747.928    32.448    -3.69    2.05
 -14375.280    30.581    -5.01    2.31
 -14002.596    28.777    -4.84    2.47
 -13629.875    27.071    -4.58    1.98
 -13257.118    25.690    -3.71    1.81
 -12884.324    24.672    -2.73    1.64
 -12511.493    23.930    -1.99    1.54
 -12138.625    23.427    -1.35    1.40
 -11765.721    23.004    -1.13    1.46
 -11392.781    22.707    -0.80    1.49
 -11019.803    22.986     0.75    1.85
 -10646.789    22.918    -0.18    1.83
 -10273.738    22.618    -0.80    2.06
  -9900.651    21.926    -1.86    2.43
  -9527.527    20.547    -3.70    1.55
  -9154.366    19.799    -2.00    0.69
  -8781.168    19.707    -0.25    0.48
  -8407.933    19.767     0.16    0.33
  -8034.662    17.743    -5.42    4.93
  -7661.354    14.326    -9.15    7.12
  -7288.009     9.654   -12.51    7.29
  -6914.627     5.833   -10.23    4.68
  -6541.209     4.065    -4.73    1.30
  -6167.753     4.261     0.53    1.28
  -5794.261     4.381     0.32    1.27
  -5420.732     4.620     0.64    1.31
  -5047.166     4.922     0.81    1.56
  -4673.563     5.103     0.49    1.94
  -4299.923     4.709    -1.06    2.45
  -3926.246     4.083    -1.68    2.99
  -3552.533     3.163    -2.46    3.11
  -3178.782     2.404    -2.03    3.03
  -2804.995     2.958     1.48    5.79
  -2431.170     2.922    -0.10    6.59
  -2057.308     2.279    -1.72    6.52
  -1683.410     1.245    -2.76    4.69
  -1309.474     0.672    -1.53    3.19
   -935.502     0.726     0.14    3.36
   -561.492     0.552    -0.47    2.21
   -187.445     0.654     0.27    2.44
    186.638     0.883     0.61    2.82
    560.759     1.128     0.66    3.44
    934.917     1.243     0.31    2.97
   1309.112     2.497     3.35    5.96
   1683.344     4.023     4.08    7.80
   2057.614     5.368     3.59    9.35
   2431.920     6.844     3.94   10.44
   2806.263     6.427    -1.11   10.38
   3180.644     6.344    -0.22   10.32
   3555.062     6.234    -0.30   10.15
   3929.517     4.940    -3.46    9.10
   4304.009     4.940     0.00    8.66
   4678.539     4.514    -1.14    7.94
   5053.106     4.440    -0.20    7.64
   5427.710     4.511     0.19    7.72
   5802.351     4.838     0.87    8.03
   6177.029     4.029    -2.16    8.01
   6551.745     4.634     1.61    8.68
   6926.498     4.391    -0.65    8.52
   7301.288     5.368     2.61    8.52
   7676.116     5.922     1.48    8.43
   8050.981     7.251     3.55    8.72
   8425.883     9.835     6.89    9.28
   8800.823    13.339     9.34    9.01
   9175.800    16.199     7.63    7.77
   9550.815    18.760     6.83    5.80
   9925.867    19.868     2.96    4.04
  10300.956    20.690     2.19    1.01
  10676.082    20.935     0.65    0.95
  11051.247    21.035     0.27    0.93
  11426.448    21.083     0.13    0.93
  11801.687    20.690    -1.05    0.95
  12176.964    20.422    -0.71    0.92
  12552.278    20.225    -0.52    0.76
  12927.629    20.035    -0.51    0.64
  13303.018    20.029    -0.01    0.58
  13678.445    19.958    -0.19    0.52
  14053.909    19.988     0.08    0.60
  14429.410    20.017     0.08    0.64
  14804.949    20.093     0.20    0.68
  15180.526    20.132     0.10    0.64
  15556.140    20.208     0.20    0.85
  15931.792    19.838    -0.98    3.09
  16307.482    17.970    -4.97    6.12
  16683.209    17.023    -2.52    6.97
  17058.974    16.672    -0.93    7.16
  17434.776    16.988     0.84    6.80
  17810.617    17.520     1.42    6.34
  18186.494    19.023     4.00    4.03
  18562.410    19.417     1.05    3.47
  18938.363    20.374     2.55    1.20
  19314.354    20.600     0.60    1.24
  19690.383    20.883     0.75    1.08
  20066.449    21.198     0.84    1.07
  20442.553    20.393    -2.14    4.04
  20818.695    16.940    -9.18    7.87
  21194.875    12.935   -10.65    8.95
  21571.093     9.146   -10.07    7.70
  21947.348     5.726    -9.09    3.72
  22323.641     4.779    -2.52    2.08
  22699.972     4.707    -0.19    2.01
  23076.341     4.908     0.53    2.02
  23452.748     4.948     0.11    1.76
  23829.192     5.035     0.23    1.59
  24205.675     4.900    -0.36    1.40
  24582.195     5.116     0.57    1.54
  24958.753     5.029    -0.23    1.46
  25335.350     4.562    -1.24    1.55
  25711.984     4.368    -0.52    1.44
  26088.656     4.011    -0.95    1.32
  26465.366     4.162     0.40    1.46
  26842.114     4.743     1.54    1.60
  27218.900     4.962     0.58    1.35
  27595.724     5.207     0.65    1.26
  27972.586     5.190    -0.05    1.38
  28349.486     5.047    -0.38    1.39
  28726.425     5.286     0.63    1.39
  29103.401     5.118    -0.45    1.39
  29480.415     5.058    -0.16    1.25
  29857.468     5.209     0.40    1.24
  30234.558     5.386     0.47    1.25
  30611.687     5.708     0.85    1.09
  30988.854     5.725     0.05    1.14
  31366.058     5.636    -0.24    1.41
  31743.302     5.404    -0.62    2.01
  32120.583     4.743    -1.75    2.28
  32497.902     3.949    -2.11    2.27
  32875.260     3.146    -2.13    1.63
  33252.656     2.708    -1.16    0.13
  33630.090     3.076     0.97    1.41
  34007.562     3.190     0.30    1.53
  34385.072     3.381     0.51    1.59
  34762.621     3.374    -0.02    1.42
  35140.208     3.420     0.12    1.37
  35517.834     4.118     1.85    1.91
  35895.497     4.743     1.65    2.01
  36273.199     5.953     3.20    2.64
  36650.939     7.163     3.20    2.53
  37028.718     7.953     2.09    2.44
  37406.535     8.103     0.40    2.49
  37784.390     7.782    -0.85    2.60
  38162.284     7.830     0.13    2.39
  38540.216     8.471     1.70    2.46
  38918.187     8.584     0.30    2.13
  39296.196     8.136    -1.19    2.17
  39674.243     7.762    -0.99    2.54
  40049.350     7.567    -0.52    2.52
  40419.931     7.180    -1.04    2.55
  40790.548     7.103    -0.21    2.39
  41161.202     7.132     0.08    2.37
  41531.893     6.427    -1.90    2.89
  41902.621     5.636    -2.13    2.99
  42273.386     5.163    -1.28    2.77
  42644.187     7.011     4.98    3.46
  43015.026     8.234     3.30    3.05
  43385.901     8.637     1.09    2.84
  43756.814     8.958     0.86    2.72
  44127.763     7.655    -3.51    2.33
  44498.749     6.975    -1.83    2.09
  44869.773     6.743    -0.63    1.95
  45240.833     6.382    -0.97    1.84
  45611.930     6.334    -0.13    2.07
  45983.065     6.762     1.16    2.30
  46354.236     6.845     0.22    2.58
  46725.444     6.690    -0.42    2.22
  47096.690     6.565    -0.34    1.57
  47467.972     7.181     1.66    1.17
  47839.292     7.172    -0.02    1.24
  48210.648     7.269     0.26    1.19
  48582.042     7.339     0.19    1.23
  48953.473     7.374     0.09    1.20
  49324.941     7.417     0.12    1.22
  49696.446     7.234    -0.49    1.55
  50067.988     6.616    -1.66    1.64
  50439.568     6.567    -0.13    1.67
  50811.184     6.362    -0.55    1.74
  51182.838     6.333    -0.08    1.53
  51554.529     6.690     0.96    1.76
  51926.257     7.011     0.86    1.92
  52298.023     6.886    -0.34    2.19
  52669.825     6.993     0.29    2.11
  53041.665     6.953    -0.11    2.06
  53413.542     6.672    -0.76    1.59
  53785.457     6.673     0.00    1.31
  54157.409     6.440    -0.63    1.30
  54529.398     6.304    -0.37    1.18
  54901.424     6.344     0.11    1.28
  55273.488     6.356     0.03    1.20
  55645.589     6.725     0.99    1.31
  56017.727     6.897     0.46    1.28
  56389.903     7.216     0.86    1.09
  56762.116     7.297     0.22    1.07
  57134.367     6.900    -1.07    1.22
  57506.655     6.690    -0.57    1.28
  57878.980     6.532    -0.42    1.13
  58251.343     6.651     0.32    1.25
  58623.743     6.547    -0.28    1.33
  58996.181     6.875     0.88    1.49
  59368.656     6.777    -0.26    1.50
  59741.169     6.617    -0.43    1.44
  60113.719     6.777     0.43    1.34
  60486.307     6.497    -0.75    1.60
  60858.932     6.435    -0.17    1.77
  61231.595     6.707     0.73    2.13
  61604.295     6.544    -0.44    2.20
  61977.033     6.154    -1.05    1.67
  62349.808     6.634     1.29    1.37
  62722.621     9.690     8.20    6.10
  63095.472    14.422    12.69    8.85
  63468.360    19.830    14.50    8.79
  63841.286    24.777    13.27    5.28
  64214.250    25.993     3.26    3.79
  64587.251    26.931     2.51    2.58
  64960.290    26.886    -0.12    2.25
  65333.366    26.483    -1.08    2.38
  65706.481    26.440    -0.12    2.21
  66079.633    26.567     0.34    2.54
  66452.822    27.017     1.21    2.41
  66826.050    27.828     2.17    2.03
  67199.315    28.217     1.04    1.73
  67572.618    28.379     0.44    1.27
  67945.958    28.321    -0.16    1.06
  68319.337    27.815    -1.36    1.11
  68692.753    26.080    -4.65    3.27
  69066.207    24.761    -3.53    3.72
  69439.699    23.940    -2.20    3.68
  69813.229    24.375     1.17    3.86
  70186.796    25.850     3.95    2.67
  70560.402    26.600     2.01    0.98
  70934.045    26.741     0.38    1.19
  71307.726    26.935     0.52    1.44
  71681.445    27.190     0.68    1.54
  72055.203    27.948     2.03    1.77
  72428.997    28.154     0.55    1.82
  72802.830    28.266     0.30    1.72
  73176.701    28.190    -0.20    1.61
  73550.610    27.988    -0.54    1.55
  73924.557    27.690    -0.80    1.71
  74298.542    27.391    -0.80    2.15
  74672.565    27.279    -0.30    2.37
  75046.626    27.725     1.19    2.35
  75420.724    28.532     2.16    2.23
  75794.861    29.011     1.28    1.98
  76169.036    29.469     1.22    1.13
  76543.249    29.227    -0.65    1.18
  76917.501    28.368    -2.29    1.48
  77291.790    27.435    -2.49    1.49
  77666.117    26.833    -1.61    1.27
  78040.483    26.584    -0.66    1.46
  78414.887    26.812     0.61    1.90
  78789.328    26.779    -0.09    1.84
  79163.808    26.422    -0.95    2.13
  79538.327    25.776    -1.72    2.37
  79912.883    25.118    -1.76    2.28
  80287.478    24.893    -0.60    2.05
  80662.110    24.841    -0.14    1.77
  81036.781    25.243     1.07    1.58
  81411.491    25.830     1.57    1.63
  81786.238    26.511     1.82    1.49
  82161.024    27.023     1.37    1.38
  82535.848    27.497     1.26    1.09
  82910.711    27.879     1.02    1.13
  83285.612    28.171     0.78    1.48
  83660.551    28.842     1.79    2.02
  84035.528    29.725     2.36    2.23
  84410.544    30.672     2.52    2.25
  84785.598    31.777     2.95    2.19
  85160.691    32.760     2.62    1.92
  85535.821    33.251     1.31    1.55
  85910.991    33.761     1.36    1.20
  86286.199    33.850     0.24    1.12
  86661.445    33.978     0.34    1.11
  87036.729    34.266     0.77    1.02
  87412.053    34.654     1.03    1.13
  87787.414    34.931     0.74    1.03
  88162.814    35.121     0.51    1.01
  88538.253    35.345     0.60    0.98
  88913.730    35.724     1.01    1.07
  89289.246    36.048     0.86    1.06
  89664.800    36.163     0.31    0.98
  90040.393    36.264     0.27    1.02
  90416.024    36.500     0.63    1.00
  90791.694    36.908     1.09    0.96
  91167.403    37.035     0.34    0.95
  91543.150    37.198     0.44    0.89
  91918.935    37.471     0.73    0.85
  92294.760    37.724     0.67    0.79
  92670.623    38.004     0.75    0.89
  93046.525    38.333     0.87    1.02
  93422.465    38.671     0.90    1.06
  93798.444    38.760     0.24    0.98
  94174.462    38.868     0.29    1.01
  94550.519    39.128     0.69    0.95
  94926.614    39.479     0.93    1.06
  95302.748    39.547     0.18    1.07
  95678.921    39.724     0.47    1.03
  96055.132    39.636    -0.23    1.17
  96431.383    39.351    -0.76    1.24
  96807.672    39.111    -0.64    1.19
  97184.000    38.993    -0.31    1.23
  97560.367    38.862    -0.35    1.14
  97936.772    39.058     0.52    1.03
  98313.217    38.833    -0.60    1.00
  98689.700    38.912     0.21    0.86
  99066.223    39.113     0.54    0.93
  99442.784    39.279     0.44    0.89
  99819.384    39.535     0.68    0.70
 100196.023    39.761     0.60    0.74
 100572.701    39.868     0.28    0.81
 100949.418    40.090     0.59    0.76
 101326.174    40.144     0.14    0.79
 101702.969    40.368     0.59    0.66
 102079.803    40.326    -0.11    0.80
 102456.675    40.163    -0.43    1.00
 102833.587    40.065    -0.26    1.21
 103210.538    39.935    -0.34    1.15
 103587.528    40.058     0.33    1.06
 103964.557    39.904    -0.41    1.00
 104341.626    39.825    -0.21    0.94
 104718.733    39.726    -0.26    0.94
 105095.879    39.690    -0.10    0.88
 105473.065    39.848     0.42    0.98
 105850.289    40.111     0.70    0.91
 106227.553    40.304     0.51    0.94
 106604.856    40.409     0.28    0.84
 106982.198    40.529     0.32    0.85
 107359.580    40.786     0.68    0.89
 107737.000    40.978     0.51    0.93
 108114.460    41.100     0.32    0.99
 108491.959    41.207     0.28    0.90
 108869.497    41.321     0.30    0.84
 109247.074    41.243    -0.21    0.78
 109624.691    41.164    -0.21    0.84
 110002.347    41.237     0.19    0.97
 110380.043    41.321     0.22    0.99
 110757.777    41.475     0.41    0.99
 111135.551    41.690     0.57    0.84
 111513.365    41.760     0.19    0.80
 111891.217    41.690    -0.19    0.78
 112269.109    41.672    -0.05    0.81
 112647.041    41.562    -0.29    0.77
 113025.012    41.554    -0.02    0.78
 113403.022    41.600     0.12    0.79
 113781.072    41.602     0.00    0.79
 114159.161    41.621     0.05    0.75
 114537.289    41.547    -0.20    0.86
 114913.224    41.549     0.01    0.85
 115283.688    41.435    -0.31    0.95
 115654.190    41.479     0.12    0.96
 116024.729    41.616     0.37    0.89
 116395.307    41.656     0.11    1.01
 116765.922    41.475    -0.49    0.91
 117136.575    41.479     0.01    1.08
 117507.266    41.462    -0.05    1.10
 117877.995    41.286    -0.47    1.10
 118248.761    41.440     0.41    1.07
 118619.566    41.397    -0.12    1.11
 118990.408    41.374    -0.06    1.05
 119361.288    41.444     0.19    1.14
 119732.207    41.590     0.39    1.04
 120103.163    41.690     0.27    1.09
 120474.157    41.673    -0.05    1.17
 120845.189    41.912     0.64    1.18
 121216.259    42.146     0.63    1.15
 121587.367    42.429     0.76    1.02
