-206516.529   129.315     0.00    7.18
-206141.447   128.363    -2.54    8.27
-205766.413   126.563    -4.80    9.17
-205391.429   126.367    -0.52    8.92
-205016.495   129.076     7.23    8.27
-204641.610   133.403    11.54    9.72
-204266.774   138.775    14.34    9.48
-203891.987   144.052    14.08    6.77
-203517.250   146.558     6.69    4.30
-203142.562   145.995    -1.50    5.12
-202767.924   145.215    -2.08    6.99
-202393.335   141.981    -8.64   10.04
-202018.795   136.960   -13.41   10.74
-201644.304   131.313   -15.08   10.07
-201269.862   124.606   -17.92    8.27
-200895.470   120.263   -11.60    7.68
-200521.127   116.329   -10.51    7.06
-200146.832   115.743    -1.57    5.95
-199772.587   118.206     6.58    5.94
-199398.391   121.818     9.66    7.86
-199024.245   129.182    19.68    8.12
-198650.147   135.314    16.39    6.79
-198276.098   139.744    11.85    4.94
-197902.098   142.637     7.74    2.69
-197528.148   141.974    -1.77    3.61
-197154.246   139.388    -6.92    6.06
-196780.393   133.401   -16.02    9.69
-196406.589   125.791   -20.36   10.31
-196032.834   120.349   -14.56    9.75
-195659.128   116.621    -9.98    9.36
-195285.471   114.175    -6.55   10.61
-194911.863   112.665    -4.04   10.76
-194538.303   111.727    -2.51   10.54
-194164.792   112.283     1.49    9.33
-193791.331   114.145     4.99    9.69
-193417.917   115.918     4.75    8.27
-193044.553   116.113     0.52    8.27
-192671.237   115.504    -1.63    8.81
-192297.970   115.412    -0.25    9.17
-191924.752   117.191     4.77    9.45
-191551.583   119.468     6.10   10.94
-191178.462   125.182    15.32   10.14
-190805.389   130.403    14.00    9.39
-190432.366   133.421     8.09    6.85
-190059.390   135.114     4.54    4.67
-189686.464   134.447    -1.79    4.60
-189313.586   134.191    -0.69    6.24
-188940.756   133.637    -1.49    7.30
-188567.975   132.353    -3.45    7.52
-188195.243   129.731    -7.04    8.54
-187822.559   122.975   -18.13   11.90
-187449.923   112.408   -28.36   12.57
-187077.336   102.621   -26.27   11.64
-186704.797    95.905   -18.03    7.19
-186332.307    92.974    -7.87    6.58
-185959.865    91.744    -3.30    6.70
-185587.472    92.000     0.69    5.50
-185215.126    92.314     0.84    4.60
-184842.829    93.206     2.40    4.30
-184470.581    93.233     0.07    7.62
-184098.380    94.375     3.07   10.36
-183726.228    95.621     3.35   11.75
-183354.124    96.542     2.47   11.31
-182982.068    94.121    -6.51   11.35
-182610.061    88.796   -14.32   11.52
-182238.101    79.548   -24.87   11.74
-181866.190    70.992   -23.01    8.94
-181494.327    66.034   -13.34    5.92
-181122.512    63.315    -7.31    1.88
-180750.745    63.871     1.50    1.92
-180379.026    65.847     5.32    2.49
-180007.355    68.030     5.88    3.11
-179635.732    70.197     5.83    3.22
-179264.158    71.667     3.96    3.64
-178892.631    73.387     4.63    4.06
-178521.152    75.360     5.31    4.78
-178149.721    77.803     6.58    5.38
-177778.338    81.083     8.83    5.68
-177407.003    84.758     9.90    5.31
-177035.716    87.621     7.71    5.25
-176664.477    90.076     6.61    5.75
-176293.285    92.154     5.60    6.30
-175922.142    94.121     5.30    6.61
-175551.046    96.184     5.56    6.82
-175179.998    97.653     3.96    6.45
-174808.998    98.896     3.35    6.67
-174438.045    99.165     0.73    6.21
-174067.141    98.588    -1.56    5.88
-173696.284    96.606    -5.35    6.08
-173325.474    94.638    -5.31    5.57
-172954.713    94.437    -0.54    4.64
-172583.999    95.991     4.19    5.17
-172213.332    99.288     8.90    6.18
-171842.713   103.821    12.23    6.92
-171472.142   108.083    11.50    6.81
-171101.619   110.934     7.70    5.17
-170731.143   110.914    -0.05    4.78
-170360.714   107.106   -10.28    6.86
-169990.333   101.455   -15.26    9.12
-169620.000    92.237   -24.89   12.07
-169249.714    83.098   -24.69   13.04
-168879.475    74.760   -22.52   10.06
-168509.284    70.256   -12.17    5.65
-168139.141    69.548    -1.91    3.31
-167769.044    70.863     3.55    3.49
-167398.995    73.558     7.28    4.36
-167028.994    77.492    10.64    5.14
-166659.040    82.637    13.91    6.84
-166289.133    87.871    14.15    6.73
-165919.273    92.165    11.61    5.88
-165549.461    94.934     7.49    4.20
-165179.696    95.145     0.57    3.73
-164809.978    93.975    -3.16    4.54
-164440.308    92.577    -3.78    5.37
-164070.684    90.106    -6.69    6.55
-163701.108    87.000    -8.40    8.01
-163331.579    81.225   -15.63    9.49
-162962.098    75.168   -16.39    9.73
-162592.663    68.821   -17.18    7.87
-162223.275    65.500    -8.99    5.03
-161853.935    64.837    -1.80    3.43
-161484.641    67.246     6.53    4.71
-161115.395    72.652    14.64    6.83
-160746.196    78.791    16.63    8.64
-160372.649    88.711    26.56   11.79
-159993.854    98.326    25.39   10.59
-159615.110   106.652    21.98    8.26
-159236.414   112.244    14.77    3.82
-158857.769   112.652     1.08    3.48
-158479.173   109.929    -7.19    5.93
-158100.627   106.167    -9.94    6.32
-157722.131   104.898    -3.35    6.20
-157343.684   107.352     6.48    8.05
-156965.286   112.729    14.21    8.05
-156586.939   117.025    11.36    4.94
-156208.640   116.533    -1.30    5.39
-155830.392   111.732   -12.69    8.83
-155452.193   105.268   -17.10   10.39
-155074.043    98.907   -16.82    8.30
-154695.943    96.514    -6.33    5.80
-154317.892    99.288     7.34    6.91
-153939.890   103.986    12.43    7.49
-153561.938   106.340     6.23    6.46
-153184.036   104.250    -5.53    8.37
-152806.183    97.293   -18.42   11.12
-152428.379    87.748   -25.27   13.06
-152050.624    79.227   -22.56   11.75
-151672.919    73.852   -14.23    6.43
-151295.263    73.463    -1.03    4.96
-150917.656    76.929     9.18    5.49
-150540.098    81.209    11.34    4.78
-150162.590    85.577    11.57    4.71
-149785.131    89.928    11.53    6.24
-149407.721    96.775    18.15    9.80
-149030.360   104.199    19.68   10.13
-148653.048   111.944    20.53    9.58
-148275.786   119.786    20.79    8.32
-147898.572   125.760    15.84    7.84
-147521.408   129.852    10.85    5.09
-147144.293   130.621     2.04    4.39
-146767.226   125.333   -14.03    8.90
-146390.209   116.038   -24.66   13.00
-146013.241   104.504   -30.60   14.84
-145636.321    97.243   -19.27   10.53
-145259.451    99.560     6.15   11.77
-144882.629   107.137    20.11   12.20
-144505.857   114.546    19.67    8.10
-144129.133   116.883     6.21    5.25
-143752.458   112.868   -10.66    7.86
-143375.832   106.098   -17.98    8.99
-142999.255   100.476   -14.93    7.20
-142622.727   100.063    -1.10    8.43
-142246.247   104.428    11.60   10.27
-141869.816   110.500    16.13   10.02
-141493.434   117.177    17.74    9.01
-141117.101   122.574    14.34    8.81
-140740.816   128.975    17.01    9.74
-140364.580   134.557    14.84    8.50
-139988.393   138.000     9.15    6.04
-139612.255   138.654     1.74    4.18
-139236.165   135.637    -8.02    5.68
-138860.123   130.299   -14.20    7.03
-138484.130   123.960   -16.86    9.09
-138108.186   114.268   -25.78   12.86
-137732.290   107.237   -18.71   12.50
-137356.443    99.246   -21.26   12.50
-136980.645    94.403   -12.89   11.54
-136604.894    92.030    -6.31   11.36
-136229.193    91.510    -1.38   11.16
-135853.539    91.356    -0.41   12.41
-135477.935    93.670     6.16   14.72
-135102.378    98.934    14.02   14.52
-134726.870   103.879    13.17   12.92
-134351.410   108.924    13.44   11.38
-133975.999   113.590    12.43    9.08
-133600.636   117.028     9.16    7.08
-133225.321   120.418     9.04    7.43
-132850.055   118.653    -4.71   12.31
-132474.837   119.427     2.06   13.18
-132099.667   120.764     3.56   13.00
-131724.545   119.912    -2.27   11.65
-131349.471   118.944    -2.58   10.94
-130974.446   117.353    -4.24   11.70
-130599.469   119.815     6.57    9.96
-130224.540   120.468     1.74    8.69
-129849.659   120.304    -0.44    9.58
-129474.826   119.028    -3.41   11.41
-129100.042   113.437   -14.92   13.61
-128725.305   107.082   -16.96   15.24
-128350.616   102.590   -11.99   14.77
-127975.976    96.507   -16.24   16.07
-127601.383    81.590   -39.83   23.81
-127226.839    65.238   -43.66   24.18
-126852.342    51.327   -37.15   18.69
-126477.893    42.463   -23.68    8.32
-126103.493    40.137    -6.21    3.01
-125729.140    40.153     0.04    2.69
-125354.835    40.052    -0.27    2.66
-124980.578    39.743    -0.83    2.31
-124606.369    40.449     1.89    3.41
-124232.207    39.918    -1.42    4.65
-123858.094    39.638    -0.75    5.05
-123484.028    37.621    -5.39    4.82
-123110.010    35.255    -6.33    3.24
-122736.040    33.909    -3.60    4.15
-122362.117    32.783    -3.01    3.71
-121988.243    32.360    -1.13    3.72
-121614.415    32.542     0.49    3.66
-121240.636    33.091     1.47    3.68
-120866.904    32.883    -0.56    3.62
-120493.220    32.510    -1.00    3.47
-120119.584    32.168    -0.92    3.50
-119745.995    31.560    -1.63    3.33
-119372.453    31.637     0.21    3.48
-118998.960    32.304     1.79    4.02
-118625.513    32.129    -0.47    4.53
-118252.115    32.388     0.69    4.82
-117878.763    32.591     0.54    4.28
-117505.460    32.396    -0.52    3.64
-117132.203    32.606     0.56    4.44
-116758.995    32.812     0.55    4.54
-116385.833    33.496     1.83    4.29
-116012.719    34.021     1.41    3.36
-115639.652    34.137     0.31    2.71
-115266.633    33.791    -0.93    2.58
-114893.661    33.082    -1.90    2.33
-114520.737    32.762    -0.86    2.20
-114147.859    32.526    -0.63    1.72
-113775.029    32.871     0.93    1.59
-113402.247    33.605     1.97    2.21
-113029.511    34.299     1.86    2.64
-112656.823    33.392    -2.43    3.82
-112284.182    33.496     0.28    3.71
-111911.588    31.783    -4.60    3.93
-111539.041    30.303    -3.97    3.73
-111166.542    29.859    -1.19    3.27
-110794.089    28.272    -4.26    2.19
-110421.684    27.821    -1.21    1.92
-110049.326    27.106    -1.92    1.22
-109677.015    27.375     0.72    1.57
-109304.751    27.939     1.51    2.31
-108932.534    29.168     3.30    3.06
-108560.364    31.105     5.21    3.83
-108188.241    32.004     2.41    3.91
-107816.165    32.621     1.66    4.07
-107444.135    32.879     0.69    3.53
-107072.153    32.944     0.17    3.08
-106700.218    33.199     0.69    2.25
-106328.330    33.508     0.83    1.48
-105956.488    33.175    -0.90    1.46
-105584.694    32.732    -1.19    1.56
-105212.946    32.465    -0.72    1.35
-104841.245    32.652     0.50    1.40
-104469.591    32.856     0.55    1.40
-104097.984    33.356     1.35    1.25
-103726.424    33.955     1.61    1.33
-103354.910    34.729     2.08    1.62
-102983.443    35.590     2.32    1.92
-102612.022    36.592     2.70    1.90
-102240.649    37.428     2.25    1.85
-101869.322    38.162     1.98    1.86
-101498.042    38.888     1.95    1.62
-101126.808    39.263     1.01    1.72
-100755.621    39.589     0.88    1.59
-100384.481    39.824     0.63    1.35
-100013.387    40.256     1.16    1.18
 -99642.340    40.821     1.52    1.43
 -99271.339    41.668     2.28    1.92
 -98900.385    42.437     2.07    2.08
 -98529.477    43.262     2.23    2.14
 -98158.616    43.780     1.40    1.96
 -97787.801    44.153     1.00    1.49
 -97417.033    44.653     1.35    1.38
 -97046.311    45.729     2.90    1.53
 -96675.636    46.732     2.71    1.70
 -96305.007    47.955     3.30    1.74
 -95934.424    49.299     3.63    1.91
 -95563.888    50.710     3.81    2.40
 -95193.398    52.338     4.40    2.83
 -94822.954    53.399     2.86    2.52
 -94452.557    54.474     2.90    1.95
 -94082.206    55.778     3.52    1.77
 -93711.901    56.799     2.76    1.99
 -93341.643    58.012     3.28    1.84
 -92971.430    59.701     4.56    1.74
 -92601.264    61.012     3.54    2.16
 -92231.144    62.496     4.01    2.73
 -91861.071    64.272     4.80    3.22
 -91491.043    66.421     5.81    3.54
 -91121.062    67.879     3.94    3.97
 -90751.126    69.431     4.19    4.48
 -90381.237    70.729     3.51    5.06
 -90011.394    72.314     4.28    4.71
 -89641.597    73.406     2.95    4.03
 -89271.846    74.764     3.67    3.38
 -88902.141    76.002     3.35    2.88
 -88532.482    77.890     5.11    2.65
 -88162.869    79.771     5.09    2.22
 -87793.302    81.824     5.56    2.80
 -87423.781    84.476     7.18    3.23
 -87054.306    87.184     7.33    3.59
 -86684.876    89.805     7.09    3.06
 -86315.493    92.606     7.59    3.14
 -85946.156    95.277     7.23    3.02
 -85573.695    97.621     6.29    3.20
 -85195.002   100.002     6.29    2.78
 -84816.356   101.371     3.62    2.58
 -84437.760   102.114     1.96    2.39
 -84059.211   101.637    -1.26    2.95
 -83680.711   100.018    -4.28    3.26
 -83302.260    98.371    -4.35    3.59
 -82923.856    96.739    -4.31    3.33
 -82545.501    95.161    -4.17    3.09
 -82167.194    92.778    -6.30    5.06
 -81788.936    85.129   -20.22   13.03
 -81410.726    76.360   -23.19   15.93
 -81032.564    67.391   -23.72   13.17
 -80654.450    60.250   -18.89    7.86
 -80276.385    58.195    -5.44    5.06
 -79898.367    58.738     1.44    4.73
 -79520.398    59.561     2.18    4.48
 -79142.477    60.479     2.43    4.28
 -78764.604    62.262     4.72    4.83
 -78386.779    65.387     8.27    5.69
 -78009.002    68.574     8.44    4.45
 -77631.274    71.379     7.43    3.84
 -77253.593    73.188     4.79    4.31
 -76875.960    75.025     4.86    4.62
 -76498.376    76.425     3.71    4.99
 -76120.839    77.981     4.12    5.08
 -75743.350    79.699     4.55    4.80
 -75365.909    81.496     4.76    4.51
 -74988.517    83.449     5.18    4.55
 -74611.172    84.955     3.99    4.27
 -74233.875    86.883     5.11    3.82
 -73856.625    87.788     2.40    3.57
 -73479.424    86.837    -2.52    4.14
 -73102.270    85.195    -4.35    4.47
 -72725.165    83.683    -4.01    4.32
 -72348.107    82.221    -3.88    4.62
 -71971.096    81.268    -2.53    4.47
 -71594.134    79.114    -5.71    4.53
 -71217.219    76.764    -6.23    4.69
 -70840.352    74.918    -4.90    4.40
 -70463.533    74.121    -2.11    4.03
 -70086.761    75.227     2.94    3.90
 -69710.037    76.998     4.70    3.50
 -69333.361    76.559    -1.17    4.30
 -68956.732    73.824    -7.26    7.11
 -68580.151    68.717   -13.56    8.99
 -68203.617    63.965   -12.62    7.38
 -67827.131    62.717    -3.32    6.07
 -67450.692    66.418     9.83    8.54
 -67074.301    69.805     9.00    9.65
 -66697.958    67.197    -6.93   13.82
 -66321.662    61.818   -14.30   16.19
 -65945.413    54.431   -19.64   12.91
 -65569.212    48.923   -14.64    4.24
 -65193.058    49.574     1.73    2.92
 -64816.952    51.283     4.54    2.48
 -64440.893    52.928     4.37    1.96
 -64064.881    53.923     2.65    1.25
 -63688.917    54.277     0.94    1.42
 -63313.000    54.460     0.49    1.38
 -62937.130    54.589     0.34    1.28
 -62561.308    55.240     1.73    1.36
 -62185.533    56.008     2.04    1.40
 -61809.805    56.903     2.38    1.49
 -61434.124    58.298     3.72    1.93
 -61058.491    59.815     4.04    2.48
 -60682.904    61.367     4.13    2.26
 -60307.365    61.525     0.42    2.46
 -59931.873    58.768    -7.34    5.00
 -59556.429    54.588   -11.14    5.58
 -59181.031    50.734   -10.27    4.86
 -58805.680    47.605    -8.34    2.55
 -58430.377    45.668    -5.16    2.51
 -58055.120    43.699    -5.25    3.31
 -57679.911    41.949    -4.66    4.25
 -57304.748    39.262    -7.16    4.24
 -56929.633    37.057    -5.88    3.45
 -56554.564    35.683    -3.66    2.70
 -56179.543    35.041    -1.71    2.15
 -55804.568    34.734    -0.82    2.30
 -55429.640    34.671    -0.17    2.30
 -55054.760    34.871     0.53    2.10
 -54679.926    35.121     0.67    2.23
 -54305.139    35.356     0.63    1.92
 -53930.399    35.250    -0.28    1.79
 -53555.705    35.098    -0.41    1.75
 -53181.059    34.821    -0.74    1.44
 -52806.459    34.415    -1.08    1.06
 -52431.906    34.606     0.51    1.29
 -52057.400    34.703     0.26    1.61
 -51682.940    35.221     1.38    1.93
 -51308.527    35.255     0.09    2.12
 -50934.161    35.168    -0.23    2.29
 -50559.842    34.799    -0.99    2.19
 -50185.569    34.559    -0.64    1.82
 -49811.343    34.717     0.42    1.56
 -49437.163    34.828     0.30    1.38
 -49063.030    35.262     1.16    1.74
 -48688.944    35.685     1.13    1.77
 -48314.904    36.237     1.48    2.12
 -47940.911    36.847     1.63    2.15
 -47566.964    37.212     0.98    2.22
 -47193.064    37.555     0.92    1.94
 -46819.211    38.057     1.34    1.78
 -46445.403    38.557     1.34    1.59
 -46071.642    38.852     0.79    1.57
 -45697.928    39.320     1.25    1.71
 -45324.260    39.887     1.52    1.82
 -44950.639    40.669     2.09    1.86
 -44577.063    41.431     2.04    1.85
 -44203.535    42.512     2.89    2.13
 -43830.052    43.589     2.88    2.14
 -43456.616    45.082     4.00    2.01
 -43083.226    46.071     2.65    1.75
 -42709.883    46.239     0.45    2.17
 -42336.585    45.905    -0.90    3.07
 -41963.334    45.879    -0.07    3.55
 -41590.129    45.884     0.01    4.53
 -41216.971    46.590     1.89    4.73
 -40843.858    47.574     2.64    4.23
 -40470.792    48.907     3.57    3.99
 -40097.772    50.796     5.06    3.01
 -39724.798    52.510     4.60    2.48
 -39351.870    54.371     4.99    2.02
 -38978.988    55.907     4.12    2.17
 -38606.153    57.669     4.73    2.34
 -38233.363    59.855     5.86    2.75
 -37860.619    62.364     6.73    3.44
 -37487.922    64.588     5.97    2.98
 -37115.270    66.573     5.33    3.06
 -36742.665    69.476     7.79    6.17
 -36370.105    72.996     9.45    8.29
 -35997.591    78.668    15.23    9.54
 -35625.124    83.043    11.75    8.54
 -35252.702    86.320     8.80    6.64
 -34880.326    86.767     1.20    6.55
 -34507.996    87.082     0.85    6.30
 -34135.712    88.621     4.14    4.81
 -33763.474    89.177     1.49    4.25
 -33391.281    88.130    -2.81    3.95
 -33019.134    88.360     0.62    4.79
 -32647.033    88.121    -0.64    5.49
 -32274.978    90.468     6.31    6.82
 -31902.969    93.818     9.01    5.77
 -31531.005    93.508    -0.83    5.40
 -31159.087    94.928     3.82    5.00
 -30787.215    94.434    -1.33    4.64
 -30415.389    95.250     2.20    5.00
 -30043.608    94.463    -2.12    6.05
 -29671.872    86.590   -21.18   14.16
 -29300.183    70.746   -42.63   26.61
 -28928.539    49.653   -56.76   28.10
 -28556.940    34.098   -41.86   20.13
 -28185.387    23.267   -29.15    7.83
 -27813.880    20.638    -7.08    0.13
 -27442.418    20.621    -0.04    0.00
 -27071.002    20.621     0.00    0.00
 -26699.631    20.621     0.00    0.00
 -26328.306    20.621     0.00    0.00
 -25957.026    20.621     0.00    0.00
 -25585.792    20.621     0.00    0.00
 -25214.603    20.621     0.00    0.00
 -24843.459    20.621     0.00    0.00
 -24472.361    20.621     0.00    0.00
 -24101.308    20.621     0.00    0.00
 -23730.301    20.621     0.00    0.00
 -23359.339    20.621     0.00    0.00
 -22988.422    20.621     0.00    0.00
 -22617.551    20.621     0.00    0.00
 -22246.724    20.916     0.80    2.30
 -21875.943    31.034    27.29   32.19
 -21505.208    48.147    46.16   55.35
 -21134.517    59.606    30.91   57.77
 -20763.872    62.555     7.96   54.38
 -20393.272    55.621   -18.71   43.26
 -20022.717    46.505   -24.60   31.93
 -19652.207    45.121    -3.73   27.62
 -19281.743    55.525    28.08   33.39
 -18911.323    73.121    47.51   40.50
 -18540.949   100.129    72.92   51.04
 -18170.619   123.903    64.20   47.07
 -17800.335   143.903    54.01   37.56
 -17430.096   158.168    38.53   28.42
 -17059.902   157.949    -0.59   24.04
 -16689.753   154.170   -10.21   19.10
 -16319.649   147.986   -16.71   15.52
 -15949.590   140.218   -20.99   12.31
 -15579.575   137.444    -7.50    7.72
 -15209.606   136.031    -3.82    5.36
 -14839.682   131.824   -11.37    8.44
 -14469.802   125.721   -16.50   11.53
 -14099.968   117.403   -22.49   13.90
 -13730.178   107.248   -27.46   12.98
 -13360.433    99.105   -22.02   12.97
 -12990.733    88.916   -27.56   13.13
 -12621.078    78.606   -27.89   15.98
 -12251.468    65.572   -35.26   18.49
 -11881.902    54.907   -28.86   17.88
 -11512.382    47.606   -19.76   14.17
 -11142.906    43.028   -12.39   14.60
 -10771.389    41.331    -4.57   16.24
 -10392.798    38.815    -6.65   18.83
 -10014.254    37.918    -2.37   21.31
  -9635.758    36.573    -3.55   23.04
  -9257.308    32.668   -10.32   20.85
  -8878.906    29.926    -7.25   17.92
  -8500.551    28.526    -3.70   15.28
  -8122.243    31.082     6.76   16.61
  -7743.982    34.028     7.79   17.47
  -7365.768    35.685     4.38   16.56
  -6987.601    36.767     2.86   14.43
  -6609.481    41.215    11.77   14.03
  -6231.408    49.155    21.00   15.50
  -5853.382    58.799    25.51   13.29
  -5475.403    64.261    14.45   10.93
  -5097.471    68.991    12.52   10.85
  -4719.585    71.668     7.09   11.02
  -4341.747    75.653    10.55   11.42
  -3963.956    81.526    15.55   12.74
  -3586.211    87.771    16.53   13.15
  -3208.513    94.940    18.98   10.24
  -2830.862    95.755     2.16    9.81
  -2453.258    86.444   -24.66   17.01
  -2075.700    70.105   -43.27   21.20
  -1698.190    55.903   -37.62   20.54
  -1320.726    38.589   -45.87   20.25
   -943.309    23.379   -40.30   19.52
   -565.938     9.574   -36.58   15.49
   -188.614     0.070   -25.19    5.63
    188.663    -1.200    -3.36    1.03
    565.893    -0.345     2.27    2.46
    943.077     0.574     2.44    2.81
   1320.215     1.847     3.38    2.83
   1697.305     2.844     2.64    2.67
   2074.349     3.043     0.53    2.54
   2451.347     3.138     0.25    2.41
   2828.298     2.557    -1.54    2.71
   3205.203     1.621    -2.48    2.70
   3582.061     0.424    -3.18    2.44
   3958.872    -0.463    -2.36    2.13
   4335.637     0.225     1.83    3.00
   4712.356     2.702     6.58    4.74
   5089.028     4.476     4.71    4.22
   5465.654     7.129     7.04    3.51
   5842.234     7.780     1.73    3.22
   6218.767     8.363     1.55    2.85
   6595.254     8.055    -0.82    2.71
   6971.694     6.868    -3.15    2.35
   7348.088     6.294    -1.53    1.98
   7724.436     5.494    -2.12    1.44
   8100.738     4.907    -1.56    1.24
   8476.993     4.234    -1.79    1.14
   8853.202     4.399     0.44    1.28
   9229.365     4.831     1.15    1.63
   9605.481     5.699     2.31    1.90
   9981.552     6.038     0.90    1.69
  10357.576     6.299     0.69    1.59
  10733.554     6.539     0.64    1.26
  11109.486     6.542     0.01    1.11
  11485.372     6.215    -0.87    1.37
  11861.212     6.153    -0.17    1.36
  12237.006     6.129    -0.06    1.13
  12612.754     6.041    -0.24    0.92
  12988.455     6.653     1.63    1.75
  13364.111     7.771     2.98    2.80
  13739.721     8.539     2.04    3.39
  14115.284     9.350     2.16    3.53
  14490.802     9.153    -0.53    3.39
  14866.274     8.557    -1.59    3.40
  15241.700     6.871    -4.49    2.83
  15617.080     5.670    -3.20    1.57
  15992.414     5.399    -0.72    1.56
  16367.702     6.748     3.60    3.90
  16742.945     9.838     8.23    6.14
  17118.141    14.267    11.80    6.70
  17493.292    18.208    10.51    4.74
  17868.397    20.455     5.99    2.43
  18243.456    21.638     3.16    1.26
  18618.469    22.526     2.37    1.47
  18993.437    22.960     1.16    1.28
  19368.359    23.121     0.43    1.21
  19743.235    23.028    -0.25    1.23
  20118.065    22.815    -0.57    1.07
  20492.850    23.299     1.29    1.42
  20867.589    23.982     1.82    1.48
  21242.283    25.182     3.20    1.87
  21616.931    25.771     1.57    1.78
  21991.533    25.718    -0.14    1.76
  22366.090    25.457    -0.70    1.51
  22740.601    24.767    -1.84    1.02
  23115.067    24.605    -0.43    0.98
  23489.487    24.507    -0.26    0.97
  23863.862    24.184    -0.86    0.89
  24238.191    24.057    -0.34    0.74
  24612.474    23.971    -0.23    0.68
  24986.713    23.916    -0.14    0.78
  25360.905    23.732    -0.49    0.92
  25735.053    23.955     0.59    1.05
  26109.155    24.106     0.40    1.10
  26483.211    24.098    -0.02    1.15
  26857.222    24.074    -0.06    0.96
  27231.188    23.685    -1.04    1.18
  27605.109    23.082    -1.61    1.48
  27978.984    22.637    -1.19    1.59
  28352.814    22.621    -0.04    1.45
  28726.599    23.028     1.09    1.67
  29100.338    23.326     0.80    1.87
  29474.032    22.799    -1.41    2.71
  29847.681    21.871    -2.48    3.20
  30221.285    20.231    -4.39    2.52
  30594.843    19.089    -3.06    1.26
  30968.357    19.574     1.30    1.61
  31341.825    20.347     2.07    1.70
  31715.248    21.137     2.12    1.61
  32088.626    21.702     1.51    1.41
  32461.959    21.734     0.09    1.31
  32835.247    21.637    -0.26    1.42
  33208.489    21.805     0.45    1.40
  33581.687    21.606    -0.53    1.43
  33954.840    21.535    -0.19    1.42
  34327.947    21.097    -1.17    1.21
  34701.010    20.893    -0.55    0.96
  35074.028    21.542     1.74    1.90
  35447.000    22.588     2.80    2.76
  35819.928    23.574     2.64    3.11
  36192.811    23.460    -0.30    3.19
  36565.649    23.240    -0.59    3.20
  36938.442    23.240     0.00    3.25
  37311.190    23.347     0.29    3.22
  37683.894    23.331    -0.04    3.20
  38056.552    22.976    -0.95    3.11
  38429.166    22.421    -1.49    2.65
  38801.735    21.771    -1.74    1.69
  39174.259    21.670    -0.27    1.19
  39546.738    21.671     0.00    0.92
  39919.173    21.871     0.54    1.14
  40291.563    22.186     0.84    1.18
  40663.908    22.621     1.17    1.09
  41036.208    23.121     1.34    0.97
  41408.464    23.379     0.69    0.97
  41780.675    23.764     1.03    0.95
  42152.842    23.960     0.53    1.01
  42524.964    24.637     1.82    1.41
  42897.041    25.347     1.91    1.71
  43269.074    26.283     2.51    1.79
  43641.062    27.294     2.72    1.70
  44013.006    28.606     3.53    2.43
  44384.905    30.771     5.82    3.34
  44756.759    33.718     7.92    4.98
  45128.569    36.859     8.45    5.06
  45500.335    38.971     5.68    4.92
  45872.056    41.981     8.10    5.02
  46243.732    44.637     7.15    5.49
  46615.364    48.343     9.97    5.91
  46986.952    52.379    10.86    6.14
  47358.496    57.508    13.80    6.07
  47729.995    62.469    13.35    7.31
  48101.449    67.590    13.79    8.25
  48472.859    72.011    11.90    7.19
  48844.225    73.898     5.08    5.85
  49215.547    74.725     2.23    4.84
  49586.824    73.408    -3.55    5.25
  49958.057    69.842    -9.61    6.46
  50329.246    66.256    -9.66    7.79
  50700.391    62.355   -10.51    7.74
  51071.491    59.669    -7.24    7.37
  51442.547    56.960    -7.30    6.50
  51813.559    55.097    -5.02    5.84
  52184.527    53.734    -3.67    5.93
  52555.451    53.815     0.22    7.93
  52926.330    55.002     3.20    9.87
  53297.165    56.195     3.22   10.91
  53667.957    57.199     2.71   11.05
  54038.704    55.740    -3.94   10.65
  54409.407    52.363    -9.11   10.63
  54780.066    48.333   -10.87   10.66
  55150.681    45.955    -6.42    7.91
  55521.252    45.130    -2.23    6.68
  55891.779    48.992    10.42    7.55
  56262.262    53.769    12.89    6.22
  56632.701    56.494     7.36    6.24
  57003.096    59.331     7.66    6.96
  57373.447    61.082     4.73    7.83
  57743.754    64.347     8.82    8.55
  58114.017    66.900     6.89    8.47
  58484.237    69.336     6.58    8.16
  58854.412    69.621     0.77    8.47
  59224.544    68.336    -3.47    9.21
  59594.632    65.605    -7.38    8.98
  59964.676    61.944    -9.89    8.21
  60334.676    56.521   -14.65    7.77
  60704.633    48.418   -21.90    9.79
  61074.545    39.621   -23.78   10.33
  61444.414    36.089    -9.55    7.59
  61814.240    34.794    -3.50    6.14
  62184.021    37.347     6.90    5.96
  62553.759    39.556     5.97    3.60
  62923.453    37.444    -5.71    5.36
  63293.103    32.476   -13.44    6.50
  63662.710    28.034   -12.02    6.50
  64033.391    23.494   -12.25    7.09
  64411.884    19.177   -11.41    7.05
  64790.330    14.463   -12.46    4.49
  65168.731    12.011    -6.48    1.08
  65547.086    11.868    -0.38    0.90
  65925.395    11.932     0.17    0.84
  66303.658    11.992     0.16    1.04
  66681.875    12.181     0.50    1.22
  67060.046    12.490     0.82    1.52
  67438.171    12.859     0.98    1.62
  67816.251    13.441     1.54    2.14
  68194.285    15.018     4.17    3.03
  68572.273    16.988     5.21    2.77
  68950.215    18.750     4.66    2.15
  69328.112    20.097     3.56    1.46
  69705.963    21.129     2.73    2.00
  70083.768    22.387     3.33    2.57
  70461.528    23.526     3.02    2.87
  70839.242    24.907     3.66    2.52
  71216.910    26.028     2.97    2.60
  71594.533    28.528     6.62    3.78
  71972.110    31.346     7.46    4.30
  72349.641    34.396     8.08    3.99
  72727.127    36.994     6.88    3.17
  73104.568    38.507     4.01    3.48
  73481.962    40.272     4.68    3.50
  73859.312    42.343     5.49    3.83
  74236.616    45.336     7.93    4.64
  74613.874    48.238     7.69    5.42
  74991.087    52.066    10.15    6.52
  75368.254    57.888    15.44    7.30
  75745.376    62.780    12.97    6.67
  76122.453    65.002     5.89    6.04
  76499.484    65.320     0.84    5.77
  76876.470    64.637    -1.81    5.99
  77253.411    64.655     0.05    5.55
  77630.306    65.431     2.06    5.35
  78007.156    67.501     5.49    4.84
  78383.960    69.966     6.54    4.45
  78760.720    72.621     7.05    4.43
  79137.434    75.998     8.96    4.61
  79514.103    78.912     7.73    4.04
  79890.726    80.720     4.80    3.49
  80267.304    79.847    -2.32    4.34
  80643.838    76.508    -8.87    6.26
  81020.326    73.492    -8.01    6.29
  81396.768    71.828    -4.42    4.97
  81773.166    72.299     1.25    4.98
  82149.519    73.670     3.64    5.22
  82525.826    73.796     0.34    5.03
  82902.089    73.359    -1.16    5.24
  83278.306    72.228    -3.01    5.44
  83654.478    70.130    -5.58    5.66
  84030.606    68.288    -4.90    5.45
  84406.688    67.654    -1.69    4.39
  84782.725    67.880     0.60    3.76
  85158.717    69.231     3.59    3.96
  85534.665    71.321     5.56    3.92
  85910.567    73.812     6.62    4.07
  86286.424    76.933     8.30    4.18
  86662.237    79.444     6.68    3.75
  87038.004    82.177     7.27    3.51
  87413.727    84.425     5.98    3.31
  87789.405    85.653     3.27    2.92
  88165.038    85.846     0.51    3.27
  88540.626    85.089    -2.01    3.67
  88916.170    83.435    -4.40    4.07
  89291.668    82.638    -2.12    4.21
  89667.122    82.355    -0.75    4.07
  90042.531    80.783    -4.19    4.19
  90417.896    76.476   -11.47    7.51
  90793.216    70.490   -15.95   11.21
  91168.491    64.479   -16.02   10.69
  91543.721    60.449   -10.74    7.49
  91918.906    61.834     3.69    7.21
  92294.047    67.079    13.98    6.44
  92669.144    72.161    13.55    5.85
  93044.196    76.638    11.93    4.99
  93419.203    79.907     8.72    4.77
  93794.165    82.572     7.11    4.10
  94169.083    83.621     2.80    3.23
  94543.957    83.574    -0.13    2.78
  94918.786    82.842    -1.95    3.01
  95293.570    80.965    -5.01    4.15
  95668.310    78.242    -7.27    5.35
  96043.005    72.064   -16.49    9.59
  96417.656    62.452   -25.65   11.86
  96792.263    56.805   -15.07    8.87
  97166.825    56.555    -0.67    8.59
  97541.343    62.310    15.37   10.84
  97915.816    70.828    22.74    8.56
  98290.245    76.283    14.57    5.05
  98664.630    78.718     6.50    3.27
  99038.970    79.638     2.46    3.02
  99413.266    79.479    -0.43    3.04
  99787.518    77.705    -4.74    4.12
 100161.725    74.121    -9.57    5.32
 100535.888    69.396   -12.63    5.52
 100910.007    65.654   -10.00    6.24
 101284.082    61.879   -10.09    6.67
 101658.112    59.396    -6.64    7.50
 102032.098    56.494    -7.76    8.15
 102406.040    52.774    -9.95    8.88
 102779.938    45.907   -18.36   11.19
 103153.792    37.551   -22.35    9.44
 103527.601    32.802   -12.70    6.80
 103901.367    30.897    -5.09    3.93
 104275.088    34.510     9.67    6.13
 104648.766    41.884    19.73    9.88
 105022.399    49.859    21.34   11.23
 105395.988    57.186    19.61    8.14
 105769.533    59.507     6.21    5.36
 106143.034    57.685    -4.88    7.16
 106516.491    52.705   -13.33    9.72
 106889.905    46.218   -17.37   10.36
 107263.274    40.846   -14.39    8.97
 107636.599    36.736   -11.01    7.42
 108009.880    34.587    -5.76    6.58
 108383.118    32.590    -5.35    5.38
 108756.311    32.232    -0.96    5.49
 109129.461    32.479     0.66    5.60
 109502.567    31.905    -1.54    5.54
 109875.629    32.179     0.73    5.15
 110248.647    33.193     2.72    4.55
 110621.621    34.113     2.47    4.89
 110994.552    33.082    -2.77    6.27
 111367.438    30.523    -6.86    8.14
 111740.281    26.008   -12.11    8.31
 112113.081    21.318   -12.58    5.32
 112485.836    18.702    -7.02    3.94
 112858.548    16.305    -6.43    2.27
 113231.216    14.960    -3.61    1.85
 113603.841    12.912    -5.50    2.66
 113976.421    11.005    -5.12    3.36
 114348.959     8.998    -5.38    3.22
 114721.452     7.802    -3.21    2.49
 115093.902     7.574    -0.61    2.09
 115466.308     8.441     2.33    2.11
 115838.671     9.209     2.06    1.87
 116210.990     9.960     2.02    1.41
 116583.266    10.283     0.87    1.83
 116955.498    10.788     1.36    2.12
 117327.687    11.557     2.07    2.46
 117699.832    12.838     3.44    2.79
 118071.934    13.057     0.59    2.75
 118443.992    13.783     1.95    3.18
 118816.007    13.875     0.25    2.74
 119187.978    14.851     2.62    2.78
 119559.906    16.671     4.89    3.90
 119931.790    19.851     8.55    4.56
 120303.632    23.488     9.78    4.60
 120675.429    26.992     9.42    4.01
 121047.184    29.503     6.75    3.35
 121418.895    30.731     3.30    3.10
 121790.563    31.208     1.28    3.54
 122162.187    32.228     2.75    4.19
 122533.769    32.893     1.79    4.06
 122905.307    33.460     1.53    3.59
 123276.801    33.331    -0.35    4.02
 123648.253    32.928    -1.09    3.83
 124019.661    33.638     1.91    4.47
 124391.026    35.392     4.72    5.32
 124762.348    36.654     3.40    5.57
 125133.627    36.455    -0.54    6.10
 125504.863    35.705    -2.02    6.44
 125876.055    34.604    -2.96    5.80
 126247.205    34.347    -0.69    5.10
 126618.311    34.983     1.71    4.61
 126989.375    35.512     1.42    4.76
 127360.395    36.673     3.13    4.79
 127731.372    38.212     4.15    4.56
 128102.306    39.438     3.31    4.87
 128473.197    41.073     4.41    3.31
 128844.045    43.080     5.41    2.51
 129214.850    44.939     5.01    3.25
 129585.613    47.359     6.53    3.67
 129956.332    49.539     5.88    3.53
 130327.008    52.847     8.92    4.24
 130697.642    56.205     9.06    5.26
 131068.232    59.638     9.26    4.98
 131438.780    61.723     5.63    3.37
 131809.284    60.621    -2.97    4.53
 132179.746    57.062    -9.61    6.81
 132550.165    51.528   -14.94    8.01
 132920.542    44.914   -17.85    7.54
 133290.875    40.048   -13.14    6.78
 133661.166    37.910    -5.77    4.62
 134031.414    38.670     2.05    4.37
 134401.619    41.808     8.48    5.54
 134771.781    45.701    10.52    5.42
 135141.901    50.205    12.17    4.82
 135511.978    54.005    10.27    5.55
 135882.012    58.162    11.23    6.61
 136252.004    62.073    10.57    6.58
 136621.953    64.867     7.55    5.97
 136991.859    66.755     5.10    5.60
 137361.723    68.050     3.50    5.79
 137731.544    69.587     4.16    5.86
 138101.323    71.755     5.86    5.25
 138471.059    73.363     4.35    3.51
 138841.025    71.244    -5.73    5.35
 139219.420    66.311   -13.04    7.27
 139597.770    62.783    -9.32    5.96
 139976.076    62.105    -1.79    5.60
 140354.336    65.234     8.27    6.99
 140732.552    70.938    15.08    6.74
 141110.724    74.859    10.37    4.69
 141488.850    76.234     3.64    2.96
 141866.932    74.932    -3.44    3.86
 142244.969    72.383    -6.74    4.34
 142622.962    69.960    -6.41    4.44
 143000.910    67.034    -7.74    5.07
 143378.814    63.008   -10.65    6.53
 143756.673    60.734    -6.02    6.53
 144134.487    59.186    -4.10    6.10
 144512.257    57.025    -5.72    7.02
 144889.983    53.939    -8.17    7.61
 145267.664    50.055   -10.28    7.49
 145645.300    45.767   -11.35    5.89
 146022.892    41.441   -11.45    4.70
 146400.440    38.703    -7.25    3.87
 146777.943    36.471    -5.91    3.79
 147155.401    34.288    -5.78    3.37
 147532.816    32.734    -4.12    2.78
 147910.186    32.035    -1.85    2.97
 148287.511    31.525    -1.35    3.52
 148664.793    31.802     0.73    6.10
 149042.030    31.896     0.25    7.52
 149419.222    30.821    -2.85    8.66
 149796.371    28.471    -6.23   10.50
 150173.475    26.057    -6.40   10.71
 150550.535    21.742   -11.44   10.02
 150927.550    16.523   -13.84   10.68
 151304.522    10.277   -16.57    9.09
 151681.449     4.799   -14.53    5.88
 152058.332     2.005    -7.41    4.14
 152435.171     1.294    -1.89    2.96
 152811.965     0.701    -1.57    1.84
 153188.716     1.062     0.96    1.48
 153565.422     0.799    -0.70    1.57
 153942.085     0.225    -1.52    1.30
 154318.703    -0.149    -0.99    1.16
 154695.277    -0.141     0.02    1.19
 155071.808     0.038     0.48    1.06
 155448.294     0.228     0.50    1.13
 155824.736     0.343     0.30    1.16
 156201.134     0.555     0.56    1.27
 156577.488     0.588     0.09    1.62
 156953.798    -0.379    -2.57    2.72
 157330.065    -1.603    -3.25    3.00
 157706.287    -2.870    -3.37    2.43
 158082.465    -3.599    -1.94    1.61
 158458.600    -2.887     1.89    1.99
 158834.690    -1.903     2.61    2.31
 159210.737    -1.169     1.95    2.50
 159586.740    -0.572     1.59    2.46
 159962.699    -0.258     0.84    2.69
 160338.615     0.146     1.07    2.57
 160714.486     0.914     2.04    2.64
 161090.314     1.879     2.57    2.57
 161466.098     2.755     2.33    2.75
 161841.838     3.438     1.82    2.88
 162217.535     4.654     3.24    2.79
 162593.187     5.671     2.71    2.45
 162968.796     6.621     2.53    1.83
 163344.362     7.288     1.77    1.45
 163719.884     7.492     0.54    1.79
 164095.362     7.461    -0.08    2.20
 164470.796     6.966    -1.32    2.27
 164846.187     6.842    -0.33    2.13
 165221.534     6.637    -0.54    1.81
 165596.838     6.884     0.66    1.61
 165972.098     7.048     0.44    1.67
 166347.315     7.655     1.62    1.93
 166722.488     8.248     1.58    2.05
 167097.618     9.379     3.01    2.31
 167472.704     9.983     1.61    2.54
 167847.746    11.008     2.73    2.72
 168222.745    12.305     3.46    2.68
 168597.701    13.821     4.04    2.56
 168972.613    15.375     4.14    2.71
 169347.482    17.064     4.50    3.25
 169722.308    18.750     4.50    3.92
 170097.090    20.221     3.92    4.37
 170471.829    21.863     4.38    4.48
 170846.524    23.764     5.07    4.41
 171221.176    26.831     8.18    4.06
 171595.785    28.859     5.41    4.25
 171970.350    31.508     7.07    4.55
 172344.873    34.821     8.84    5.13
 172719.351    37.355     6.76    5.15
 173093.787    39.705     6.28    5.01
 173468.180    42.031     6.21    5.70
 173842.529    45.670     9.72    8.12
 174216.835    48.771     8.28   10.46
 174591.098    50.186     3.78   11.15
 174965.317    52.479     6.13   11.17
 175339.494    52.687     0.56   10.31
 175713.627    49.338    -8.95    9.23
 176087.718    45.960    -9.03    7.93
 176461.765    43.179    -7.43    5.55
 176835.769    43.388     0.56    4.37
 177209.730    46.771     9.05    7.72
 177583.648    52.916    16.43   10.08
 177957.523    60.541    20.39    9.40
 178331.355    62.983     6.53    9.73
 178705.144    56.392   -17.63   16.58
 179078.890    46.943   -25.28   17.53
 179452.593    37.851   -24.32   15.04
 179826.253    29.638   -21.97    7.84
 180199.870    27.590    -5.48    4.46
 180573.445    27.589    -0.00    3.49
 180946.976    29.401     4.85    4.41
 181320.464    32.884     9.32    6.21
 181693.910    35.998     8.34    6.39
 182067.313    40.573    12.25    5.48
 182440.672    44.001     9.18    5.34
 182813.990    46.966     7.94    6.39
 183187.264    51.050    10.94    6.88
 183560.495    55.555    12.07    6.97
 183933.684    59.859    11.53    6.10
 184306.830    63.098     8.68    5.22
 184679.933    65.505     6.45    4.67
 185052.994    67.105     4.29    4.90
 185426.011    69.321     5.94    5.45
 185798.986    70.785     3.92    5.46
 186171.919    72.769     5.32    4.87
 186544.809    73.367     1.60    5.57
 186917.656    73.326    -0.11    5.91
 187290.460    73.514     0.50    5.81
 187663.222    74.900     3.72    5.11
 188035.941    76.248     3.62    5.17
 188408.618    78.796     6.83    5.06
 188781.252    80.755     5.26    3.73
 189153.844    79.938    -2.19    4.28
 189526.393    76.900    -8.15    6.09
 189898.899    73.146   -10.08    5.98
 190271.363    71.438    -4.58    4.64
 190643.785    72.367     2.49    4.64
 191016.164    75.146     7.46    4.79
 191388.501    77.481     6.27    3.75
 191760.795    78.447     2.59    3.80
 192133.047    78.130    -0.85    4.75
 192505.256    77.863    -0.72    4.37
 192877.423    78.554     1.85    3.62
 193249.548    79.910     3.64    3.41
 193621.630    81.556     4.42    2.50
 193993.670    81.736     0.48    2.62
 194365.668    81.079    -1.77    4.10
 194737.623    78.905    -5.84    5.56
 195109.536    75.669    -8.70    6.82
 195481.407    72.672    -8.06    7.78
 195853.235    69.734    -7.90    6.27
 196225.021    68.990    -2.00    4.95
 196596.765    71.212     5.98    5.19
 196968.467    74.740     9.49    4.77
 197340.127    78.113     9.07    3.42
 197711.744    80.855     7.38    2.84
 198083.320    82.455     4.31    2.31
 198454.853    83.555     2.96    1.30
 198826.344    83.855     0.81    1.00
 199197.793    83.396    -1.24    1.34
 199569.199    82.505    -2.40    1.91
 199940.564    81.371    -3.05    2.05
 200311.887    79.983    -3.74    2.23
 200683.167    79.396    -1.58    2.32
 201054.406    79.499     0.28    2.22
 201425.602    78.802    -1.88    2.62
 201796.757    77.040    -4.75    4.47
 202167.869    72.064   -13.40    7.53
 202538.940    65.905   -16.60    8.23
 202909.968    62.041   -10.41    6.91
 203280.955    60.842    -3.23    6.52
 203651.900    62.876     5.48    7.38
 204022.802    67.916    13.59    7.32
 204393.663    71.195     8.84    6.67
 204764.482    74.520     8.96    5.67
 205135.260    77.774     8.78    3.50
 205505.995    79.863     5.63    2.87
 205876.688    81.535     4.51    2.19
 206247.340    83.015     3.99    1.73
 206617.950    83.897     2.38    1.52
 206988.518    85.162     3.41    2.11
 207359.044    86.674     4.08    2.66
 207729.529    88.188     4.09    2.84
 208099.972    89.198     2.72    2.42
 208470.373    89.605     1.10    2.51
 208840.732    89.721     0.31    2.57
 209211.050    89.538    -0.49    2.25
 209581.326    89.326    -0.57    2.07
 209951.560    89.271    -0.15    1.75
 210321.753    89.079    -0.52    1.59
 210691.904    88.855    -0.61    1.54
 211062.013    88.154    -1.89    1.63
 211432.081    87.405    -2.02    1.80
 211802.107    85.955    -3.92    2.27
 212172.092    84.440    -4.09    2.39
 212542.035    83.113    -3.58    2.35
 212911.937    81.907    -3.26    1.88
 213281.797    81.234    -1.82    1.67
 213651.615    80.779    -1.23    1.74
 214029.442    80.537    -0.64    1.72
 214407.698    80.326    -0.56    1.94
 214785.911    80.671     0.91    1.94
 215164.079    81.048     1.00    1.97
 215542.205    81.742     1.84    1.96
 215920.286    82.867     2.98    1.79
 216298.325    83.389     1.38    1.71
 216676.319    83.708     0.84    1.78
 217054.271    83.905     0.52    1.61
 217432.178    83.753    -0.40    1.72
 217810.043    83.121    -1.67    2.07
 218187.864    82.104    -2.69    2.29
 218565.641    80.734    -3.63    2.41
 218943.375    79.979    -2.00    2.10
 219321.066    79.455    -1.39    2.19
 219698.714    78.926    -1.40    2.19
 220076.318    78.121    -2.13    2.36
 220453.878    77.294    -2.19    2.36
 220831.396    76.200    -2.90    2.28
 221208.870    75.073    -2.99    2.11
 221586.301    73.871    -3.18    1.62
 221963.689    73.005    -2.30    1.46
 222341.033    72.435    -1.51    1.54
 222718.334    71.415    -2.70    2.05
 223095.592    70.282    -3.00    2.23
 223472.807    69.333    -2.52    2.21
 223849.978    68.408    -2.45    2.21
 224227.107    67.814    -1.57    2.33
 224604.192    67.471    -0.91    2.62
 224981.234    67.380    -0.24    3.06
 225358.233    67.621     0.64    3.06
 225735.189    68.088     1.24    2.79
 226112.102    68.215     0.34    2.46
 226488.972    67.949    -0.70    2.31
 226865.799    67.588    -0.96    2.06
 227242.583    66.721    -2.30    2.14
 227619.323    64.932    -4.75    2.62
 227996.021    62.097    -7.52    4.09
 228372.676    58.893    -8.51    4.29
 228749.288    57.062    -4.86    3.32
 229125.857    56.723    -0.90    2.81
 229502.382    57.933     3.21    3.44
 229878.865    60.079     5.70    3.00
 230255.306    61.706     4.32    2.43
 230631.703    62.785     2.87    2.07
 231008.057    63.725     2.50    1.98
 231384.369    64.671     2.51    1.96
 231760.637    65.791     2.97    1.58
 232136.863    66.347     1.48    1.19
 232513.046    66.825     1.27    1.23
 232889.186    67.171     0.92    1.14
 233265.284    67.479     0.82    1.22
 233641.339    67.570     0.24    1.36
 234017.351    68.005     1.16    1.38
 234393.320    68.411     1.08    1.57
 234769.247    69.202     2.10    2.22
 235145.131    69.966     2.03    2.28
 235520.972    70.155     0.50    2.21
 235896.770    70.212     0.15    2.22
 236272.526    69.821    -1.04    1.98
 236648.240    69.079    -1.98    2.25
 237023.910    68.294    -2.09    2.51
 237399.538    66.720    -4.19    2.71
 237775.124    65.225    -3.98    2.12
 238150.667    64.080    -3.05    1.94
 238526.167    63.195    -2.36    1.62
 238901.625    62.486    -1.89    1.89
 239277.040    61.689    -2.12    1.85
 239652.413    61.147    -1.44    1.82
 240027.744    61.363     0.58    2.05
 240403.032    61.943     1.54    1.77
 240778.277    62.538     1.59    1.71
 241153.480    63.258     1.92    2.00
 241528.641    64.405     3.06    2.39
 241903.759    65.469     2.84    2.54
 242278.835    66.154     1.83    2.83
 242653.868    66.888     1.96    2.96
 243028.860    67.621     1.96    2.64
 243403.808    68.523     2.40    2.34
 243778.715    69.389     2.31    1.91
 244153.579    69.938     1.46    1.48
 244528.401    69.673    -0.71    1.64
 244903.180    68.982    -1.84    1.86
 245277.918    67.537    -3.86    2.08
 245652.613    66.130    -3.75    1.92
 246027.266    64.672    -3.89    2.26
 246401.876    63.299    -3.66    2.10
 246776.445    62.079    -3.26    1.96
 247150.971    60.876    -3.21    1.97
 247525.455    59.818    -2.82    2.11
 247899.897    58.725    -2.92    2.11
 248274.297    57.721    -2.68    2.32
 248648.655    56.960    -2.03    2.66
 249022.971    55.976    -2.63    2.91
 249397.244    54.825    -3.08    3.07
 249771.476    53.884    -2.51    2.80
 250145.665    52.463    -3.80    3.11
 250519.812    51.096    -3.65    3.59
 250893.918    49.384    -4.57    3.47
 251267.981    48.086    -3.47    3.24
 251642.002    48.146     0.16    3.50
 252015.982    48.461     0.84    3.65
 252389.919    50.244     4.77    3.42
 252763.815    52.079     4.91    3.45
 253137.668    53.876     4.80    3.75
 253511.480    56.405     6.76    2.92
 253885.250    57.769     3.65    2.33
 254258.978    59.355     4.24    1.52
 254632.664    59.673     0.85    1.21
 255006.308    59.734     0.16    1.33
 255379.910    59.336    -1.07    1.47
 255753.471    58.982    -0.95    1.43
 256126.989    58.690    -0.78    1.37
 256500.466    58.383    -0.82    1.40
 256873.901    57.921    -1.24    1.53
 257247.295    57.147    -2.07    1.90
 257620.646    56.309    -2.24    1.89
