-210287.731   129.493     0.00    7.18
-209912.647   128.541    -2.54    8.27
-209537.612   126.740    -4.80    9.17
-209162.627   126.545    -0.52    8.92
-208787.691   129.254     7.23    8.27
-208412.804   133.580    11.54    9.72
-208037.967   138.953    14.34    9.48
-207663.179   144.230    14.08    6.77
-207288.441   146.736     6.69    4.30
-206913.752   146.172    -1.50    5.12
-206539.112   145.393    -2.08    6.99
-206164.521   142.158    -8.64   10.04
-205789.980   137.138   -13.41   10.74
-205415.488   131.490   -15.08   10.07
-205041.045   124.783   -17.92    8.27
-204666.651   120.441   -11.60    7.68
-204292.307   116.507   -10.51    7.06
-203918.011   115.920    -1.57    5.95
-203543.765   118.384     6.58    5.94
-203169.567   121.996     9.66    7.86
-202795.419   129.360    19.68    8.12
-202421.320   135.491    16.39    6.79
-202047.270   139.922    11.85    4.94
-201673.269   142.815     7.74    2.69
-201299.317   142.152    -1.77    3.61
-200925.414   139.566    -6.92    6.06
-200551.560   133.578   -16.02    9.69
-200177.755   125.968   -20.36   10.31
-199803.998   120.526   -14.56    9.75
-199430.291   116.799    -9.98    9.36
-199056.632   114.353    -6.55   10.61
-198683.023   112.843    -4.04   10.76
-198309.462   111.905    -2.51   10.54
-197935.950   112.461     1.49    9.33
-197562.487   114.323     4.99    9.69
-197189.072   116.096     4.75    8.27
-196815.706   116.291     0.52    8.27
-196442.389   115.681    -1.63    8.81
-196069.121   115.589    -0.25    9.17
-195695.901   117.368     4.77    9.45
-195322.730   119.645     6.10   10.94
-194949.608   125.360    15.32   10.14
-194576.535   130.580    14.00    9.39
-194203.510   133.599     8.09    6.85
-193830.533   135.291     4.54    4.67
-193457.605   134.624    -1.79    4.60
-193084.726   134.368    -0.69    6.24
-192711.895   133.814    -1.49    7.30
-192339.113   132.530    -3.45    7.52
-191966.379   129.908    -7.04    8.54
-191593.694   123.153   -18.13   11.90
-191221.057   112.586   -28.36   12.57
-190848.468   102.799   -26.27   11.64
-190475.928    96.082   -18.03    7.19
-190103.436    93.152    -7.87    6.58
-189730.993    91.922    -3.30    6.70
-189358.598    92.178     0.69    5.50
-188986.252    92.491     0.84    4.60
-188613.953    93.384     2.40    4.30
-188241.703    93.411     0.07    7.62
-187869.501    94.553     3.07   10.36
-187497.348    95.799     3.35   11.75
-187125.243    96.720     2.47   11.31
-186753.186    94.299    -6.51   11.35
-186381.177    88.974   -14.32   11.52
-186009.216    79.725   -24.87   11.74
-185637.303    71.170   -23.01    8.94
-185265.439    66.212   -13.34    5.92
-184893.623    63.493    -7.31    1.88
-184521.854    64.049     1.50    1.92
-184150.134    66.025     5.32    2.49
-183778.462    68.208     5.88    3.11
-183406.838    70.375     5.83    3.22
-183035.262    71.844     3.96    3.64
-182663.734    73.565     4.63    4.06
-182292.253    75.537     5.31    4.78
-181920.821    77.981     6.58    5.38
-181549.437    81.261     8.83    5.68
-181178.101    84.935     9.90    5.31
-180806.812    87.799     7.71    5.25
-180435.572    90.254     6.61    5.75
-180064.379    92.331     5.60    6.30
-179693.234    94.299     5.30    6.61
-179322.137    96.362     5.56    6.82
-178951.087    97.830     3.96    6.45
-178580.086    99.073     3.35    6.67
-178209.132    99.343     0.73    6.21
-177838.226    98.766    -1.56    5.88
-177467.368    96.784    -5.35    6.08
-177096.557    94.815    -5.31    5.57
-176725.794    94.614    -0.54    4.64
-176355.079    96.168     4.19    5.17
-175984.411    99.466     8.90    6.18
-175613.791   103.999    12.23    6.92
-175243.219   108.261    11.50    6.81
-174872.694   111.112     7.70    5.17
-174502.216   111.091    -0.05    4.78
-174131.786   107.284   -10.28    6.86
-173761.404   101.632   -15.26    9.12
-173391.069    92.414   -24.89   12.07
-173020.782    83.275   -24.69   13.04
-172650.542    74.937   -22.52   10.06
-172280.350    70.434   -12.17    5.65
-171910.205    69.725    -1.91    3.31
-171540.107    71.041     3.55    3.49
-171170.057    73.736     7.28    4.36
-170800.054    77.670    10.64    5.14
-170430.099    82.814    13.91    6.84
-170060.191    88.049    14.15    6.73
-169690.330    92.343    11.61    5.88
-169320.516    95.112     7.49    4.20
-168950.750    95.323     0.57    3.73
-168581.031    94.153    -3.16    4.54
-168211.359    92.754    -3.78    5.37
-167841.734    90.283    -6.69    6.55
-167472.157    87.178    -8.40    8.01
-167102.626    81.402   -15.63    9.49
-166733.143    75.346   -16.39    9.73
-166363.707    68.999   -17.18    7.87
-165994.318    65.678    -8.99    5.03
-165624.977    65.014    -1.80    3.43
-165255.682    67.424     6.53    4.71
-164886.434    72.830    14.64    6.83
-164517.234    78.968    16.63    8.64
-164143.685    88.889    26.56   11.79
-163764.890    98.504    25.39   10.59
-163386.143   106.829    21.98    8.26
-163007.447   112.422    14.77    3.82
-162628.800   112.830     1.08    3.48
-162250.203   110.107    -7.19    5.93
-161871.655   106.344    -9.94    6.32
-161493.158   105.076    -3.35    6.20
-161114.709   107.529     6.48    8.05
-160736.311   112.907    14.21    8.05
-160357.962   117.202    11.36    4.94
-159979.662   116.711    -1.30    5.39
-159601.412   111.910   -12.69    8.83
-159223.211   105.445   -17.10   10.39
-158845.060    99.085   -16.82    8.30
-158466.959    96.691    -6.33    5.80
-158088.907    99.466     7.34    6.91
-157710.904   104.164    12.43    7.49
-157332.950   106.518     6.23    6.46
-156955.046   104.428    -5.53    8.37
-156577.192    97.471   -18.42   11.12
-156199.387    87.926   -25.27   13.06
-155821.631    79.405   -22.56   11.75
-155443.924    74.030   -14.23    6.43
-155066.267    73.640    -1.03    4.96
-154688.658    77.107     9.18    5.49
-154311.100    81.386    11.34    4.78
-153933.590    85.755    11.57    4.71
-153556.129    90.105    11.53    6.24
-153178.718    96.953    18.15    9.80
-152801.356   104.377    19.68   10.13
-152424.043   112.122    20.53    9.58
-152046.779   119.963    20.79    8.32
-151669.564   125.937    15.84    7.84
-151292.398   130.030    10.85    5.09
-150915.282   130.799     2.04    4.39
-150538.214   125.511   -14.03    8.90
-150161.195   116.216   -24.66   13.00
-149784.226   104.681   -30.60   14.84
-149407.305    97.420   -19.27   10.53
-149030.433    99.737     6.15   11.77
-148653.610   107.315    20.11   12.20
-148276.836   114.723    19.67    8.10
-147900.111   117.061     6.21    5.25
-147523.435   113.045   -10.66    7.86
-147146.808   106.275   -17.98    8.99
-146770.229   100.654   -14.93    7.20
-146393.699   100.240    -1.10    8.43
-146017.219   104.605    11.60   10.27
-145640.786   110.678    16.13   10.02
-145264.403   117.355    17.74    9.01
-144888.068   122.752    14.34    8.81
-144511.782   129.153    17.01    9.74
-144135.545   134.735    14.84    8.50
-143759.356   138.178     9.15    6.04
-143383.216   138.832     1.74    4.18
-143007.125   135.815    -8.02    5.68
-142631.082   130.476   -14.20    7.03
-142255.088   124.137   -16.86    9.09
-141879.143   114.445   -25.78   12.86
-141503.246   107.414   -18.71   12.50
-141127.397    99.424   -21.26   12.50
-140751.597    94.580   -12.89   11.54
-140375.845    92.208    -6.31   11.36
-140000.142    91.688    -1.38   11.16
-139624.488    91.533    -0.41   12.41
-139248.882    93.847     6.16   14.72
-138873.324    99.112    14.02   14.52
-138497.814   104.057    13.17   12.92
-138122.353   109.102    13.44   11.38
-137746.941   113.767    12.43    9.08
-137371.576   117.205     9.16    7.08
-136996.260   120.596     9.04    7.43
-136620.992   118.830    -4.71   12.31
-136245.773   119.605     2.06   13.18
-135870.601   120.942     3.56   13.00
-135495.478   120.089    -2.27   11.65
-135120.403   119.122    -2.58   10.94
-134745.377   117.530    -4.24   11.70
-134370.398   119.993     6.57    9.96
-133995.468   120.645     1.74    8.69
-133620.586   120.482    -0.44    9.58
-133245.752   119.205    -3.41   11.41
-132870.966   113.614   -14.92   13.61
-132496.228   107.259   -16.96   15.24
-132121.538   102.768   -11.99   14.77
-131746.896    96.684   -16.24   16.07
-131372.302    81.767   -39.83   23.81
-130997.756    65.416   -43.66   24.18
-130623.258    51.505   -37.15   18.69
-130248.808    42.640   -23.68    8.32
-129874.406    40.315    -6.21    3.01
-129500.052    40.330     0.04    2.69
-129125.746    40.230    -0.27    2.66
-128751.487    39.920    -0.83    2.31
-128377.277    40.627     1.89    3.41
-128003.114    40.096    -1.42    4.65
-127628.999    39.815    -0.75    5.05
-127254.932    37.799    -5.39    4.82
-126880.913    35.432    -6.33    3.24
-126506.941    34.087    -3.60    4.15
-126133.017    32.960    -3.01    3.71
-125759.141    32.537    -1.13    3.72
-125385.313    32.720     0.49    3.66
-125011.532    33.269     1.47    3.68
-124637.799    33.061    -0.56    3.62
-124264.113    32.688    -1.00    3.47
-123890.475    32.346    -0.92    3.50
-123516.885    31.737    -1.63    3.33
-123143.342    31.814     0.21    3.48
-122769.847    32.482     1.79    4.02
-122396.400    32.307    -0.47    4.53
-122023.000    32.566     0.69    4.82
-121649.647    32.769     0.54    4.28
-121276.342    32.573    -0.52    3.64
-120903.084    32.784     0.56    4.44
-120529.874    32.989     0.55    4.54
-120156.711    33.674     1.83    4.29
-119783.596    34.199     1.41    3.36
-119410.528    34.315     0.31    2.71
-119037.507    33.968    -0.93    2.58
-118664.534    33.259    -1.90    2.33
-118291.608    32.940    -0.86    2.20
-117918.730    32.704    -0.63    1.72
-117545.898    33.049     0.93    1.59
-117173.114    33.783     1.97    2.21
-116800.377    34.476     1.86    2.64
-116427.688    33.570    -2.43    3.82
-116055.045    33.674     0.28    3.71
-115682.450    31.960    -4.60    3.93
-115309.902    30.481    -3.97    3.73
-114937.401    30.037    -1.19    3.27
-114564.947    28.450    -4.26    2.19
-114192.541    27.999    -1.21    1.92
-113820.181    27.283    -1.92    1.22
-113447.869    27.553     0.72    1.57
-113075.603    28.116     1.51    2.31
-112703.385    29.346     3.30    3.06
-112331.214    31.283     5.21    3.83
-111959.089    32.181     2.41    3.91
-111587.012    32.799     1.66    4.07
-111214.981    33.057     0.69    3.53
-110842.998    33.122     0.17    3.08
-110471.061    33.377     0.69    2.25
-110099.172    33.686     0.83    1.48
-109727.329    33.353    -0.90    1.46
-109355.533    32.910    -1.19    1.56
-108983.784    32.643    -0.72    1.35
-108612.082    32.830     0.50    1.40
-108240.427    33.033     0.55    1.40
-107868.818    33.533     1.35    1.25
-107497.256    34.132     1.61    1.33
-107125.741    34.907     2.08    1.62
-106754.273    35.767     2.32    1.92
-106382.851    36.770     2.70    1.90
-106011.476    37.605     2.25    1.85
-105640.148    38.340     1.98    1.86
-105268.866    39.066     1.95    1.62
-104897.631    39.441     1.01    1.72
-104526.443    39.767     0.88    1.59
-104155.301    40.002     0.63    1.35
-103784.206    40.434     1.16    1.18
-103413.158    40.999     1.52    1.43
-103042.155    41.845     2.28    1.92
-102671.200    42.614     2.07    2.08
-102300.291    43.440     2.23    2.14
-101929.428    43.958     1.40    1.96
-101558.612    44.330     1.00    1.49
-101187.843    44.831     1.35    1.38
-100817.120    45.907     2.90    1.53
-100446.443    46.910     2.71    1.70
-100075.813    48.132     3.30    1.74
 -99705.229    49.476     3.63    1.91
 -99334.691    50.887     3.81    2.40
 -98964.200    52.516     4.40    2.83
 -98593.755    53.577     2.86    2.52
 -98223.356    54.651     2.90    1.95
 -97853.004    55.955     3.52    1.77
 -97482.698    56.976     2.76    1.99
 -97112.438    58.190     3.28    1.84
 -96742.224    59.878     4.56    1.74
 -96372.057    61.190     3.54    2.16
 -96001.936    62.674     4.01    2.73
 -95631.860    64.450     4.80    3.22
 -95261.832    66.599     5.81    3.54
 -94891.849    68.057     3.94    3.97
 -94521.912    69.609     4.19    4.48
 -94152.022    70.907     3.51    5.06
 -93782.177    72.491     4.28    4.71
 -93412.379    73.584     2.95    4.03
 -93042.626    74.942     3.67    3.38
 -92672.920    76.180     3.35    2.88
 -92303.260    78.068     5.11    2.65
 -91933.645    79.949     5.09    2.22
 -91564.077    82.002     5.56    2.80
 -91194.555    84.654     7.18    3.23
 -90825.078    87.362     7.33    3.59
 -90455.648    89.982     7.09    3.06
 -90086.263    92.784     7.59    3.14
 -89716.924    95.455     7.23    3.02
 -89344.462    97.799     6.29    3.20
 -88965.767   100.180     6.29    2.78
 -88587.121   101.549     3.62    2.58
 -88208.523   102.291     1.96    2.39
 -87829.973   101.815    -1.26    2.95
 -87451.471   100.196    -4.28    3.26
 -87073.018    98.549    -4.35    3.59
 -86694.614    96.917    -4.31    3.33
 -86316.257    95.339    -4.17    3.09
 -85937.949    92.955    -6.30    5.06
 -85559.689    85.307   -20.22   13.03
 -85181.478    76.537   -23.19   15.93
 -84803.315    67.568   -23.72   13.17
 -84425.199    60.428   -18.89    7.86
 -84047.133    58.373    -5.44    5.06
 -83669.114    58.916     1.44    4.73
 -83291.143    59.738     2.18    4.48
 -82913.221    60.656     2.43    4.28
 -82535.346    62.440     4.72    4.83
 -82157.520    65.565     8.27    5.69
 -81779.742    68.751     8.44    4.45
 -81402.012    71.557     7.43    3.84
 -81024.330    73.366     4.79    4.31
 -80646.696    75.202     4.86    4.62
 -80269.110    76.602     3.71    4.99
 -79891.572    78.158     4.12    5.08
 -79514.082    79.877     4.55    4.80
 -79136.640    81.674     4.76    4.51
 -78759.245    83.627     5.18    4.55
 -78381.899    85.132     3.99    4.27
 -78004.601    87.061     5.11    3.82
 -77627.350    87.966     2.40    3.57
 -77250.147    87.014    -2.52    4.14
 -76872.992    85.373    -4.35    4.47
 -76495.885    83.861    -4.01    4.32
 -76118.826    82.399    -3.88    4.62
 -75741.814    81.445    -2.53    4.47
 -75364.850    79.291    -5.71    4.53
 -74987.934    76.942    -6.23    4.69
 -74611.066    75.096    -4.90    4.40
 -74234.245    74.299    -2.11    4.03
 -73857.472    75.405     2.94    3.90
 -73480.747    77.176     4.70    3.50
 -73104.069    76.737    -1.17    4.30
 -72727.439    74.002    -7.26    7.11
 -72350.856    68.894   -13.56    8.99
 -71974.321    64.143   -12.62    7.38
 -71597.834    62.894    -3.32    6.07
 -71221.394    66.596     9.83    8.54
 -70845.001    69.982     9.00    9.65
 -70468.657    67.375    -6.93   13.82
 -70092.359    61.996   -14.30   16.19
 -69716.109    54.609   -19.64   12.91
 -69339.907    49.101   -14.64    4.24
 -68963.751    49.751     1.73    2.92
 -68587.644    51.461     4.54    2.48
 -68211.583    53.105     4.37    1.96
 -67835.570    54.101     2.65    1.25
 -67459.605    54.455     0.94    1.42
 -67083.686    54.637     0.49    1.38
 -66707.815    54.766     0.34    1.28
 -66331.992    55.418     1.73    1.36
 -65956.215    56.186     2.04    1.40
 -65580.486    57.080     2.38    1.49
 -65204.804    58.476     3.72    1.93
 -64829.169    59.993     4.04    2.48
 -64453.581    61.545     4.13    2.26
 -64078.041    61.702     0.42    2.46
 -63702.547    58.946    -7.34    5.00
 -63327.101    54.766   -11.14    5.58
 -62951.702    50.912   -10.27    4.86
 -62576.350    47.783    -8.34    2.55
 -62201.045    45.846    -5.16    2.51
 -61825.787    43.877    -5.25    3.31
 -61450.577    42.127    -4.66    4.25
 -61075.413    39.440    -7.16    4.24
 -60700.296    37.235    -5.88    3.45
 -60325.226    35.861    -3.66    2.70
 -59950.203    35.218    -1.71    2.15
 -59575.227    34.912    -0.82    2.30
 -59200.298    34.849    -0.17    2.30
 -58825.416    35.049     0.53    2.10
 -58450.581    35.299     0.67    2.23
 -58075.792    35.533     0.63    1.92
 -57701.051    35.428    -0.28    1.79
 -57326.356    35.275    -0.41    1.75
 -56951.708    34.999    -0.74    1.44
 -56577.107    34.593    -1.08    1.06
 -56202.553    34.783     0.51    1.29
 -55828.045    34.881     0.26    1.61
 -55453.584    35.399     1.38    1.93
 -55079.170    35.432     0.09    2.12
 -54704.803    35.346    -0.23    2.29
 -54330.482    34.976    -0.99    2.19
 -53956.208    34.737    -0.64    1.82
 -53581.980    34.894     0.42    1.56
 -53207.799    35.005     0.30    1.38
 -52833.665    35.440     1.16    1.74
 -52459.577    35.863     1.13    1.77
 -52085.536    36.414     1.48    2.12
 -51711.542    37.025     1.63    2.15
 -51337.594    37.390     0.98    2.22
 -50963.692    37.732     0.92    1.94
 -50589.837    38.235     1.34    1.78
 -50216.028    38.735     1.34    1.59
 -49842.266    39.030     0.79    1.57
 -49468.551    39.497     1.25    1.71
 -49094.881    40.065     1.52    1.82
 -48721.258    40.847     2.09    1.86
 -48347.682    41.609     2.04    1.85
 -47974.152    42.690     2.89    2.13
 -47600.668    43.767     2.88    2.14
 -47227.230    45.259     4.00    2.01
 -46853.839    46.249     2.65    1.75
 -46480.494    46.417     0.45    2.17
 -46107.195    46.082    -0.90    3.07
 -45733.943    46.057    -0.07    3.55
 -45360.737    46.061     0.01    4.53
 -44987.577    46.768     1.89    4.73
 -44614.463    47.752     2.64    4.23
 -44241.395    49.085     3.57    3.99
 -43868.374    50.974     5.06    3.01
 -43495.399    52.688     4.60    2.48
 -43122.469    54.549     4.99    2.02
 -42749.586    56.085     4.12    2.17
 -42376.749    57.847     4.73    2.34
 -42003.958    60.032     5.86    2.75
 -41631.213    62.541     6.73    3.44
 -41258.514    64.766     5.97    2.98
 -40885.862    66.751     5.33    3.06
 -40513.255    69.654     7.79    6.17
 -40140.694    73.174     9.45    8.29
 -39768.179    78.846    15.23    9.54
 -39395.710    83.221    11.75    8.54
 -39023.286    86.497     8.80    6.64
 -38650.909    86.944     1.20    6.55
 -38278.578    87.259     0.85    6.30
 -37906.292    88.799     4.14    4.81
 -37534.053    89.355     1.49    4.25
 -37161.859    88.307    -2.81    3.95
 -36789.711    88.537     0.62    4.79
 -36417.609    88.299    -0.64    5.49
 -36045.552    90.645     6.31    6.82
 -35673.541    93.996     9.01    5.77
 -35301.576    93.686    -0.83    5.40
 -34929.657    95.105     3.82    5.00
 -34557.783    94.612    -1.33    4.64
 -34185.956    95.428     2.20    5.00
 -33814.173    94.640    -2.12    6.05
 -33442.437    86.768   -21.18   14.16
 -33070.746    70.924   -42.63   26.61
 -32699.100    49.830   -56.76   28.10
 -32327.501    34.275   -41.86   20.13
 -31955.946    23.444   -29.15    7.83
 -31584.438    20.815    -7.08    0.13
 -31212.974    20.799    -0.04    0.00
 -30841.557    20.799     0.00    0.00
 -30470.185    20.799     0.00    0.00
 -30098.858    20.799     0.00    0.00
 -29727.577    20.799     0.00    0.00
 -29356.341    20.799     0.00    0.00
 -28985.151    20.799     0.00    0.00
 -28614.006    20.799     0.00    0.00
 -28242.906    20.799     0.00    0.00
 -27871.852    20.799     0.00    0.00
 -27500.843    20.799     0.00    0.00
 -27129.880    20.799     0.00    0.00
 -26758.962    20.799     0.00    0.00
 -26388.089    20.799     0.00    0.00
 -26017.261    21.094     0.80    2.30
 -25646.479    31.212    27.29   32.19
 -25275.742    48.324    46.16   55.35
 -24905.050    59.784    30.91   57.77
 -24534.404    62.732     7.96   54.38
 -24163.802    55.799   -18.71   43.26
 -23793.246    46.682   -24.60   31.93
 -23422.735    45.299    -3.73   27.62
 -23052.269    55.702    28.08   33.39
 -22681.848    73.299    47.51   40.50
 -22311.472   100.307    72.92   51.04
 -21941.142   124.080    64.20   47.07
 -21570.856   144.080    54.01   37.56
 -21200.616   158.346    38.53   28.42
 -20830.420   158.127    -0.59   24.04
 -20460.270   154.347   -10.21   19.10
 -20090.164   148.164   -16.71   15.52
 -19720.104   140.396   -20.99   12.31
 -19350.088   137.622    -7.50    7.72
 -18980.118   136.209    -3.82    5.36
 -18610.192   132.002   -11.37    8.44
 -18240.311   125.899   -16.50   11.53
 -17870.475   117.580   -22.49   13.90
 -17500.684   107.426   -27.46   12.98
 -17130.938    99.283   -22.02   12.97
 -16761.237    89.094   -27.56   13.13
 -16391.580    78.783   -27.89   15.98
 -16021.969    65.750   -35.26   18.49
 -15652.402    55.085   -28.86   17.88
 -15282.880    47.783   -19.76   14.17
 -14913.402    43.205   -12.39   14.60
 -14541.884    41.509    -4.57   16.24
 -14163.292    38.993    -6.65   18.83
 -13784.747    38.096    -2.37   21.31
 -13406.249    36.751    -3.55   23.04
 -13027.798    32.846   -10.32   20.85
 -12649.395    30.104    -7.25   17.92
 -12271.038    28.704    -3.70   15.28
 -11892.729    31.259     6.76   16.61
 -11514.466    34.205     7.79   17.47
 -11136.251    35.863     4.38   16.56
 -10758.083    36.944     2.86   14.43
 -10379.961    41.393    11.77   14.03
 -10001.887    49.332    21.00   15.50
  -9623.859    58.976    25.51   13.29
  -9245.879    64.438    14.45   10.93
  -8867.945    69.168    12.52   10.85
  -8490.059    71.846     7.09   11.02
  -8112.219    75.830    10.55   11.42
  -7734.426    81.704    15.55   12.74
  -7356.680    87.949    16.53   13.15
  -6978.981    95.117    18.98   10.24
  -6601.329    95.932     2.16    9.81
  -6223.723    86.622   -24.66   17.01
  -5846.164    70.283   -43.27   21.20
  -5468.652    56.080   -37.62   20.54
  -5091.187    38.767   -45.87   20.25
  -4713.768    23.557   -40.30   19.52
  -4336.396     9.751   -36.58   15.49
  -3959.071     0.247   -25.19    5.63
  -3581.793    -1.022    -3.36    1.03
  -3204.561    -0.167     2.27    2.46
  -2827.375     0.751     2.44    2.81
  -2450.237     2.025     3.38    2.83
  -2073.145     3.021     2.64    2.67
  -1696.099     3.221     0.53    2.54
  -1319.100     3.315     0.25    2.41
   -942.148     2.735    -1.54    2.71
   -565.242     1.799    -2.48    2.70
   -188.382     0.602    -3.18    2.44
    188.431    -0.286    -2.36    2.13
    565.197     0.402     1.83    3.00
    941.917     2.880     6.58    4.74
   1318.591     4.654     4.71    4.22
   1695.218     7.307     7.04    3.51
   2071.799     7.958     1.73    3.22
   2448.333     8.541     1.55    2.85
   2824.822     8.232    -0.82    2.71
   3201.263     7.045    -3.15    2.35
   3577.659     6.471    -1.53    1.98
   3954.008     5.672    -2.12    1.44
   4330.311     5.085    -1.56    1.24
   4706.568     4.412    -1.79    1.14
   5082.778     4.577     0.44    1.28
   5458.942     5.009     1.15    1.63
   5835.060     5.877     2.31    1.90
   6211.132     6.216     0.90    1.69
   6587.158     6.476     0.69    1.59
   6963.138     6.717     0.64    1.26
   7339.071     6.720     0.01    1.11
   7714.958     6.393    -0.87    1.37
   8090.799     6.330    -0.17    1.36
   8466.595     6.307    -0.06    1.13
   8842.344     6.218    -0.24    0.92
   9218.047     6.830     1.63    1.75
   9593.704     7.949     2.98    2.80
   9969.315     8.717     2.04    3.39
  10344.880     9.528     2.16    3.53
  10720.399     9.330    -0.53    3.39
  11095.872     8.735    -1.59    3.40
  11471.299     7.049    -4.49    2.83
  11846.681     5.847    -3.20    1.57
  12222.016     5.577    -0.72    1.56
  12597.306     6.926     3.60    3.90
  12972.550    10.016     8.23    6.14
  13347.747    14.444    11.80    6.70
  13722.900    18.385    10.51    4.74
  14098.006    20.632     5.99    2.43
  14473.066    21.816     3.16    1.26
  14848.081    22.704     2.37    1.47
  15223.050    23.138     1.16    1.28
  15597.973    23.299     0.43    1.21
  15972.851    23.205    -0.25    1.23
  16347.683    22.993    -0.57    1.07
  16722.469    23.476     1.29    1.42
  17097.210    24.160     1.82    1.48
  17471.905    25.360     3.20    1.87
  17846.554    25.949     1.57    1.78
  18221.158    25.896    -0.14    1.76
  18595.716    25.635    -0.70    1.51
  18970.228    24.944    -1.84    1.02
  19344.695    24.783    -0.43    0.98
  19719.117    24.684    -0.26    0.97
  20093.493    24.362    -0.86    0.89
  20467.823    24.235    -0.34    0.74
  20842.108    24.148    -0.23    0.68
  21216.348    24.094    -0.14    0.78
  21590.542    23.910    -0.49    0.92
  21964.691    24.132     0.59    1.05
  22338.794    24.283     0.40    1.10
  22712.852    24.275    -0.02    1.15
  23086.865    24.252    -0.06    0.96
  23460.832    23.863    -1.04    1.18
  23834.754    23.259    -1.61    1.48
  24208.630    22.815    -1.19    1.59
  24582.462    22.799    -0.04    1.45
  24956.248    23.205     1.09    1.67
  25329.988    23.504     0.80    1.87
  25703.684    22.976    -1.41    2.71
  26077.334    22.049    -2.48    3.20
  26450.939    20.408    -4.39    2.52
  26824.499    19.267    -3.06    1.26
  27198.014    19.751     1.30    1.61
  27571.483    20.525     2.07    1.70
  27944.908    21.315     2.12    1.61
  28318.287    21.880     1.51    1.41
  28691.621    21.912     0.09    1.31
  29064.911    21.815    -0.26    1.42
  29438.155    21.982     0.45    1.40
  29811.354    21.784    -0.53    1.43
  30184.508    21.713    -0.19    1.42
  30557.617    21.274    -1.17    1.21
  30930.681    21.070    -0.55    0.96
  31303.700    21.720     1.74    1.90
  31676.674    22.766     2.80    2.76
  32049.603    23.751     2.64    3.11
  32422.487    23.638    -0.30    3.19
  32795.327    23.418    -0.59    3.20
  33168.121    23.418     0.00    3.25
  33540.871    23.525     0.29    3.22
  33913.575    23.509    -0.04    3.20
  34286.235    23.154    -0.95    3.11
  34658.850    22.599    -1.49    2.65
  35031.421    21.949    -1.74    1.69
  35403.946    21.847    -0.27    1.19
  35776.427    21.848     0.00    0.92
  36148.863    22.049     0.54    1.14
  36521.254    22.364     0.84    1.18
  36893.601    22.799     1.17    1.09
  37265.902    23.299     1.34    0.97
  37638.160    23.557     0.69    0.97
  38010.372    23.942     1.03    0.95
  38382.540    24.138     0.53    1.01
  38754.663    24.815     1.82    1.41
  39126.742    25.525     1.91    1.71
  39498.776    26.460     2.51    1.79
  39870.766    27.471     2.72    1.70
  40242.710    28.783     3.53    2.43
  40614.611    30.949     5.82    3.34
  40986.467    33.896     7.92    4.98
  41358.278    37.037     8.45    5.06
  41730.045    39.148     5.68    4.92
  42101.767    42.158     8.10    5.02
  42473.445    44.815     7.15    5.49
  42845.079    48.520     9.97    5.91
  43216.668    52.557    10.86    6.14
  43588.213    57.686    13.80    6.07
  43959.713    62.646    13.35    7.31
  44331.169    67.767    13.79    8.25
  44702.581    72.189    11.90    7.19
  45073.948    74.076     5.08    5.85
  45445.271    74.902     2.23    4.84
  45816.550    73.586    -3.55    5.25
  46187.784    70.019    -9.61    6.46
  46558.974    66.434    -9.66    7.79
  46930.120    62.532   -10.51    7.74
  47301.222    59.847    -7.24    7.37
  47672.279    57.138    -7.30    6.50
  48043.293    55.274    -5.02    5.84
  48414.262    53.912    -3.67    5.93
  48785.187    53.993     0.22    7.93
  49156.068    55.180     3.20    9.87
  49526.904    56.373     3.22   10.91
  49897.697    57.377     2.71   11.05
  50268.445    55.918    -3.94   10.65
  50639.150    52.541    -9.11   10.63
  51009.810    48.511   -10.87   10.66
  51380.427    46.132    -6.42    7.91
  51750.999    45.307    -2.23    6.68
  52121.527    49.170    10.42    7.55
  52492.012    53.947    12.89    6.22
  52862.452    56.672     7.36    6.24
  53232.848    59.509     7.66    6.96
  53603.201    61.259     4.73    7.83
  53973.509    64.525     8.82    8.55
  54343.774    67.078     6.89    8.47
  54713.995    69.513     6.58    8.16
  55084.172    69.799     0.77    8.47
  55454.305    68.513    -3.47    9.21
  55824.394    65.783    -7.38    8.98
  56194.439    62.122    -9.89    8.21
  56564.441    56.699   -14.65    7.77
  56934.399    48.596   -21.90    9.79
  57304.313    39.799   -23.78   10.33
  57674.183    36.267    -9.55    7.59
  58044.010    34.971    -3.50    6.14
  58413.793    37.525     6.90    5.96
  58783.532    39.733     5.97    3.60
  59153.227    37.622    -5.71    5.36
  59522.879    32.654   -13.44    6.50
  59892.487    28.212   -12.02    6.50
  60263.170    23.672   -12.25    7.09
  60641.664    19.355   -11.41    7.05
  61020.111    14.640   -12.46    4.49
  61398.513    12.189    -6.48    1.08
  61776.870    12.045    -0.38    0.90
  62155.180    12.109     0.17    0.84
  62533.444    12.170     0.16    1.04
  62911.663    12.358     0.50    1.22
  63289.835    12.668     0.82    1.52
  63667.962    13.037     0.98    1.62
  64046.043    13.619     1.54    2.14
  64424.079    15.196     4.17    3.03
  64802.068    17.166     5.21    2.77
  65180.012    18.928     4.66    2.15
  65557.910    20.274     3.56    1.46
  65935.762    21.307     2.73    2.00
  66313.569    22.565     3.33    2.57
  66691.330    23.704     3.02    2.87
  67069.045    25.085     3.66    2.52
  67446.715    26.206     2.97    2.60
  67824.339    28.705     6.62    3.78
  68201.917    31.523     7.46    4.30
  68579.450    34.573     8.08    3.99
  68956.938    37.172     6.88    3.17
  69334.379    38.684     4.01    3.48
  69711.776    40.450     4.68    3.50
  70089.126    42.520     5.49    3.83
  70466.431    45.513     7.93    4.64
  70843.691    48.416     7.69    5.42
  71220.905    52.243    10.15    6.52
  71598.074    58.066    15.44    7.30
  71975.198    62.958    12.97    6.67
  72352.276    65.180     5.89    6.04
  72729.308    65.497     0.84    5.77
  73106.296    64.815    -1.81    5.99
  73483.238    64.832     0.05    5.55
  73860.134    65.609     2.06    5.35
  74236.985    67.678     5.49    4.84
  74613.791    70.143     6.54    4.45
  74990.552    72.799     7.05    4.43
  75367.268    76.176     8.96    4.61
  75743.938    79.089     7.73    4.04
  76120.563    80.897     4.80    3.49
  76497.142    80.025    -2.32    4.34
  76873.677    76.686    -8.87    6.26
  77250.166    73.670    -8.01    6.29
  77626.611    72.006    -4.42    4.97
  78003.010    72.476     1.25    4.98
  78379.364    73.847     3.64    5.22
  78755.673    73.974     0.34    5.03
  79131.936    73.537    -1.16    5.24
  79508.155    72.406    -3.01    5.44
  79884.329    70.307    -5.58    5.66
  80260.457    68.466    -4.90    5.45
  80636.541    67.831    -1.69    4.39
  81012.580    68.058     0.60    3.76
  81388.573    69.408     3.59    3.96
  81764.522    71.499     5.56    3.92
  82140.426    73.989     6.62    4.07
  82516.285    77.110     8.30    4.18
  82892.098    79.622     6.68    3.75
  83267.867    82.355     7.27    3.51
  83643.592    84.602     5.98    3.31
  84019.271    85.830     3.27    2.92
  84394.905    86.023     0.51    3.27
  84770.495    85.267    -2.01    3.67
  85146.040    83.613    -4.40    4.07
  85521.540    82.815    -2.12    4.21
  85896.995    82.532    -0.75    4.07
  86272.406    80.960    -4.19    4.19
  86647.771    76.654   -11.47    7.51
  87023.092    70.668   -15.95   11.21
  87398.369    64.656   -16.02   10.69
  87773.600    60.627   -10.74    7.49
  88148.787    62.012     3.69    7.21
  88523.930    67.257    13.98    6.44
  88899.027    72.339    13.55    5.85
  89274.081    76.815    11.93    4.99
  89649.089    80.085     8.72    4.77
  90024.053    82.750     7.11    4.10
  90398.972    83.799     2.80    3.23
  90773.847    83.751    -0.13    2.78
  91148.678    83.019    -1.95    3.01
  91523.463    81.143    -5.01    4.15
  91898.205    78.420    -7.27    5.35
  92272.902    72.242   -16.49    9.59
  92647.554    62.630   -25.65   11.86
  93022.162    56.982   -15.07    8.87
  93396.725    56.732    -0.67    8.59
  93771.244    62.488    15.37   10.84
  94145.719    71.005    22.74    8.56
  94520.150    76.460    14.57    5.05
  94894.536    78.896     6.50    3.27
  95268.877    79.816     2.46    3.02
  95643.175    79.656    -0.43    3.04
  96017.428    77.882    -4.74    4.12
  96391.636    74.299    -9.57    5.32
  96765.801    69.573   -12.63    5.52
  97139.921    65.832   -10.00    6.24
  97513.997    62.057   -10.09    6.67
  97888.029    59.573    -6.64    7.50
  98262.016    56.672    -7.76    8.15
  98635.960    52.952    -9.95    8.88
  99009.859    46.085   -18.36   11.19
  99383.714    37.729   -22.35    9.44
  99757.525    32.979   -12.70    6.80
 100131.292    31.075    -5.09    3.93
 100505.015    34.688     9.67    6.13
 100878.693    42.061    19.73    9.88
 101252.328    50.037    21.34   11.23
 101625.919    57.364    19.61    8.14
 101999.465    59.684     6.21    5.36
 102372.968    57.863    -4.88    7.16
 102746.426    52.882   -13.33    9.72
 103119.841    46.396   -17.37   10.36
 103493.211    41.023   -14.39    8.97
 103866.538    36.914   -11.01    7.42
 104239.821    34.765    -5.76    6.58
 104613.059    32.767    -5.35    5.38
 104986.254    32.409    -0.96    5.49
 105359.405    32.656     0.66    5.60
 105732.513    32.082    -1.54    5.54
 106105.576    32.356     0.73    5.15
 106478.595    33.370     2.72    4.55
 106851.571    34.291     2.47    4.89
 107224.503    33.259    -2.77    6.27
 107597.391    30.701    -6.86    8.14
 107970.235    26.186   -12.11    8.31
 108343.036    21.495   -12.58    5.32
 108715.793    18.880    -7.02    3.94
 109088.506    16.482    -6.43    2.27
 109461.176    15.138    -3.61    1.85
 109833.801    13.089    -5.50    2.66
 110206.384    11.182    -5.12    3.36
 110578.922     9.176    -5.38    3.22
 110951.417     7.979    -3.21    2.49
 111323.868     7.751    -0.61    2.09
 111696.276     8.619     2.33    2.11
 112068.640     9.386     2.06    1.87
 112440.961    10.138     2.02    1.41
 112813.238    10.460     0.87    1.83
 113185.471    10.966     1.36    2.12
 113557.661    11.735     2.07    2.46
 113929.808    13.016     3.44    2.79
 114301.911    13.235     0.59    2.75
 114673.970    13.960     1.95    3.18
 115045.987    14.053     0.25    2.74
 115417.959    15.029     2.62    2.78
 115789.889    16.848     4.89    3.90
 116161.775    20.029     8.55    4.56
 116533.617    23.666     9.78    4.60
 116905.416    27.170     9.42    4.01
 117277.172    29.680     6.75    3.35
 117648.885    30.908     3.30    3.10
 118020.554    31.385     1.28    3.54
 118392.180    32.406     2.75    4.19
 118763.762    33.070     1.79    4.06
 119135.302    33.638     1.53    3.59
 119506.798    33.509    -0.35    4.02
 119878.251    33.105    -1.09    3.83
 120249.661    33.815     1.91    4.47
 120621.027    35.570     4.72    5.32
 120992.350    36.831     3.40    5.57
 121363.631    36.632    -0.54    6.10
 121734.868    35.882    -2.02    6.44
 122106.062    34.782    -2.96    5.80
 122477.212    34.525    -0.69    5.10
 122848.320    35.161     1.71    4.61
 123219.385    35.690     1.42    4.76
 123590.406    36.851     3.13    4.79
 123961.385    38.389     4.15    4.56
 124332.320    39.616     3.31    4.87
 124703.213    41.251     4.41    3.31
 125074.062    43.258     5.41    2.51
 125444.869    45.116     5.01    3.25
 125815.632    47.537     6.53    3.67
 126186.353    49.717     5.88    3.53
 126557.031    53.025     8.92    4.24
 126927.666    56.382     9.06    5.26
 127298.257    59.816     9.26    4.98
 127668.806    61.901     5.63    3.37
 128039.313    60.799    -2.97    4.53
 128409.776    57.240    -9.61    6.81
 128780.196    51.705   -14.94    8.01
 129150.574    45.092   -17.85    7.54
 129520.909    40.225   -13.14    6.78
 129891.201    38.087    -5.77    4.62
 130261.450    38.847     2.05    4.37
 130631.657    41.985     8.48    5.54
 131001.820    45.878    10.52    5.42
 131371.941    50.382    12.17    4.82
 131742.020    54.182    10.27    5.55
 132112.056    58.340    11.23    6.61
 132482.049    62.251    10.57    6.58
 132851.999    65.045     7.55    5.97
 133221.907    66.932     5.10    5.60
 133591.772    68.228     3.50    5.79
 133961.594    69.765     4.16    5.86
 134331.374    71.932     5.86    5.25
 134701.112    73.540     4.35    3.51
 135071.079    71.422    -5.73    5.35
 135449.476    66.489   -13.04    7.27
 135827.827    62.960    -9.32    5.96
 136206.134    62.282    -1.79    5.60
 136584.396    65.412     8.27    6.99
 136962.613    71.116    15.08    6.74
 137340.786    75.036    10.37    4.69
 137718.914    76.412     3.64    2.96
 138096.997    75.109    -3.44    3.86
 138475.036    72.561    -6.74    4.34
 138853.030    70.138    -6.41    4.44
 139230.980    67.212    -7.74    5.07
 139608.885    63.186   -10.65    6.53
 139986.745    60.912    -6.02    6.53
 140364.561    59.364    -4.10    6.10
 140742.332    57.203    -5.72    7.02
 141120.059    54.116    -8.17    7.61
 141497.741    50.232   -10.28    7.49
 141875.379    45.944   -11.35    5.89
 142252.973    41.619   -11.45    4.70
 142630.522    38.881    -7.25    3.87
 143008.026    36.649    -5.91    3.79
 143385.486    34.466    -5.78    3.37
 143762.902    32.912    -4.12    2.78
 144140.273    32.213    -1.85    2.97
 144517.600    31.702    -1.35    3.52
 144894.883    31.979     0.73    6.10
 145272.121    32.073     0.25    7.52
 145649.315    30.999    -2.85    8.66
 146026.465    28.649    -6.23   10.50
 146403.571    26.235    -6.40   10.71
 146780.632    21.920   -11.44   10.02
 147157.649    16.701   -13.84   10.68
 147534.622    10.454   -16.57    9.09
 147911.550     4.976   -14.53    5.88
 148288.435     2.182    -7.41    4.14
 148665.275     1.471    -1.89    2.96
 149042.071     0.878    -1.57    1.84
 149418.823     1.240     0.96    1.48
 149795.531     0.976    -0.70    1.57
 150172.195     0.402    -1.52    1.30
 150548.814     0.029    -0.99    1.16
 150925.390     0.036     0.02    1.19
 151301.922     0.216     0.48    1.06
 151678.409     0.406     0.50    1.13
 152054.853     0.520     0.30    1.16
 152431.252     0.732     0.56    1.27
 152807.608     0.766     0.09    1.62
 153183.919    -0.201    -2.57    2.72
 153560.187    -1.425    -3.25    3.00
 153936.411    -2.693    -3.37    2.43
 154312.591    -3.421    -1.94    1.61
 154688.726    -2.709     1.89    1.99
 155064.819    -1.726     2.61    2.31
 155440.867    -0.991     1.95    2.50
 155816.871    -0.395     1.59    2.46
 156192.832    -0.080     0.84    2.69
 156568.748     0.324     1.07    2.57
 156944.621     1.092     2.04    2.64
 157320.450     2.057     2.57    2.57
 157696.236     2.932     2.33    2.75
 158071.977     3.616     1.82    2.88
 158447.675     4.832     3.24    2.79
 158823.329     5.848     2.71    2.45
 159198.940     6.799     2.53    1.83
 159574.507     7.466     1.77    1.45
 159950.030     7.670     0.54    1.79
 160325.509     7.638    -0.08    2.20
 160700.945     7.143    -1.32    2.27
 161076.338     7.019    -0.33    2.13
 161451.686     6.815    -0.54    1.81
 161826.991     7.061     0.66    1.61
 162202.253     7.225     0.44    1.67
 162577.471     7.832     1.62    1.93
 162952.645     8.426     1.58    2.05
 163327.776     9.557     3.01    2.31
 163702.864    10.161     1.61    2.54
 164077.908    11.186     2.73    2.72
 164452.908    12.482     3.46    2.68
 164827.865    13.999     4.04    2.56
 165202.779    15.553     4.14    2.71
 165577.649    17.242     4.50    3.25
 165952.476    18.928     4.50    3.92
 166327.260    20.399     3.92    4.37
 166702.000    22.041     4.38    4.48
 167076.697    23.942     5.07    4.41
 167451.350    27.009     8.18    4.06
 167825.960    29.036     5.41    4.25
 168200.527    31.686     7.07    4.55
 168575.051    34.999     8.84    5.13
 168949.531    37.532     6.76    5.15
 169323.968    39.882     6.28    5.01
 169698.362    42.209     6.21    5.70
 170072.713    45.847     9.72    8.12
 170447.020    48.949     8.28   10.46
 170821.284    50.364     3.78   11.15
 171195.505    52.656     6.13   11.17
 171569.683    52.865     0.56   10.31
 171943.818    49.516    -8.95    9.23
 172317.910    46.138    -9.03    7.93
 172691.958    43.356    -7.43    5.55
 173065.964    43.566     0.56    4.37
 173439.926    46.949     9.05    7.72
 173813.846    53.094    16.43   10.08
 174187.722    60.718    20.39    9.40
 174561.555    63.161     6.53    9.73
 174935.346    56.570   -17.63   16.58
 175309.093    47.120   -25.28   17.53
 175682.798    38.029   -24.32   15.04
 176056.459    29.816   -21.97    7.84
 176430.078    27.767    -5.48    4.46
 176803.653    27.766    -0.00    3.49
 177177.186    29.579     4.85    4.41
 177550.676    33.061     9.32    6.21
 177924.123    36.176     8.34    6.39
 178297.527    40.751    12.25    5.48
 178670.888    44.178     9.18    5.34
 179044.207    47.143     7.94    6.39
 179417.482    51.228    10.94    6.88
 179790.715    55.732    12.07    6.97
 180163.905    60.036    11.53    6.10
 180537.052    63.275     8.68    5.22
 180910.157    65.682     6.45    4.67
 181283.219    67.282     4.29    4.90
 181656.238    69.499     5.94    5.45
 182029.215    70.963     3.92    5.46
 182402.148    72.947     5.32    4.87
 182775.039    73.545     1.60    5.57
 183147.888    73.504    -0.11    5.91
 183520.694    73.692     0.50    5.81
 183893.457    75.078     3.72    5.11
 184266.178    76.426     3.62    5.17
 184638.856    78.974     6.83    5.06
 185011.491    80.932     5.26    3.73
 185384.084    80.116    -2.19    4.28
 185756.635    77.078    -8.15    6.09
 186129.143    73.324   -10.08    5.98
 186501.608    71.616    -4.58    4.64
 186874.031    72.545     2.49    4.64
 187246.411    75.324     7.46    4.79
 187618.749    77.659     6.27    3.75
 187991.045    78.624     2.59    3.80
 188363.298    78.308    -0.85    4.75
 188735.509    78.041    -0.72    4.37
 189107.677    78.731     1.85    3.62
 189479.803    80.087     3.64    3.41
 189851.887    81.733     4.42    2.50
 190223.928    81.914     0.48    2.62
 190595.927    81.257    -1.77    4.10
 190967.884    79.082    -5.84    5.56
 191339.799    75.847    -8.70    6.82
 191711.671    72.850    -8.06    7.78
 192083.501    69.912    -7.90    6.27
 192455.288    69.167    -2.00    4.95
 192827.034    71.389     5.98    5.19
 193198.737    74.918     9.49    4.77
 193570.398    78.291     9.07    3.42
 193942.017    81.032     7.38    2.84
 194313.593    82.632     4.31    2.31
 194685.128    83.732     2.96    1.30
 195056.620    84.032     0.81    1.00
 195428.070    83.573    -1.24    1.34
 195799.478    82.682    -2.40    1.91
 196170.845    81.549    -3.05    2.05
 196542.169    80.161    -3.74    2.23
 196913.450    79.573    -1.58    2.32
 197284.690    79.676     0.28    2.22
 197655.888    78.979    -1.88    2.62
 198027.044    77.217    -4.75    4.47
 198398.158    72.242   -13.40    7.53
 198769.230    66.082   -16.60    8.23
 199140.260    62.218   -10.41    6.91
 199511.248    61.019    -3.23    6.52
 199882.194    63.053     5.48    7.38
 200253.098    68.094    13.59    7.32
 200623.960    71.373     8.84    6.67
 200994.781    74.697     8.96    5.67
 201365.559    77.952     8.78    3.50
 201736.296    80.041     5.63    2.87
 202106.991    81.713     4.51    2.19
 202477.644    83.192     3.99    1.73
 202848.255    84.075     2.38    1.52
 203218.825    85.340     3.41    2.11
 203589.352    86.852     4.08    2.66
 203959.838    88.366     4.09    2.84
 204330.282    89.375     2.72    2.42
 204700.685    89.783     1.10    2.51
 205071.046    89.899     0.31    2.57
 205441.365    89.716    -0.49    2.25
 205811.642    89.504    -0.57    2.07
 206181.878    89.449    -0.15    1.75
 206552.072    89.257    -0.52    1.59
 206922.224    89.032    -0.61    1.54
 207292.335    88.331    -1.89    1.63
 207662.404    87.582    -2.02    1.80
 208032.432    86.132    -3.92    2.27
 208402.418    84.617    -4.09    2.39
 208772.362    83.291    -3.58    2.35
 209142.265    82.085    -3.26    1.88
 209512.127    81.412    -1.82    1.67
 209881.947    80.957    -1.23    1.74
 210259.775    80.714    -0.64    1.72
 210638.033    80.504    -0.56    1.94
 211016.246    80.848     0.91    1.94
 211394.417    81.225     1.00    1.97
 211772.543    81.920     1.84    1.96
 212150.626    83.045     2.98    1.79
 212528.666    83.567     1.38    1.71
 212906.662    83.885     0.84    1.78
 213284.615    84.082     0.52    1.61
 213662.524    83.930    -0.40    1.72
 214040.390    83.299    -1.67    2.07
 214418.212    82.282    -2.69    2.29
 214795.991    80.912    -3.63    2.41
 215173.727    80.156    -2.00    2.10
 215551.419    79.632    -1.39    2.19
 215929.068    79.104    -1.40    2.19
 216306.673    78.299    -2.13    2.36
 216684.235    77.471    -2.19    2.36
 217061.754    76.378    -2.90    2.28
 217439.230    75.251    -2.99    2.11
 217816.662    74.049    -3.18    1.62
 218194.051    73.182    -2.30    1.46
 218571.397    72.613    -1.51    1.54
 218948.699    71.593    -2.70    2.05
 219325.959    70.460    -3.00    2.23
 219703.175    69.511    -2.52    2.21
 220080.348    68.586    -2.45    2.21
 220457.478    67.992    -1.57    2.33
 220834.565    67.649    -0.91    2.62
 221211.608    67.558    -0.24    3.06
 221588.609    67.799     0.64    3.06
 221965.566    68.266     1.24    2.79
 222342.480    68.392     0.34    2.46
 222719.351    68.127    -0.70    2.31
 223096.180    67.766    -0.96    2.06
 223472.965    66.899    -2.30    2.14
 223849.707    65.109    -4.75    2.62
 224226.406    62.274    -7.52    4.09
 224603.062    59.070    -8.51    4.29
 224979.675    57.240    -4.86    3.32
 225356.246    56.901    -0.90    2.81
 225732.773    58.110     3.21    3.44
 226109.257    60.257     5.70    3.00
 226485.699    61.884     4.32    2.43
 226862.098    62.963     2.87    2.07
 227238.453    63.902     2.50    1.98
 227614.766    64.849     2.51    1.96
 227991.036    65.969     2.97    1.58
 228367.264    66.525     1.48    1.19
 228743.448    67.002     1.27    1.23
 229119.590    67.349     0.92    1.14
 229495.689    67.656     0.82    1.22
 229871.745    67.747     0.24    1.36
 230247.758    68.182     1.16    1.38
 230623.729    68.588     1.08    1.57
 230999.657    69.380     2.10    2.22
 231375.542    70.144     2.03    2.28
 231751.385    70.332     0.50    2.21
 232127.185    70.389     0.15    2.22
 232502.942    69.999    -1.04    1.98
 232878.657    69.257    -1.98    2.25
 233254.329    68.471    -2.09    2.51
 233629.958    66.897    -4.19    2.71
 234005.545    65.402    -3.98    2.12
 234381.090    64.258    -3.05    1.94
 234756.591    63.373    -2.36    1.62
 235132.051    62.663    -1.89    1.89
 235507.467    61.867    -2.12    1.85
 235882.842    61.324    -1.44    1.82
 236258.174    61.541     0.58    2.05
 236633.463    62.120     1.54    1.77
 237008.710    62.716     1.59    1.71
 237383.914    63.435     1.92    2.00
 237759.076    64.582     3.06    2.39
 238134.196    65.646     2.84    2.54
 238509.273    66.331     1.83    2.83
 238884.308    67.066     1.96    2.96
 239259.301    67.799     1.96    2.64
 239634.251    68.701     2.40    2.34
 240009.159    69.567     2.31    1.91
 240384.024    70.116     1.46    1.48
 240758.847    69.851    -0.71    1.64
 241133.628    69.160    -1.84    1.86
 241508.367    67.714    -3.86    2.08
 241883.064    66.307    -3.75    1.92
 242257.718    64.850    -3.89    2.26
 242632.330    63.477    -3.66    2.10
 243006.900    62.257    -3.26    1.96
 243381.428    61.053    -3.21    1.97
 243755.913    59.996    -2.82    2.11
 244130.356    58.902    -2.92    2.11
 244504.758    57.899    -2.68    2.32
 244879.117    57.138    -2.03    2.66
 245253.434    56.154    -2.63    2.91
 245627.709    55.002    -3.08    3.07
 246001.942    54.061    -2.51    2.80
 246376.133    52.640    -3.80    3.11
 246750.281    51.274    -3.65    3.59
 247124.388    49.562    -4.57    3.47
 247498.453    48.263    -3.47    3.24
 247872.476    48.324     0.16    3.50
 248246.456    48.638     0.84    3.65
 248620.395    50.422     4.77    3.42
 248994.292    52.257     4.91    3.45
 249368.147    54.053     4.80    3.75
 249741.960    56.582     6.76    2.92
 250115.731    57.947     3.65    2.33
 250489.460    59.532     4.24    1.52
 250863.148    59.851     0.85    1.21
 251236.793    59.912     0.16    1.33
 251610.397    59.513    -1.07    1.47
 251983.959    59.160    -0.95    1.43
 252357.479    58.868    -0.78    1.37
 252730.957    58.561    -0.82    1.40
 253104.394    58.099    -1.24    1.53
 253477.789    57.324    -2.07    1.90
 253851.142    56.487    -2.24    1.89
