# NaN NaN NaN ;Mean Elev.(m), Avg Gradient(m/km), RMS Gradient(m/km) - SRTM1     
#  -25.642  -2.443   3.794 ;Mean Elev.(m), Avg Gradient(m/km), RMS Gradient(m/km) - ASTER GDEM
#  -19.690  -2.387   3.410 ;Mean Elev.(m), Avg Gradient(m/km), RMS Gradient(m/km) - GMTED2010 
  7  46.131159  47.951912   -16.623   -16.601  5 52459.76208878 50.063
 10  46.135303  47.947845   -18.691   -18.710 13 52564.76208046 39.046
 13  46.128738  47.948927   -15.834   -15.834  2 52669.76207513 43.591
 15  46.130025  47.951197   -16.353   -16.482  3 52739.76209880 20.689
 16  46.143531  47.942740   -12.893   -12.862 18 52774.76204552 39.405
 20  46.141220  47.943791   -18.369   -18.361 18 52914.76217100 50.071
 22  46.134527  47.947275   -17.892   -18.153 10 52984.76215698 32.311
 23  46.135810  47.947655   -17.272   -17.280 14 53019.76214834 38.787
 24  46.129864  47.950229   -16.844   -16.791  4 53054.76213474 27.703
 28  46.133197  47.948839   -17.394   -17.372  8 53194.76219797 44.539
 29  46.138841  47.942867   -17.642   -17.652 17 53229.76218637 37.129
 30  46.136518  47.946428   -18.187   -18.218 15 53264.76215837 49.761
 32  46.129336  47.951073  -107.897  -107.872  3 53334.76217585 46.240
 33  46.142153  47.942331   -17.351   -17.597 18 53369.76211378 30.248
 35  46.139238  47.942449   -14.363   -14.387 17 53439.76213398 35.187
 37  46.128772  47.949355   -11.856   -11.856  2 53509.76221541 22.238
 39  46.131240  47.951816   -17.972   -17.991  5 53579.76220929 43.513
 40  46.133965  47.947774   -17.987   -17.963 10 53614.76216258 53.063
 41  46.128320  47.949187   -17.665   -17.665  2 53649.76217162 30.751
 43  46.141367  47.943094   -18.538   -18.821 17 53719.76210853 24.770
 44  46.131504  47.950847   -16.709   -16.625  5 53754.76203366 30.955
 45  46.136726  47.946687   -16.530   -16.565 14 53789.76206275 17.747
 48  46.129800  47.949865   -14.877   -14.904  3 53894.76213048 46.861
 52  46.129597  47.950125   -18.722   -18.740  3 54034.76216353 49.772
 53  46.132039  47.950073   -18.564   -18.386  7 54069.76215737 24.656
 54  46.138552  47.943560   -18.128   -18.043 16 54104.76211122 27.127
 56  46.133288  47.948982   -16.463   -16.465  9 54174.76209186 52.340
 58  46.129079  47.949161   -13.835   -13.835  2 54244.76212620 16.395
 59  46.129323  47.949406   -17.649   -17.649  2 54279.76213791 20.800
 60  46.132515  47.950138   -17.980   -17.973  8 54314.76213734 51.172
 61  46.136476  47.946236   -17.890   -18.155 15 54349.76210569 24.557
 63  46.133841  47.948258   -18.553   -18.528  9 54419.76205562 26.564
 65  46.133578  47.948469   -16.485   -16.519  9 54489.76205552 25.966
 66  46.129303  47.948730   -16.821   -16.821  2 54524.76205981 31.367
 67  46.134567  47.946923   -18.484   -18.498 10 54559.76206441 37.075
 68  46.128732  47.950461   -13.079   -13.085  3 54594.76205645 36.543
 69  46.128900  47.950601   -18.047   -18.065  3 54629.76207058 50.018
 71  46.139246  47.942703   -18.413   -18.437 17 54699.76204677 35.274
 73  46.132442  47.950003   -18.816   -18.813  8 54769.76202814 24.342
 75  46.129955  47.951435   -15.116   -15.140  4 54839.76202323 30.061
 77  46.134540  47.947057   -16.504   -16.534 10 54909.76202817 43.043
 79  46.129253  47.948732   -14.074   -14.074  2 54979.76204928 19.755
 80  46.128985  47.951672   -18.366   -18.338  3 55014.76205321 41.135
 81  46.130013  47.951059   -18.380   -18.431  3 55049.76204700 33.275
 82  46.138777  47.943037   -18.390   -18.376 17 55084.76201278 31.411
 84  46.130593  47.951796   -18.717   -18.755  5 55154.76197380 35.675
 86  46.130332  47.951945   -15.954   -15.974  4 55224.76197366 24.170
 87  46.129937  47.948986   -16.107   -16.107  2 55259.76196384 30.337
 88  46.134727  47.949008   -18.353   -18.732 13 55294.76195945 26.135
 90  46.132722  47.950113   -18.736   -18.723  8 55364.76194019 37.697
 92  46.131623  47.952118   -19.049   -19.046  7 55434.76195729 36.264
 93  46.140885  47.942131   -19.336   -19.349 18 55469.76190944 28.163
