# NaN NaN NaN ;Mean Elev.(m), Avg Gradient(m/km), RMS Gradient(m/km) - SRTM1     
#  -27.643  -2.188   4.145 ;Mean Elev.(m), Avg Gradient(m/km), RMS Gradient(m/km) - ASTER GDEM
#  -19.868  -1.714   3.391 ;Mean Elev.(m), Avg Gradient(m/km), RMS Gradient(m/km) - GMTED2010 
  7  46.115875  47.989207   -16.581   -16.592  6 52459.76209619 31.659
 10  46.118029  47.990005   -17.661   -18.371 13 52564.76208884 25.529
 16  46.118958  48.002738   -12.567   -12.560 11 52774.76205744 47.144
 20  46.120632  47.994058   -18.205   -18.231 13 52914.76218100 49.483
 22  46.117247  47.989436   -18.489   -18.480 12 52984.76216536 20.448
 23  46.117880  47.991436   -17.174   -17.177 13 53019.76215705 43.489
 28  46.116582  47.989379   -17.213   -17.241 11 53194.76220603 40.230
 29  46.118914  47.991512   -17.578   -17.575 13 53229.76219604 40.646
 30  46.117929  47.991833   -18.383   -18.420 13 53264.76216739 35.862
 33  46.120906  47.994221   -17.898   -17.850 14 53369.76212409 23.455
 35  46.119318  47.991096   -14.237   -14.258 13 53439.76214365 34.708
 39  46.115961  47.989113   -17.789   -17.786  6 53579.76221671 35.033
 40  46.116700  47.989934   -17.892   -17.907 12 53614.76217096 50.454
 43  46.120781  47.993364   -19.053   -19.092 14 53719.76211852 22.789
 44  46.116882  47.986521   -16.707   -16.708  5 53754.76204075 23.607
 45  46.118789  47.990469   -16.465   -16.492 13 53789.76207145 16.123
 53  46.116755  47.987368   -19.000   -19.004  6 54069.76216478 22.332
 54  46.119298  47.990587   -18.459   -18.402 13 54104.76212057 25.658
 56  46.116017  47.991143   -16.319   -16.322 11 54174.76210024 50.773
 60  46.117232  47.987435   -17.873   -17.907  9 54314.76214475 49.966
 61  46.117881  47.991640   -17.972   -17.848 13 54349.76211472 15.226
 63  46.116572  47.990418   -18.568   -18.608 11 54419.76206400 17.243
 65  46.116303  47.990629   -16.355   -16.343 11 54489.76206390 33.678
 67  46.117298  47.989083   -18.497   -18.503 12 54559.76207279 28.255
 71  46.119327  47.991352   -18.335   -18.341 13 54699.76205644 41.863
 73  46.117162  47.987298   -18.774   -18.734  9 54769.76203556 13.243
 77  46.117276  47.989217   -16.502   -16.502 12 54909.76203655 44.083
 82  46.118859  47.991684   -18.470   -18.481 13 55084.76202245 27.356
 88  46.118127  47.989549   -17.683   -17.576 12 55294.76196751 16.328
 90  46.116113  47.990655   -17.359   -17.609 11 55364.76194825 30.374
 92  46.117007  47.987794   -18.962   -18.981  9 55434.76196438 42.294
 93  46.120304  47.992401   -18.862   -19.081 13 55469.76191944 16.302
