# NaN NaN NaN ;Mean Elev.(m), Avg Gradient(m/km), RMS Gradient(m/km) - SRTM1     
#   21.792  -0.145   1.820 ;Mean Elev.(m), Avg Gradient(m/km), RMS Gradient(m/km) - ASTER GDEM
#   24.391  -0.023   1.413 ;Mean Elev.(m), Avg Gradient(m/km), RMS Gradient(m/km) - GMTED2010 
  7  49.534884  53.133863    16.793    16.925  3 52447.74718564 35.245
  8  49.545573  53.134036    28.310    28.433  5 52482.74717444 41.076
  9  49.554287  53.136411    28.494    28.494  5 52517.74713104 36.507
 10  49.533788  53.134401    28.090    28.018  3 52552.74718066 30.831
 11  49.550753  53.136891    28.302    28.420  5 52587.74715941 36.552
 12  49.553154  53.134959    28.780    28.788  5 52622.74711927 30.837
 13  49.548070  53.134459    28.607    28.580  5 52657.74713130 28.442
 15  49.548277  53.135048    28.865    28.864  5 52727.74715475 13.031
 16  49.544812  53.134569    30.549    30.595  4 52762.74716845 44.362
 17  49.544823  53.135176    29.040    29.036  5 52797.74713558 42.806
 18  49.544345  53.134873    28.800    28.798  5 52832.74720673 44.950
 19  49.551624  53.134518    28.548    28.530  5 52867.74724916 43.741
 20  49.547974  53.135660    28.374    28.456  5 52902.74726751 36.090
 21  49.554360  53.136137    28.194    28.209  6 52937.74720572 22.682
 22  49.541162  53.134644    28.307    28.392  4 52972.74723780 29.445
 23  49.542407  53.133801    28.709    28.708  4 53007.74724741 47.388
 24  49.535938  53.134867    28.659    28.645  4 53042.74720371 18.005
 25  49.544785  53.134458    28.568    28.565  5 53077.74723641 21.236
 26  49.532556  53.135304    29.784    29.768  3 53112.74720739 44.364
 27  49.540897  53.134674    29.590    29.702  4 53147.74725145 34.460
 28  49.550567  53.136193    28.329    28.437  5 53182.74725236 31.831
 29  49.546438  53.134478    28.933    28.917  5 53217.74727605 39.181
 30  49.550289  53.134709    27.711    28.352  5 53252.74725387 33.797
 31  49.532164  53.134522    28.570    28.697  3 53287.74725376 31.101
 32  49.552595  53.136525    27.661    27.859  5 53322.74722947 30.080
 34  49.538101  53.134830    28.801    28.836  4 53392.74721020 27.613
 35  49.554378  53.135967    28.977    28.991  5 53427.74720480 18.079
 36  49.543401  53.133582    29.199    29.211  4 53462.74722206 13.367
 37  49.537423  53.134880    31.706    31.725  4 53497.74729509 41.746
 38  49.552146  53.135223    29.396    29.383  5 53532.74727617 36.082
 40  49.554304  53.136154    27.171    27.284  5 53602.74724114 27.092
 41  49.536591  53.134753    28.405    28.418  4 53637.74723936 34.985
 42  49.539532  53.135024    27.538    27.448  4 53672.74725983 30.051
 43  49.557532  53.137378    27.794    27.667  5 53707.74719134 28.559
 44  49.560948  53.138174    28.388    28.387  6 53742.74710280 35.649
 45  49.550003  53.135161    28.554    28.585  5 53777.74712868 19.856
 46  49.559011  53.136608    28.548    28.569  5 53812.74710484 11.291
 47  49.537412  53.135139    28.622    28.553  3 53847.74715964 36.820
 49  49.539075  53.133774    28.157    28.212  4 53917.74724135 27.992
 50  49.538838  53.134667    28.495    28.578  4 53952.74724529 38.577
 52  49.541533  53.134686    28.067    28.021  4 54022.74722435 26.490
 53  49.553104  53.134735    28.096    28.105  5 54057.74721612 24.908
 54  49.553837  53.135395    29.024    29.028  5 54092.74719777 45.435
 55  49.540022  53.133617    29.019    29.039  4 54127.74713392 39.543
 56  49.547687  53.134440    29.202    29.279  5 54162.74716701 20.341
 57  49.541657  53.133973    29.741    29.727  4 54197.74713614 52.928
 58  49.545482  53.134218    29.446    29.521  5 54232.74718065 33.121
 59  49.547745  53.134608    28.899    28.897  5 54267.74719924 41.041
 60  49.548134  53.134889    28.428    28.534  5 54302.74720313 36.997
 61  49.550425  53.135671    28.228    28.148  5 54337.74718920 45.002
 62  49.544369  53.134151    28.495    28.573  5 54372.74713614 38.986
 63  49.548063  53.134344    26.937    28.618  5 54407.74713423 32.881
 64  49.538733  53.134854    28.453    28.466  4 54442.74709659 42.714
 65  49.548179  53.134789    28.669    28.681  5 54477.74712329 20.903
 66  49.540635  53.134317    28.720    28.726  4 54512.74711164 13.358
 67  49.550101  53.134729    28.512    28.511  5 54547.74713711 41.103
 68  49.547213  53.134140    31.650    31.614  5 54582.74710739 50.349
 69  49.547022  53.135200    29.195    29.177  5 54617.74712816 39.640
 70  49.545706  53.134041    28.223    28.275  5 54652.74714002 40.786
 71  49.549799  53.135453    28.512    28.533  4 54687.74713024 44.531
 72  49.540164  53.134749    28.332    28.405  4 54722.74708754 38.008
 73  49.547365  53.135153    28.057    28.160  5 54757.74710554 36.151
 74  49.537259  53.135287    28.439    28.612  3 54792.74708083 28.550
 75  49.545795  53.134677    29.316    29.326  5 54827.74710362 44.604
 76  49.541647  53.134682    28.960    28.958  4 54862.74707476 26.385
 77  49.548199  53.134286    28.781    28.755  5 54897.74710334 21.039
 78  49.541789  53.134466    28.483    28.519  4 54932.74707011 33.176
 79  49.546603  53.134743    29.912    29.906  5 54967.74710486 42.538
 80  49.543972  53.134059    28.471    28.502  5 55002.74712447 40.506
 81  49.548177  53.134859    28.265    28.286  5 55037.74711111 38.552
 82  49.550455  53.135826    28.067    28.236  5 55072.74709751 35.256
 83  49.540234  53.134605    27.977    28.126  4 55107.74704347 34.181
 84  49.547302  53.135522    27.954    28.196  4 55142.74704827 37.884
 85  49.539745  53.133691    28.297    28.299  4 55177.74701497 41.008
 86  49.546935  53.135103    28.494    28.473  5 55212.74704294 18.101
 87  49.543428  53.133937    28.458    28.478  5 55247.74701621 14.662
 88  49.548981  53.134455    28.510    28.558  5 55282.74703652 10.882
 89  49.546222  53.134170    31.035    30.988  5 55317.74700612 49.072
 90  49.548718  53.135299    28.656    28.727  5 55352.74700924 36.526
 91  49.539155  53.135480    28.131    28.154  4 55387.74700619 38.207
 92  49.547957  53.135413    27.880    27.960  5 55422.74702713 33.721
 93  49.551513  53.136591    28.235    28.268  5 55457.74700005 40.589
