# NaN NaN NaN ;Mean Elev.(m), Avg Gradient(m/km), RMS Gradient(m/km) - SRTM1     
#    4.004  -1.606  10.536 ;Mean Elev.(m), Avg Gradient(m/km), RMS Gradient(m/km) - ASTER GDEM
#    8.381  -1.172  10.088 ;Mean Elev.(m), Avg Gradient(m/km), RMS Gradient(m/km) - GMTED2010 
  8  45.796513  50.534748    14.637    14.589 18 52499.31856959 15.767
 11  45.793848  50.535589    15.022    15.050 18 52604.31857021 16.962
 12  45.803493  50.534893    16.179    16.254 11 52639.31855069 45.186
 13  45.792901  50.527304    16.900    15.436 14 52674.31854847 19.062
 14  45.810507  50.550543    40.457    46.436  7 52709.31855834  5.427
 16  45.809769  50.543266    15.100    15.062  9 52779.31852414 39.809
 17  45.803925  50.535248    14.804    14.686 16 52814.31860999 18.625
 18  45.806706  50.539308    15.066    15.022 13 52849.31866202 13.117
 19  45.795826  50.534802    15.134    15.092 18 52884.31869872 11.744
 20  45.796029  50.535405    15.137    15.118 17 52919.31865500  9.866
 23  45.801805  50.532246    15.200    15.214 17 53024.31861057 32.497
 25  45.787764  50.537002    15.290    15.186 18 53094.31864509 13.192
 28  45.800252  50.533820    15.158    15.161 18 53199.31868638 33.898
 29  45.808054  50.540949    15.048    15.045 11 53234.31865491 33.260
 30  45.814712  50.550452    15.165    15.164  6 53269.31861889 10.170
 31  45.796221  50.534126    15.121    15.104 18 53304.31868371 12.154
 32  45.796291  50.535042    14.648    14.833 17 53339.31865242 42.529
 33  45.794874  50.535844    14.808    14.816 18 53374.31858419 30.532
 34  45.806923  50.539360    15.013    15.019 12 53409.31862513 35.070
 35  45.796128  50.545509    15.956    15.907 11 53444.31860783 35.594
 36  45.796943  50.533699    15.441    15.427 18 53479.31868812 50.036
 37  45.798518  50.532877    15.667    15.644 18 53514.31869583 38.382
 38  45.790695  50.531593    21.729    14.558 15 53549.31871523 16.691
 39  45.797148  50.532715    15.005    15.007 18 53584.31867815 14.827
 40  45.788804  50.537771    14.677    14.744 17 53619.31863401 25.122
 41  45.800813  50.531683    15.099    15.082 18 53654.31866021 11.210
 42  45.795534  50.535079    15.037    15.012 17 53689.31865568 12.703
 43  45.793961  50.535286    15.273    15.277 17 53724.31858020 11.931
 45  45.803233  50.541873    68.049    71.852  5 53794.31853981  2.045
 47  45.800224  50.533562    15.408    15.410 18 53864.31859633 18.570
 48  45.799999  50.532749    14.513    14.425 18 53899.31862161 20.805
 49  45.790357  50.536921    14.680    14.644 17 53934.31866509 19.050
 50  45.792569  50.537518    14.960    14.891 17 53969.31863560 16.412
 52  45.810940  50.545117    14.873    14.909  9 54039.31863971 10.677
 53  45.797867  50.532302    14.880    14.788 18 54074.31863709 16.985
 54  45.790114  50.536579    15.442    15.465 18 54109.31858176 52.371
 55  45.802763  50.533092    15.199    15.202 16 54144.31857426 33.768
 57  45.799904  50.530817    14.887    14.901 18 54214.31858245 24.150
 58  45.799514  50.532417    11.087    11.016 18 54249.31860977 17.635
 59  45.798838  50.532785    15.120    15.112 18 54284.31861770 13.120
 60  45.798623  50.531208    15.180    15.218 18 54319.31861550 39.570
 61  45.790868  50.526117    15.329    15.331 12 54354.31857999 10.731
 62  45.800047  50.531486    14.992    14.982 18 54389.31855570 10.335
 63  45.796089  50.533551    14.837    14.754 18 54424.31852853 13.527
 64  45.809422  50.542852    15.195    15.170 10 54459.31852867 27.757
 65  45.795782  50.531124    15.548    15.472 14 54494.31853367 26.451
 66  45.805845  50.536912    15.564    15.496 11 54529.31854272 21.712
 67  45.793603  50.535609    14.789    14.643 18 54564.31853961 13.172
 68  45.799250  50.532261    15.088    15.032 18 54599.31853906 10.420
 69  45.795389  50.527940    20.141    14.977 15 54634.31855283 14.221
 70  45.796702  50.533576    14.459    14.436 17 54669.31855640 22.657
 71  45.796576  50.535115    15.033    15.029 18 54704.31851976 11.663
 72  45.804211  50.535624    14.933    14.915 15 54739.31851832 10.979
 73  45.797115  50.533335    15.305    15.274 18 54774.31850159 10.156
 74  45.807862  50.540983    15.637    15.610 12 54809.31851070 11.393
 75  45.796557  50.533416    15.061    15.041 18 54844.31849962 23.891
 76  45.799001  50.531475    15.546    15.600 18 54879.31851620 20.217
 77  45.791477  50.533424    15.485    15.449 16 54914.31850383 20.416
 78  45.799098  50.532531    15.662    15.668 18 54949.31850792 43.151
 79  45.798334  50.534299    14.292    14.265 18 54984.31853283 20.338
 80  45.799375  50.533560    14.916    14.895 18 55019.31852912  9.936
 81  45.798090  50.533118    13.978    13.974 18 55054.31852519 31.037
 82  45.793768  50.536270    14.905    14.889 18 55089.31848538 11.370
 83  45.802097  50.532648    14.862    14.868 18 55124.31846266 10.848
 84  45.795708  50.535784    14.968    14.932 17 55159.31844653 11.275
 85  45.805106  50.535265    17.759    15.620  9 55194.31845197 44.232
 86  45.794530  50.536570    14.378    14.356 17 55229.31844871 22.647
 87  45.805786  50.544353    58.203    49.772 11 55264.31844566  6.098
 88  45.795189  50.535515    15.375    15.397 18 55299.31843141 46.396
 89  45.796671  50.533494    13.718    14.353 18 55334.31842521 29.337
 90  45.798525  50.534099    14.300    14.192 18 55369.31841639 12.037
 91  45.804872  50.536514    14.511    14.419 15 55404.31843249 16.645
 92  45.797340  50.532262    14.283    14.215 18 55439.31843488 16.352
 93  45.794423  50.535652    14.185    14.094 17 55474.31838086 12.492
