# NaN NaN NaN ;Mean Elev.(m), Avg Gradient(m/km), RMS Gradient(m/km) - SRTM1     
#    5.023  -0.738   4.214 ;Mean Elev.(m), Avg Gradient(m/km), RMS Gradient(m/km) - ASTER GDEM
#    9.411  -1.079   2.154 ;Mean Elev.(m), Avg Gradient(m/km), RMS Gradient(m/km) - GMTED2010 
  8  46.635288  51.727062    11.232    11.203  3 52507.75684816 49.148
  9  46.632202  51.728154    15.240    15.158  3 52542.75683100 22.315
 10  46.625775  51.729247    15.860    15.703  4 52577.75688252 28.199
 11  46.633027  51.729261    15.921    15.920  3 52612.75684671 45.199
 12  46.630252  51.728446    15.763    15.771  3 52647.75683020 20.808
 13  46.642374  51.730085    15.337    15.334  3 52682.75680352 13.810
 14  46.626325  51.729125    15.603    15.580  4 52717.75686134 11.978
 15  46.625129  51.728449    16.309    16.291  4 52752.75688622 52.456
 16  46.621440  51.726571    16.931    16.744  3 52787.75683175 34.805
 17  46.624595  51.729457    15.933    15.942  4 52822.75690417 42.069
 18  46.629733  51.728110    15.366    15.547  3 52857.75695059 28.984
 19  46.628137  51.727952    15.466    15.516  3 52892.75698249 25.320
 20  46.636490  51.729923    15.359    15.509  3 52927.75693393 27.847
 21  46.631298  51.727785    15.635    15.654  4 52962.75690773 22.470
 22  46.627327  51.728578    16.062    16.061  4 52997.75694824 51.600
 23  46.637344  51.727864    15.867    15.884  3 53032.75690442 27.401
 24  46.632265  51.727843    16.167    16.161  3 53067.75691653 33.257
 25  46.637372  51.728050    15.434    15.521  3 53102.75690696 21.234
 26  46.632157  51.727353    16.617    16.578  3 53137.75692000 50.877
 27  46.627295  51.728578    15.749    15.495  3 53172.75696552 25.571
 28  46.630555  51.728490    15.699    15.716  3 53207.75698046 19.400
 29  46.638005  51.728500    15.269    15.248  3 53242.75694785 27.938
 30  46.622214  51.728682    15.242    15.293  3 53277.75692302 24.172
 31  46.627568  51.728819    15.488    15.511  3 53312.75695540 21.772
 33  46.625011  51.727914    16.112    16.108  4 53382.75688702 47.362
 34  46.640002  51.727535    15.872    15.873  3 53417.75689957 28.756
 35  46.623472  51.728340    15.548    15.572  4 53452.75690195 15.554
 36  46.621730  51.729141    17.259    17.276  3 53487.75698747 24.232
 37  46.634357  51.728374    17.369    17.370  4 53522.75697711 37.749
 38  46.625177  51.729389    15.955    15.868  4 53557.75700291 26.170
 39  46.644091  51.730167    15.380    15.293  3 53592.75693952 24.431
 41  46.626319  51.728899    15.557    15.633  4 53662.75695556 28.309
 42  46.636751  51.727042    15.514    15.362  3 53697.75691869 30.299
 43  46.644096  51.728755    15.992    16.010  3 53732.75684137 42.036
 45  46.641501  51.728782    15.590    15.590  2 53802.75681800 14.760
 46  46.623176  51.728643    15.728    15.755  3 53837.75683189 37.226
 47  46.630077  51.728037    16.492    16.503  3 53872.75688278 46.151
 48  46.624551  51.729153    15.810    15.806  4 53907.75692467 46.117
 49  46.622562  51.728072    15.341    15.190  4 53942.75695045 31.407
 50  46.635435  51.729319    15.457    15.268  3 53977.75690259 33.213
 51  46.623392  51.729258    15.751    15.768  3 54012.75691085 51.141
 52  46.636630  51.729782    15.340    15.269  3 54047.75692029 22.023
 54  46.642312  51.727660    16.257    16.283  3 54117.75684339 39.292
 55  46.630942  51.727471    16.478    16.464  3 54152.75686593 24.314
 56  46.640564  51.727404    15.849    15.880  3 54187.75683710 34.842
 57  46.627198  51.728681    17.070    17.165  4 54222.75687620 29.002
 58  46.631788  51.728734    16.922    16.913  3 54257.75689829 33.049
 59  46.633060  51.728017    15.830    15.800  4 54292.75690041 32.626
 60  46.635971  51.729508    14.951    14.907  3 54327.75689634 27.603
 61  46.641691  51.727683    15.614    15.329  3 54362.75684483 25.765
 62  46.632513  51.727843    15.107    15.073  3 54397.75683585 22.011
 63  46.640129  51.728544    15.361    15.361  2 54432.75679453 26.024
 64  46.630600  51.727532    15.537    15.538  3 54467.75681777 25.859
 65  46.637146  51.729602    15.516    15.468  3 54502.75681029 14.441
 66  46.634486  51.728296    15.696    15.615  3 54537.75683338 27.235
 67  46.640329  51.727427    16.837    16.899  3 54572.75681131 22.613
 68  46.631412  51.728426    16.799    16.798  3 54607.75682705 42.123
 69  46.633081  51.728751    14.707    14.772  3 54642.75683550 29.692
 70  46.630867  51.728691    14.481    14.487  3 54677.75683747 29.804
 71  46.641536  51.728729    15.711    15.754  3 54712.75679079 49.127
 72  46.629335  51.728180    15.668    15.689  3 54747.75680620 50.602
 73  46.636106  51.728874    15.678    15.637  3 54782.75677722 50.733
 74  46.629894  51.728298    15.555    15.442  3 54817.75679893 30.745
 75  46.636100  51.729992    16.161    16.144  3 54852.75677501 35.689
 76  46.630800  51.727743    16.029    16.067  3 54887.75680311 24.417
 77  46.639249  51.729565    15.809    15.819  3 54922.75677507 32.695
 78  46.627357  51.729259    17.455    17.487  4 54957.75680051 30.539
 79  46.629788  51.727872    14.553    14.511  3 54992.75682276 24.279
 80  46.634642  51.728621    15.581    15.600  3 55027.75681307 37.147
 81  46.633440  51.729035    15.151    15.187  3 55062.75680581 22.633
 82  46.641230  51.727688    15.208    14.969  3 55097.75675249 28.203
 83  46.630181  51.727740    15.319    15.259  3 55132.75674889 22.573
 84  46.637155  51.730140    15.221    15.463  3 55167.75671525 23.842
 85  46.629248  51.729096    15.300    15.335  3 55202.75674179 25.703
 86  46.636933  51.729627    14.693    14.686  3 55237.75672253 17.627
 88  46.641051  51.728517    15.446    15.446  2 55307.75670497 24.353
 89  46.633254  51.728075    16.075    15.759  3 55342.75670499 25.198
 90  46.635742  51.729354    15.009    14.929  3 55377.75669896 19.504
 91  46.630324  51.727990    15.304    15.282  3 55412.75672304 35.446
 92  46.635147  51.729518    14.957    14.991  3 55447.75671336 35.221
 93  46.643782  51.728866    14.599    14.641  3 55482.75664210 20.501
