# NaN NaN NaN ;Mean Elev.(m), Avg Gradient(m/km), RMS Gradient(m/km) - SRTM1     
#  -30.913  -0.292   2.910 ;Mean Elev.(m), Avg Gradient(m/km), RMS Gradient(m/km) - ASTER GDEM
#  -22.836  -0.022   0.715 ;Mean Elev.(m), Avg Gradient(m/km), RMS Gradient(m/km) - GMTED2010 
  7   -21.685 52458.31126178 19.90  47.247307  47.157220 40.000
  7   -21.640 52458.31126243 21.34  47.246017  47.153970 40.000
  7   -21.596 52458.31126307 25.64  47.244721  47.150724 32.057
  8   -22.884 52493.31124155 20.82  47.251572  47.153838 35.836
  8   -23.058 52493.31124219 26.04  47.250282  47.150588 35.836
  8   -22.875 52493.31124283 32.13  47.248982  47.147338 35.836
 12   -21.835 52633.31122888 25.24  47.249135  47.155384  5.726
 12   -21.831 52633.31122952 27.37  47.247835  47.152144  5.726
 12   -21.979 52633.31123016 25.59  47.246545  47.148894  5.726
 13   -21.087 52668.31124376 32.24  47.245394  47.158691  8.895
 13   -21.119 52668.31124440 33.04  47.244104  47.155441  8.895
 13   -21.195 52668.31124505 31.69  47.242804  47.152201  8.895
 14   -21.413 52703.31122309 25.61  47.255073  47.150537  5.945
 14   -21.409 52703.31122373 25.52  47.253773  47.147297  5.945
 16   -18.850 52773.31121873 29.21  47.244375  47.156489 38.034
 16   -18.760 52773.31121938 37.30  47.243085  47.153249 38.034
 17   -20.261 52808.31128444 19.98  47.248868  47.154812 23.928
 17   -20.326 52808.31128509 21.80  47.247568  47.151562 23.928
 17   -20.042 52808.31128573 26.47  47.246278  47.148312 23.928
 18   -20.491 52843.31134202 15.82  47.250545  47.154887 33.721
 18   -22.488 52843.31134267 18.83  47.249245  47.151637 33.721
 18   -22.222 52843.31134331 23.76  47.247945  47.148397 33.721
 19   -22.959 52878.31138004 23.48  47.246858  47.156765 28.359
 19   -22.791 52878.31138068 25.22  47.245558  47.153515 28.359
 19   -22.837 52878.31138133 31.05  47.244258  47.150275 28.359
 20   -22.935 52913.31133809 17.96  47.248174  47.157325 30.994
 20   -23.060 52913.31133873 20.11  47.246874  47.154075 30.994
 20   -23.018 52913.31133938 25.39  47.245584  47.150835 30.994
 21   -22.889 52948.31129747 24.15  47.256564  47.148814 34.288
 21   -23.050 52948.31129811 23.03  47.255264  47.145564 34.288
 23   -22.156 53018.31132151 48.91  47.244237  47.159085 27.554
 23   -22.222 53018.31132216 46.15  47.242937  47.155835 27.554
 23   -22.293 53018.31132280 36.57  47.241647  47.152595 27.554
 24   -20.121 53053.31130435 39.95  47.254324  47.154007 15.191
 24   -20.057 53053.31130500 30.54  47.253034  47.150757 15.191
 24   -20.301 53053.31130564 29.38  47.251734  47.147517 15.191
 25   -22.854 53088.31133970 18.51  47.237461  47.166045 32.812
 25   -22.840 53088.31134034 17.44  47.236171  47.162805 32.812
 25   -22.886 53088.31134098 21.21  47.234871  47.159555 32.812
 25   -23.000 53088.31134163 29.45  47.233581  47.156305 32.812
 26   -19.765 53123.31131119 22.50  47.250327  47.155669 21.964
 26   -19.483 53123.31131183 25.14  47.249037  47.152419 21.964
 26   -19.402 53123.31131248 31.45  47.247737  47.149179 21.964
 27   -19.346 53158.31136843 27.25  47.243231  47.159251 41.090
 27   -19.313 53158.31136907 28.01  47.241941  47.156001 41.090
 27   -19.225 53158.31136972 31.51  47.240641  47.152761 41.090
 28   -22.527 53193.31136313 39.98  47.249631  47.154984 36.733
 28   -22.586 53193.31136377 27.80  47.248341  47.151734 36.733
 28   -22.544 53193.31136442 25.41  47.247041  47.148484 36.733
 30   -22.840 53263.31133046 19.56  47.239997  47.163396 33.612
 30   -23.050 53263.31133110 20.77  47.238707  47.160146 33.612
 30   -22.957 53263.31133175 27.58  47.237407  47.156896 33.612
 31   -23.060 53298.31137101 20.68  47.242789  47.162578 40.526
 31   -23.187 53298.31137165 23.88  47.241489  47.159335 39.080
 31   -22.909 53298.31137230 26.16  47.240199  47.156085 39.080
 33   -22.537 53368.31128640 22.24  47.242761  47.156805 34.037
 33   -22.315 53368.31128705 23.34  47.241471  47.153555 34.037
 34   -21.255 53403.31131601 24.23  47.249827  47.157083 13.821
 34   -21.180 53403.31131666 27.11  47.248537  47.153833 13.821
 34   -21.308 53403.31131730 28.28  47.247237  47.150593 13.821
 35   -20.110 53438.31130457 36.02  47.243448  47.158024 18.587
 35   -20.194 53438.31130521 31.52  47.242148  47.154774 18.587
 36   -21.537 53473.31136141 18.72  47.245774  47.156657 35.120
 36   -21.444 53473.31136206 25.67  47.244474  47.153417 35.120
 36   -21.521 53473.31136270 27.64  47.243184  47.150167 35.120
 37   -17.203 53508.31138561 51.31  47.245626  47.157717 43.421
 37   -17.270 53508.31138625 52.05  47.244336  47.154467 43.421
 37   -17.301 53508.31138690 51.55  47.243036  47.151227 43.421
 38   -20.739 53543.31139622 24.91  47.242935  47.159251 39.029
 38   -20.318 53543.31139687 25.91  47.241645  47.156001 39.029
 38   -20.039 53543.31139751 31.43  47.240345  47.152761 39.029
 40   -22.492 53613.31133151 48.01  47.241021  47.165251 34.663
 40   -22.522 53613.31133216 48.49  47.239721  47.162001 34.663
 40   -22.662 53613.31133280 40.66  47.238422  47.158753 29.305
 40   -22.589 53613.31133345 38.70  47.237132  47.155503 29.305
 41   -22.836 53648.31133883 48.70  47.251888  47.154745 31.352
 41   -22.837 53648.31133947 48.07  47.250588  47.151495 31.352
 41   -22.868 53648.31134012 47.58  47.249288  47.148255 31.352
 42   -22.961 53683.31135286 15.41  47.241552  47.161394 32.616
 42   -23.583 53683.31135351 19.74  47.240254  47.158149 31.412
 42   -23.575 53683.31135415 22.93  47.238964  47.154899 31.412
 43   -23.960 53718.31128067 26.22  47.244915  47.156850 34.408
 43   -23.387 53718.31128132 26.34  47.243615  47.153600 34.408
 44   -22.620 53753.31120234 21.56  47.257200  47.151962  4.550
 44   -22.482 53753.31120298 21.59  47.255900  47.148722  4.550
 44   -22.491 53753.31120363 21.46  47.254610  47.145472  4.550
 45   -22.398 53788.31123169 16.27  47.249315  47.156981  3.251
 45   -22.145 53788.31123234 16.00  47.248015  47.153731  3.251
 45   -22.092 53788.31123298 15.38  47.246725  47.150491  3.251
 46   -22.315 53823.31118733 23.30  47.257447  47.151273 21.251
 46   -22.843 53823.31118798 21.09  47.256147  47.148033 21.251
 46   -23.213 53823.31118862 23.01  47.254857  47.144783 21.251
 47   -22.689 53858.31127901 15.92  47.245791  47.157282 26.482
 47   -22.725 53858.31127966 18.05  47.244496  47.154037 34.969
 47   -22.476 53858.31128030 22.77  47.243206  47.150787 34.969
 48   -19.836 53893.31129405 33.97  47.252030  47.155872 33.849
 48   -19.982 53893.31129469 31.46  47.250730  47.152632 33.849
 48   -20.172 53893.31129533 31.09  47.249440  47.149382 33.849
 49   -22.937 53928.31135046 26.15  47.240066  47.164808 35.937
 49   -23.077 53928.31135111 20.36  47.238766  47.161568 35.937
 49   -22.857 53928.31135175 23.51  47.237476  47.158318 35.937
 50   -22.763 53963.31133220 32.08  47.240734  47.166696 27.369
 50   -23.149 53963.31133284 15.78  47.239434  47.163446 27.369
 50   -23.421 53963.31133349 18.41  47.238144  47.160206 27.369
 50   -23.359 53963.31133413 24.50  47.236844  47.156956 27.369
 51   -23.447 53998.31128367 19.55  47.256550  47.149514 22.155
 51   -23.665 53998.31128431 21.02  47.255260  47.146274 22.155
 52   -23.584 54033.31133149 16.66  47.251712  47.154909 24.486
 52   -23.369 54033.31133214 22.43  47.250418  47.151665 29.324
 52   -23.308 54033.31133278 27.84  47.249128  47.148415 29.324
 54   -22.216 54103.31128250 24.77  47.242614  47.162709 15.069
 54   -22.717 54103.31128314 25.65  47.241324  47.159469 15.069
 54   -22.353 54103.31128379 24.49  47.240024  47.156219 15.069
 55   -21.997 54138.31125449 38.33  47.249944  47.156882 22.666
 55   -22.011 54138.31125513 34.05  47.248647  47.153637 33.041
 55   -22.046 54138.31125578 39.31  47.247357  47.150387 33.041
 56   -21.145 54173.31126116 23.01  47.243378  47.159813 29.015
 56   -20.889 54173.31126181 23.26  47.242078  47.156563 29.015
 56   -20.371 54173.31126245 25.16  47.240788  47.153313 29.015
 57   -20.041 54208.31126061 31.18  47.248707  47.155843 34.128
 57   -20.283 54208.31126126 32.34  47.247417  47.152593 34.128
 57   -20.215 54208.31126190 40.78  47.246117  47.149353 34.128
 58   -19.153 54243.31129231 25.03  47.246756  47.155146 36.636
 58   -19.089 54243.31129295 29.44  47.245456  47.151896 36.636
 60   -21.014 54313.31130529 15.45  47.247968  47.157916 31.697
 60   -21.656 54313.31130594 19.32  47.246668  47.154666 31.697
 60   -22.579 54313.31130658 23.77  47.245378  47.151416 31.697
 61   -23.094 54348.31127650 18.80  47.242492  47.157526 35.954
 61   -23.067 54348.31127715 22.20  47.241192  47.154276 35.954
 62   -22.864 54383.31124344 49.71  47.250001  47.155120 30.144
 62   -22.960 54383.31124408 50.53  47.248701  47.151880 30.144
 62   -22.928 54383.31124473 49.19  47.247411  47.148630 30.144
 63   -23.337 54418.31122570 20.09  47.244090  47.159595 29.027
 63   -23.169 54418.31122635 23.29  47.242800  47.156345 29.027
 63   -23.285 54418.31122699 28.82  47.241500  47.153105 29.027
 64   -23.485 54453.31121358 43.92  47.252282  47.155316 19.933
 64   -23.626 54453.31121422 51.17  47.250982  47.152076 19.933
 64   -23.546 54453.31121487 47.99  47.249692  47.148826 19.933
 65   -21.850 54488.31122444 26.90  47.247076  47.156986  4.710
 65   -21.875 54488.31122509 27.45  47.245786  47.153736  4.710
 65   -21.914 54488.31122573 27.95  47.244493  47.150490  6.297
 66   -21.984 54523.31122671 32.41  47.250475  47.155738 19.129
 66   -21.990 54523.31122735 35.26  47.249175  47.152498 19.129
 66   -21.997 54523.31122799 35.43  47.247885  47.149248 19.129
 67   -23.049 54558.31123359 15.94  47.244059  47.159586 26.337
 67   -23.247 54558.31123423 19.39  47.242759  47.156346 26.337
 67   -23.263 54558.31123488 24.50  47.241469  47.153096 26.337
 68   -18.126 54593.31122246 33.79  47.246770  47.156235 36.957
 68   -18.144 54593.31122311 35.60  47.245470  47.152985 36.957
 68   -18.023 54593.31122375 41.91  47.244180  47.149745 36.957
 69   -22.259 54628.31123753 22.06  47.245624  47.157019 35.191
 69   -22.285 54628.31123817 24.24  47.244324  47.153769 35.191
 69   -20.915 54628.31123881 26.55  47.243034  47.150529 35.191
 70   -21.247 54663.31124437 17.14  47.246176  47.158951 33.376
 70   -23.027 54663.31124502 19.85  47.244886  47.155701 33.376
 70   -23.007 54663.31124566 25.43  47.243586  47.152461 33.376
 71   -23.237 54698.31121794 18.56  47.244550  47.158627 32.398
 71   -23.248 54698.31121859 22.06  47.243260  47.155377 32.398
 71   -23.136 54698.31121923 24.81  47.241960  47.152137 32.398
 72   -23.199 54733.31120260 19.50  47.249598  47.153750 35.623
 72   -23.167 54733.31120324 27.86  47.248298  47.150500 35.623
 73   -23.439 54768.31119809 17.53  47.246853  47.157580 32.535
 73   -23.406 54768.31119874 20.41  47.245563  47.154330 32.535
 73   -23.181 54768.31119938 27.42  47.244263  47.151080 32.535
 74   -23.326 54803.31119611 17.99  47.249440  47.156317 32.638
 74   -23.102 54803.31119676 24.71  47.248140  47.153077 32.638
 74   -22.970 54803.31119740 30.96  47.246850  47.149827 32.638
 75   -19.838 54838.31119130 33.29  47.247057  47.156882  8.334
 75   -20.104 54838.31119194 29.02  47.245767  47.153632  8.334
 75   -20.291 54838.31119259 24.71  47.244467  47.150382  8.334
 76   -19.551 54873.31119596 34.17  47.248481  47.154697 12.553
 76   -19.596 54873.31119661 33.27  47.247191  47.151447 12.553
 77   -20.965 54908.31119767 42.55  47.241881  47.161905 34.816
 77   -20.947 54908.31119831 39.92  47.240581  47.158665 34.816
 77   -21.052 54908.31119896 33.75  47.239291  47.155415 34.816
 78   -23.126 54943.31118833 18.56  47.248203  47.154860 28.012
 78   -22.980 54943.31118898 23.26  47.246913  47.151620 28.012
 79   -18.848 54978.31121534 44.43  47.245780  47.157418 40.183
 79   -18.807 54978.31121598 47.44  47.244480  47.154178 40.183
 79   -18.829 54978.31121663 47.25  47.243190  47.150928 40.183
 80   -21.184 55013.31122163 17.36  47.245678  47.157327 28.871
 80   -23.011 55013.31122227 20.13  47.244388  47.154077 28.871
 80   -23.214 55013.31122292 26.44  47.243088  47.150827 28.871
 81   -23.207 55048.31121423 25.57  47.247913  47.157195 36.012
 81   -23.188 55048.31121488 24.31  47.246623  47.153945 36.012
 81   -22.991 55048.31121552 32.96  47.245323  47.150695 36.012
 82   -22.964 55083.31118401 18.48  47.241897  47.159200 37.666
 82   -22.920 55083.31118466 21.31  47.240607  47.155950 37.666
 83   -22.159 55118.31114646 17.48  47.251243  47.155981 32.816
 83   -23.399 55118.31114710 21.12  47.249943  47.152731 32.816
 83   -23.157 55118.31114775 30.04  47.248643  47.149491 32.816
 84   -23.296 55153.31114318 39.40  47.244024  47.157160 27.457
 84   -23.190 55153.31114383 41.21  47.242734  47.153910 27.457
 85   -22.216 55188.31113476 48.53  47.249320  47.155144 20.268
 85   -22.064 55188.31113540 46.79  47.248020  47.151894 20.268
 85   -22.179 55188.31113604 35.92  47.246730  47.148644 20.268
 86   -21.998 55223.31114205 26.33  47.245399  47.158422  5.894
 86   -22.107 55223.31114269 30.93  47.244109  47.155172  5.894
 86   -22.511 55223.31114333 26.94  47.242809  47.151932  5.894
 87   -21.732 55258.31113112 31.35  47.247883  47.154319 10.958
 87   -21.738 55258.31113176 23.19  47.246593  47.151069 10.958
 88   -23.472 55293.31112881 19.00  47.242985  47.160114 25.171
 88   -23.232 55293.31112946 20.65  47.241695  47.156864 25.171
 88   -23.184 55293.31113010 24.17  47.240395  47.153624 25.171
 89   -18.522 55328.31111367 24.32  47.244788  47.156082 39.572
 89   -18.446 55328.31111432 30.22  47.243498  47.152832 39.572
 90   -22.013 55363.31110894 43.50  47.244387  47.157557 35.260
 90   -22.100 55363.31110959 49.03  47.243097  47.154307 35.260
 91   -23.572 55398.31111832 22.54  47.248968  47.153819 36.911
 91   -23.328 55398.31111896 32.75  47.247668  47.150579 36.911
 92   -23.423 55433.31112474 39.78  47.247786  47.155674 32.166
 92   -23.382 55433.31112538 42.28  47.246496  47.152424 32.166
 92   -23.582 55433.31112603 43.93  47.245196  47.149174 32.166
 93   -24.095 55468.31108159 17.83  47.242028  47.159478 30.794
 93   -23.866 55468.31108224 25.64  47.240738  47.156228 30.794
 93   -23.900 55468.31108288 28.26  47.239438  47.152988 30.794
