# NaN NaN NaN ;Mean Elev.(m), Avg Gradient(m/km), RMS Gradient(m/km) - SRTM1     
#  -26.069  -2.643   4.022 ;Mean Elev.(m), Avg Gradient(m/km), RMS Gradient(m/km) - ASTER GDEM
#  -19.702   0.038   1.919 ;Mean Elev.(m), Avg Gradient(m/km), RMS Gradient(m/km) - GMTED2010 
  8   -18.494 52496.31508227 26.26  46.137683  47.965457 21.473
  8   -18.287 52496.31508292 30.75  46.136353  47.962207 21.473
  8   -18.215 52496.31508356 38.39  46.135023  47.958967 21.473
  8   -18.263 52496.31508421 46.15  46.133693  47.955727 21.473
  8   -18.342 52496.31508485 47.39  46.132363  47.952477 21.473
  8   -18.421 52496.31508550 46.13  46.131033  47.949237 21.473
 11   -18.381 52601.31510244 40.26  46.130725  47.971973 21.805
 11   -18.422 52601.31510309 39.14  46.129405  47.968733 21.805
 11   -18.359 52601.31510373 46.73  46.128075  47.965483 21.805
 12   -15.724 52636.31506712 29.53  46.138611  47.964384  9.528
 12   -15.674 52636.31506776 29.05  46.137281  47.961134  9.528
 12   -15.702 52636.31506841 28.92  46.135951  47.957894  9.528
 12   -15.810 52636.31506905 27.39  46.134621  47.954654  9.528
 12   -15.835 52636.31506969 27.26  46.133291  47.951404  9.528
 12   -15.886 52636.31507034 27.29  46.131961  47.948164  9.528
 13   -15.919 52671.31507255 50.00  46.134134  47.966475 29.185
 13   -15.928 52671.31507320 47.80  46.132804  47.963225 29.185
 13   -15.918 52671.31507384 50.26  46.131474  47.959985 29.185
 13   -15.911 52671.31507449 48.58  46.130154  47.956745 29.185
 13   -15.876 52671.31507513 45.96  46.128824  47.953505 29.185
 15   -17.395 52741.31510180 17.99  46.132900  47.969959 26.990
 15   -17.482 52741.31510245 14.69  46.131570  47.966709 26.990
 15   -17.495 52741.31510309 14.64  46.130240  47.963469 26.990
 15   -17.424 52741.31510374 13.20  46.128910  47.960229 26.990
 15   -17.211 52741.31510438 12.94  46.127580  47.956979 26.990
 16   -13.130 52776.31504598 35.36  46.133879  47.968229 20.752
 16   -13.076 52776.31504662 32.97  46.132549  47.964979 20.752
 16   -12.799 52776.31504726 33.06  46.131229  47.961739 20.752
 16   -12.767 52776.31504791 33.60  46.129899  47.958489 20.752
 16   -12.672 52776.31504855 37.80  46.128569  47.955249 20.752
 17   -17.841 52811.31512350 48.09  46.139168  47.964961 31.543
 17   -17.905 52811.31512414 47.41  46.137838  47.961721 31.543
 17   -17.967 52811.31512478 47.05  46.136508  47.958481 31.543
 17   -18.027 52811.31512543 44.72  46.135178  47.955241 31.543
 17   -18.115 52811.31512607 40.97  46.133848  47.951991 31.543
 17   -16.933 52811.31512672 34.23  46.132518  47.948751 31.543
 19   -18.681 52881.31521592 24.90  46.134276  47.965216 27.726
 19   -18.299 52881.31521657 24.77  46.132946  47.961966 27.726
 19   -18.233 52881.31521721 30.74  46.131616  47.958726 27.726
 19   -18.212 52881.31521786 34.12  46.130286  47.955486 27.726
 19   -18.426 52881.31521850 32.69  46.128956  47.952246 27.726
 20   -18.698 52916.31517286 18.34  46.135274  47.966790 26.632
 20   -18.475 52916.31517351 17.07  46.133954  47.963550 26.632
 20   -18.453 52916.31517415 18.03  46.132624  47.960300 26.632
 20   -18.396 52916.31517480 22.70  46.131294  47.957060 26.632
 20   -18.471 52916.31517544 27.93  46.129964  47.953820 26.632
 20   -16.883 52916.31517609 38.29  46.128644  47.950580 26.632
 23   -16.736 53021.31514174 41.09  46.137896  47.967995 29.478
 23   -16.741 53021.31514238 44.10  46.136576  47.964745 29.478
 23   -16.731 53021.31514303 46.21  46.135246  47.961505 29.478
 23   -16.742 53021.31514367 43.60  46.133916  47.958265 29.478
 23   -16.787 53021.31514431 45.12  46.132586  47.955025 29.478
 23   -16.884 53021.31514496 43.59  46.131256  47.951775 29.478
 23   -17.027 53021.31514560 39.35  46.129936  47.948535 29.478
 27   -14.925 53161.31520159 25.50  46.133067  47.969292 24.235
 27   -14.749 53161.31520224 25.85  46.131737  47.966042 24.235
 27   -14.506 53161.31520288 31.06  46.130417  47.962802 24.235
 27   -14.492 53161.31520353 36.02  46.129087  47.959552 24.235
 27   -14.430 53161.31520417 34.83  46.127757  47.956312 24.235
 28   -17.221 53196.31519998 34.27  46.139283  47.966832 29.430
 28   -17.041 53196.31520062 40.18  46.137953  47.963592 29.430
 28   -17.122 53196.31520127 45.55  46.136623  47.960342 29.430
 28   -17.171 53196.31520191 44.81  46.135293  47.957102 29.430
 28   -17.218 53196.31520256 49.36  46.133963  47.953862 29.430
 28   -17.285 53196.31520320 49.09  46.132633  47.950612 29.430
 28   -17.331 53196.31520385 42.17  46.131313  47.947372 29.430
 31   -18.670 53301.31520313 18.10  46.133286  47.969728 19.462
 31   -18.689 53301.31520377 16.64  46.131956  47.966488 19.462
 31   -18.816 53301.31520442 15.82  46.130636  47.963248 19.462
 31   -18.613 53301.31520506 15.21  46.129306  47.960008 19.462
 31   -18.768 53301.31520571 18.09  46.127976  47.956758 19.462
 32   -18.250 53336.31517462 17.77  46.134657  47.964844 24.572
 32   -18.197 53336.31517526 17.85  46.133337  47.961604 24.572
 32   -18.299 53336.31517591 17.89  46.132007  47.958364 24.572
 32   -18.125 53336.31517655 17.76  46.130677  47.955114 24.572
 32   -17.523 53336.31517720 24.08  46.129347  47.951874 24.572
 33   -17.279 53371.31511065 49.94  46.133101  47.970162 35.849
 33   -17.226 53371.31511130 47.93  46.131771  47.966912 35.849
 33   -17.221 53371.31511194 49.09  46.130441  47.963672 35.849
 33   -17.251 53371.31511259 50.53  46.129121  47.960432 35.849
 33   -17.267 53371.31511323 50.30  46.127791  47.957182 35.849
 35   -14.432 53441.31513276 26.58  46.131565  47.969054  8.985
 35   -14.492 53441.31513341 26.08  46.130235  47.965814  8.985
 35   -14.456 53441.31513405 24.59  46.128915  47.962574  8.985
 35   -14.412 53441.31513470 23.90  46.127585  47.959324  8.985
 36   -16.360 53476.31520013 42.56  46.135619  47.968013 41.314
 36   -16.367 53476.31520077 47.06  46.134299  47.964773 41.314
 36   -16.292 53476.31520142 48.68  46.132969  47.961533 41.314
 36   -16.310 53476.31520206 48.69  46.131639  47.958283 41.314
 36   -16.314 53476.31520271 52.14  46.130309  47.955043 41.314
 36   -16.353 53476.31520335 50.68  46.128979  47.951803 41.314
 38   -17.456 53546.31523073 21.60  46.131781  47.970190 21.022
 38   -17.477 53546.31523137 18.47  46.130451  47.966940 21.022
 38   -17.532 53546.31523202 17.85  46.129131  47.963700 21.022
 38   -14.740 53546.31523266 30.49  46.127801  47.960450 21.022
 39   -18.107 53581.31520435 21.98  46.133915  47.967359 21.967
 39   -18.109 53581.31520500 15.45  46.132585  47.964119 21.967
 39   -18.149 53581.31520564 15.02  46.131265  47.960879 21.967
 39   -18.243 53581.31520629 14.04  46.129935  47.957629 21.967
 39   -17.593 53581.31520693 14.27  46.128605  47.954389 21.967
 42   -18.920 53686.31518009 40.25  46.132491  47.968366 31.896
 42   -19.056 53686.31518074 39.27  46.131161  47.965126 31.896
 42   -18.832 53686.31518138 39.78  46.129841  47.961886 31.896
 42   -18.897 53686.31518203 45.88  46.128511  47.958646 31.896
 45   -16.790 53791.31506239 18.21  46.138756  47.964685 14.398
 45   -16.794 53791.31506303 19.29  46.137436  47.961445 14.398
 45   -16.956 53791.31506367 22.51  46.136106  47.958195 14.398
 45   -16.844 53791.31506432 28.81  46.134776  47.954955 14.398
 45   -16.719 53791.31506496 31.77  46.133446  47.951715 14.398
 45   -16.437 53791.31506561 41.48  46.132116  47.948475 14.398
 50   -18.979 53966.31515991 25.59  46.129532  47.970353 17.855
 50   -18.897 53966.31516056 19.92  46.128202  47.967113 17.855
 53   -18.615 54071.31515668 23.64  46.137834  47.966469 30.523
 53   -18.622 54071.31515732 23.43  46.136504  47.963219 30.523
 53   -18.194 54071.31515797 26.82  46.135184  47.959979 30.523
 53   -18.170 54071.31515861 25.29  46.133854  47.956739 30.523
 53   -18.405 54071.31515926 26.82  46.132524  47.953499 30.523
 53   -18.330 54071.31515990 34.04  46.131194  47.950249 30.523
 53   -18.221 54071.31516055 35.43  46.129864  47.947009 30.523
 54   -17.885 54106.31510788 50.48  46.129796  47.970139 25.215
 54   -17.816 54106.31510853 50.75  46.128466  47.966899 25.215
 55   -17.470 54141.31509013 27.36  46.139182  47.964266 34.764
 55   -17.592 54141.31509078 23.35  46.137852  47.961026 34.764
 55   -17.751 54141.31509142 19.74  46.136532  47.957786 34.764
 55   -18.049 54141.31509206 21.07  46.135202  47.954546 34.764
 56   -16.441 54176.31508955 41.15  46.132511  47.967839 37.113
 56   -16.418 54176.31509019 43.85  46.131181  47.964599 37.113
 56   -16.421 54176.31509084 44.24  46.129850  47.961353 10.405
 56   -16.465 54176.31509148 37.94  46.128520  47.958113 10.405
 57   -14.800 54211.31509647 21.36  46.138761  47.967370 30.998
 57   -14.292 54211.31509712 19.16  46.137431  47.964130 30.998
 57   -13.906 54211.31509776 18.16  46.136104  47.960885  6.180
 57   -13.586 54211.31509841 18.40  46.134774  47.957645  6.180
 57   -13.488 54211.31509905 25.52  46.133444  47.954405  6.180
 57   -13.693 54211.31509970 22.63  46.132114  47.951155  6.180
 57   -13.675 54211.31510034 18.27  46.130784  47.947915  6.180
 58   -14.191 54246.31512591 24.07  46.138433  47.968013 36.173
 58   -13.950 54246.31512656 25.18  46.137103  47.964763 36.173
 58   -13.979 54246.31512720 24.99  46.135773  47.961523 36.173
 58   -13.988 54246.31512784 28.70  46.134442  47.958276 16.188
 58   -13.743 54246.31512849 30.38  46.133122  47.955036 16.188
 58   -13.752 54246.31512913 36.66  46.131792  47.951796 16.188
 58   -13.778 54246.31512978 41.96  46.130462  47.948546 16.188
 60   -18.097 54316.31513566 48.28  46.137149  47.966322 29.509
 60   -18.093 54316.31513630 42.47  46.135819  47.963082 29.509
 60   -18.076 54316.31513695 44.04  46.134493  47.959837 15.078
 60   -18.061 54316.31513759 48.81  46.133163  47.956597 15.078
 60   -18.057 54316.31513824 45.82  46.131843  47.953347 15.078
 60   -18.053 54316.31513888 50.86  46.130513  47.950107 15.078
 61   -18.233 54351.31510232 24.84  46.133941  47.969439 39.340
 61   -18.234 54351.31510297 21.42  46.132621  47.966189 39.340
 61   -18.388 54351.31510361 17.68  46.131291  47.962949 39.340
 61   -18.716 54351.31510426 17.72  46.129961  47.959701  5.158
 61   -18.557 54351.31510490 15.89  46.128631  47.956461  5.158
 61   -18.542 54351.31510555 16.05  46.127301  47.953221  5.158
 62   -18.620 54386.31507527 20.38  46.138827  47.963687  9.461
 62   -18.749 54386.31507591 17.93  46.137497  47.960447  9.461
 62   -18.551 54386.31507656 16.81  46.136167  47.957197  9.461
 62   -18.428 54386.31507720 19.74  46.134837  47.953957  9.461
 62   -18.446 54386.31507785 15.64  46.133507  47.950717  9.461
 63   -18.711 54421.31505249 18.26  46.133528  47.968296 41.578
 63   -18.636 54421.31505313 17.06  46.132192  47.965050  6.495
 63   -18.601 54421.31505378 16.49  46.130862  47.961810  6.495
 63   -18.846 54421.31505442 16.10  46.129542  47.958570  6.495
 63   -18.863 54421.31505507 16.33  46.128212  47.955320  6.495
 65   -16.386 54491.31505448 26.21  46.134860  47.965344  7.086
 65   -16.441 54491.31505512 25.57  46.133530  47.962104  7.086
 65   -16.502 54491.31505577 24.88  46.132200  47.958864  7.086
 65   -16.627 54491.31505641 25.06  46.130870  47.955624  7.086
 65   -16.815 54491.31505706 25.14  46.129550  47.952374  7.086
 65   -16.698 54491.31505770 24.27  46.128220  47.949134  7.086
 67   -18.675 54561.31506226 24.38  46.133006  47.968116 29.954
 67   -18.797 54561.31506290 22.81  46.131686  47.964876 29.954
 67   -18.674 54561.31506355 27.21  46.130356  47.961626 29.954
 67   -18.660 54561.31506419 39.30  46.129026  47.958386 29.954
 67   -18.631 54561.31506484 41.25  46.127696  47.955146 29.954
 68   -13.532 54596.31505628 34.30  46.136333  47.965077 28.337
 68   -13.613 54596.31505692 33.11  46.135003  47.961827 28.337
 68   -13.406 54596.31505757 30.89  46.133673  47.958587 28.337
 68   -13.132 54596.31505821 34.60  46.132343  47.955347 28.337
 68   -13.109 54596.31505886 35.02  46.131013  47.952097 28.337
 68   -13.198 54596.31505950 30.18  46.129683  47.948857 28.337
 69   -18.212 54631.31507000 23.29  46.135862  47.966262 23.164
 69   -18.314 54631.31507065 20.72  46.134532  47.963022 23.164
 69   -18.301 54631.31507129 22.47  46.133202  47.959782 23.164
 69   -18.379 54631.31507194 26.21  46.131872  47.956542 23.164
 69   -18.169 54631.31507258 32.44  46.130542  47.953292 23.164
 69   -18.323 54631.31507323 37.18  46.129222  47.950052 23.164
 70   -18.458 54666.31507585 34.84  46.135638  47.967568 36.353
 70   -18.368 54666.31507649 41.08  46.134318  47.964328 36.353
 70   -18.504 54666.31507714 34.67  46.132988  47.961078 36.353
 70   -18.417 54666.31507778 40.17  46.131658  47.957838 36.353
 70   -18.434 54666.31507843 44.86  46.130328  47.954598 36.353
 70   -18.396 54666.31507907 45.85  46.128998  47.951348 36.353
 71   -18.539 54701.31504423 29.48  46.133951  47.967681 20.985
 71   -18.599 54701.31504487 29.71  46.132621  47.964431 20.985
 71   -18.614 54701.31504552 31.15  46.131301  47.961191 20.985
 71   -18.512 54701.31504616 32.15  46.129971  47.957951 20.985
 71   -18.597 54701.31504681 33.56  46.128641  47.954701 20.985
 71   -18.604 54701.31504745 33.56  46.127311  47.951461 20.985
 73   -19.733 54771.31502548 18.32  46.135693  47.966348 31.427
 73   -19.063 54771.31502612 17.18  46.134363  47.963098 31.427
 73   -18.949 54771.31502677 18.08  46.133033  47.959858 31.427
 73   -18.770 54771.31502741 19.80  46.131703  47.956618 31.427
 73   -18.886 54771.31502806 22.77  46.130373  47.953378 31.427
 73   -18.920 54771.31502870 22.88  46.129043  47.950128 31.427
 74   -18.237 54806.31502997 21.12  46.139443  47.964249 24.059
 74   -18.500 54806.31503061 21.43  46.138113  47.961009 24.059
 75   -14.590 54841.31502107 30.79  46.136612  47.965929 11.586
 75   -14.720 54841.31502171 28.97  46.135282  47.962679 11.586
 75   -14.707 54841.31502235 26.92  46.133952  47.959439 11.586
 75   -14.701 54841.31502300 26.10  46.132622  47.956199 11.586
 75   -14.677 54841.31502364 25.73  46.131292  47.952959 11.586
 75   -14.668 54841.31502429 28.69  46.129972  47.949709 11.586
 76   -14.546 54876.31503083 47.76  46.138423  47.967762 33.668
 76   -14.569 54876.31503147 47.14  46.137093  47.964522 33.668
 76   -14.570 54876.31503212 47.25  46.135763  47.961282 33.668
 76   -14.572 54876.31503276 46.08  46.134433  47.958032 33.668
 76   -14.554 54876.31503341 46.88  46.133103  47.954792 33.668
 76   -14.552 54876.31503405 45.73  46.131773  47.951552 33.668
 76   -14.548 54876.31503470 43.08  46.130453  47.948302 33.668
 77   -17.080 54911.31502578 43.15  46.131848  47.970420 30.368
 77   -17.115 54911.31502642 43.13  46.130528  47.967180 30.368
 77   -17.128 54911.31502707 45.25  46.129198  47.963940 30.368
 77   -17.124 54911.31502771 46.84  46.127868  47.960690 30.368
 78   -15.959 54946.31502325 50.67  46.138292  47.966619 35.654
 78   -15.969 54946.31502390 50.68  46.136962  47.963369 35.654
 78   -15.922 54946.31502454 44.61  46.135632  47.960129 35.654
 78   -15.871 54946.31502519 48.76  46.134302  47.956889 35.654
 78   -15.849 54946.31502583 51.60  46.132972  47.953639 35.654
 78   -15.913 54946.31502648 51.49  46.131642  47.950399 35.654
 78   -15.901 54946.31502712 51.04  46.130312  47.947159 35.654
 79   -15.392 54981.31504961 22.31  46.135388  47.966382 19.342
 79   -15.601 54981.31505026 20.87  46.134058  47.963142 19.342
 79   -14.422 54981.31505090 17.73  46.132728  47.959902 19.342
 79   -13.746 54981.31505155 16.99  46.131398  47.956662 19.342
 79   -13.561 54981.31505219 19.88  46.130068  47.953412 19.342
 80   -18.291 55016.31505078 47.79  46.136634  47.966297 37.995
 80   -18.287 55016.31505143 46.61  46.135304  47.963047 37.995
 80   -18.421 55016.31505207 46.86  46.133974  47.959807 37.995
 80   -18.426 55016.31505272 52.06  46.132644  47.956567 37.995
 80   -18.446 55016.31505336 51.03  46.131314  47.953327 37.995
 80   -18.437 55016.31505401 51.81  46.129984  47.950077 37.995
 81   -18.488 55051.31504529 25.13  46.136951  47.965836 26.147
 81   -18.558 55051.31504594 22.14  46.135621  47.962586 26.147
 81   -18.739 55051.31504658 24.90  46.134291  47.959346 26.147
 81   -18.670 55051.31504723 26.37  46.132961  47.956106 26.147
 81   -18.593 55051.31504787 26.55  46.131631  47.952866 26.147
 81   -18.591 55051.31504852 26.34  46.130301  47.949616 26.147
 82   -18.692 55086.31500977 15.48  46.131778  47.969986  5.052
 82   -18.701 55086.31501042 15.48  46.130448  47.966746  5.052
 82   -18.192 55086.31501106 15.35  46.129128  47.963506  5.052
 82   -17.779 55086.31501171 14.85  46.127798  47.960256  5.052
 84   -18.798 55156.31497010 17.24  46.134038  47.969610  6.486
 84   -19.057 55156.31497075 17.00  46.132708  47.966360  6.486
 84   -19.086 55156.31497139 16.25  46.131378  47.963120  6.486
 84   -19.144 55156.31497204 17.66  46.130048  47.959880  6.486
 84   -19.094 55156.31497268 18.54  46.128718  47.956630  6.486
 84   -18.924 55156.31497333 19.87  46.127398  47.953390  6.486
 86   -15.443 55226.31497099 26.34  46.134295  47.968459  5.825
 86   -15.832 55226.31497164 26.17  46.132965  47.965219  5.825
 86   -15.846 55226.31497228 25.12  46.131635  47.961979  5.825
 86   -15.836 55226.31497293 23.98  46.130305  47.958729  5.825
 86   -16.501 55226.31497357 25.23  46.128985  47.955489  5.825
 86   -16.037 55226.31497422 23.87  46.127655  47.952249  5.825
 87   -16.169 55261.31496489 26.96  46.137941  47.965199  9.784
 87   -16.196 55261.31496554 26.28  46.136611  47.961949  9.784
 87   -16.235 55261.31496618 27.29  46.135281  47.958709  9.784
 87   -16.301 55261.31496683 25.48  46.133951  47.955469  9.784
 87   -16.314 55261.31496747 25.78  46.132621  47.952229  9.784
 87   -16.313 55261.31496812 26.58  46.131291  47.948979  9.784
 88   -18.846 55296.31495609 16.91  46.132603  47.966686  5.727
 88   -19.024 55296.31495674 16.89  46.131273  47.963446  5.727
 88   -18.562 55296.31495738 14.85  46.129943  47.960196  5.727
 89   -12.995 55331.31494454 35.99  46.135452  47.968287 14.705
 89   -12.804 55331.31494519 34.41  46.134122  47.965047 14.705
 89   -12.713 55331.31494583 35.00  46.132792  47.961807 14.705
 89   -12.700 55331.31494648 36.70  46.131472  47.958557 14.705
 89   -12.714 55331.31494712 42.95  46.130142  47.955317 14.705
 89   -12.662 55331.31494777 46.03  46.128812  47.952077 14.705
 90   -18.876 55366.31493805 22.33  46.135211  47.966946 12.900
 90   -18.970 55366.31493869 23.65  46.133881  47.963706 12.900
 90   -18.874 55366.31493934 24.20  46.132551  47.960466 12.900
 90   -19.055 55366.31493998 26.82  46.131221  47.957216 12.900
 90   -19.039 55366.31494063 31.95  46.129901  47.953976 12.900
 90   -18.880 55366.31494127 35.77  46.128571  47.950736 12.900
 92   -19.087 55436.31495543 47.27  46.136363  47.964739 30.275
 92   -19.060 55436.31495607 43.74  46.135033  47.961489 30.275
 92   -19.093 55436.31495672 43.14  46.133703  47.958249 30.275
 92   -19.069 55436.31495736 44.00  46.132383  47.955009 30.275
 92   -19.057 55436.31495801 44.58  46.131053  47.951759 30.275
 92   -19.153 55436.31495865 43.51  46.129723  47.948519 30.275
 93   -19.614 55471.31490670 19.09  46.131805  47.968550 21.606
 93   -19.699 55471.31490735 15.15  46.130475  47.965310 21.606
 93   -19.424 55471.31490799 14.81  46.129155  47.962070 21.606
 93   -19.395 55471.31490864 25.82  46.127825  47.958820 21.606
