-248909.731    -7.281     0.00    0.92
-248534.111    -7.273     0.02    1.00
-248158.451    -7.271     0.00    0.93
-247782.750    -7.235     0.10    1.02
-247407.008    -7.320    -0.23    1.03
-247031.226    -7.450    -0.34    1.26
-246655.403    -7.958    -1.35    2.02
-246279.539    -8.183    -0.60    2.08
-245903.635    -8.364    -0.48    1.85
-245527.690    -8.410    -0.12    1.73
-245151.704    -8.098     0.83    1.48
-244775.677    -8.126    -0.07    0.91
-244399.610    -8.062     0.17    0.93
-244023.502    -8.096    -0.09    0.91
-243647.353    -8.019     0.20    1.01
-243271.163    -8.234    -0.57    1.04
-242894.932    -8.234     0.00    1.07
-242518.661    -8.167     0.18    1.02
-242142.348    -8.007     0.43    1.22
-241765.995    -7.734     0.72    1.13
-241389.601    -7.727     0.02    1.44
-241013.166    -7.458     0.71    1.25
-240636.690    -7.410     0.13    1.26
-240260.173    -7.318     0.24    1.23
-239883.615    -7.268     0.13    1.06
-239507.017    -7.114     0.41    1.37
-239130.377    -7.047     0.18    1.49
-238753.696    -7.329    -0.75    2.40
-238376.974    -7.480    -0.40    2.72
-238000.212    -7.493    -0.03    2.82
-237623.408    -7.429     0.17    2.70
-237246.563    -6.665     2.03    0.86
-236869.677    -6.838    -0.46    0.95
-236492.750    -6.888    -0.13    0.81
-236115.782    -6.854     0.09    0.82
-235738.772    -6.783     0.19    0.77
-235361.722    -6.727     0.15    0.90
-234984.630    -6.820    -0.25    1.01
-234607.498    -6.838    -0.05    0.99
-234230.324    -7.013    -0.47    0.94
-233853.109    -7.372    -0.95    0.90
-233475.852    -7.596    -0.59    0.97
-233098.555    -7.806    -0.56    0.99
-232721.216    -7.891    -0.22    1.10
-232343.836    -7.820     0.19    0.97
-231966.415    -7.725     0.25    0.97
-231588.952    -7.539     0.49    1.04
-231211.449    -7.338     0.53    1.33
-230833.903    -7.217     0.32    1.33
-230456.317    -7.118     0.26    1.41
-230078.689    -7.110     0.02    1.27
-229701.020    -7.098     0.03    0.99
-229323.309    -7.182    -0.22    1.03
-228945.557    -7.183    -0.00    1.02
-228567.764    -7.458    -0.73    1.21
-228189.929    -7.393     0.17    1.37
-227812.053    -7.533    -0.37    1.62
-227434.135    -7.450     0.22    1.63
-227056.176    -7.069     1.01    1.44
-226678.176    -6.665     1.07    0.99
-226300.133    -6.424     0.64    0.96
-225922.050    -6.383     0.11    0.95
-225543.925    -6.369     0.04    0.93
-225170.426    -6.182     0.50    1.08
-224800.358    -6.131     0.14    1.07
-224430.250    -6.069     0.17    0.97
-224060.103    -5.985     0.22    0.97
-223689.916    -6.200    -0.58    0.87
-223319.689    -6.182     0.05    0.93
-222949.422    -6.369    -0.51    0.97
-222579.116    -6.476    -0.29    0.89
-222208.770    -6.438     0.10    0.89
-221838.385    -6.286     0.41    0.92
-221467.959    -6.251     0.09    1.00
-221097.494    -6.083     0.45    1.03
-220726.989    -5.979     0.28    0.98
-220356.444    -5.941     0.10    0.87
-219985.859    -5.907     0.09    0.86
-219615.235    -5.790     0.31    0.96
-219244.570    -5.825    -0.09    0.95
-218873.866    -5.725     0.27    0.97
-218503.122    -5.496     0.62    1.13
-218132.338    -5.355     0.38    1.09
-217761.514    -5.149     0.56    1.01
-217390.650    -5.103     0.12    0.94
-217019.747    -5.115    -0.03    1.00
-216648.803    -5.286    -0.46    1.03
-216277.819    -5.300    -0.04    1.00
-215906.796    -5.148     0.41    1.08
-215535.732    -4.989     0.43    0.98
-215164.628    -5.013    -0.06    1.22
-214793.485    -4.900     0.31    1.17
-214422.301    -4.700     0.54    1.26
-214051.077    -4.433     0.72    1.28
-213679.813    -4.378     0.15    1.29
-213308.509    -4.389    -0.03    1.30
-212937.165    -4.355     0.09    1.27
-212565.781    -4.329     0.07    1.19
-212194.357    -3.972     0.96    0.71
-211822.892    -4.062    -0.24    0.71
-211451.388    -4.183    -0.33    0.79
-211079.843    -4.407    -0.60    0.95
-210708.258    -4.665    -0.70    0.98
-210336.633    -4.838    -0.46    0.85
-209964.967    -4.833     0.01    0.80
-209593.262    -5.075    -0.65    0.90
-209221.516    -5.298    -0.60    0.91
-208849.730    -5.700    -1.08    0.99
-208477.903    -5.843    -0.38    0.98
-208106.037    -5.941    -0.26    1.02
-207734.130    -5.888     0.14    1.07
-207362.182    -5.533     0.95    1.04
-206990.195    -5.234     0.80    0.89
-206618.167    -5.016     0.58    0.81
-206246.098    -4.844     0.46    0.78
-205873.990    -4.717     0.34    0.94
-205501.841    -4.636     0.22    1.00
-205129.651    -4.600     0.10    0.94
-204757.421    -4.610    -0.03    1.01
-204385.151    -4.806    -0.53    0.86
-204012.840    -4.751     0.15    0.84
-203640.489    -4.621     0.35    0.94
-203268.097    -4.369     0.68    1.04
-202895.665    -4.036     0.90    1.14
-202523.192    -3.700     0.90    1.19
-202150.679    -3.420     0.75    1.10
-201778.125    -3.152     0.72    1.07
-201405.531    -2.786     0.98    0.96
-201032.896    -2.386     1.07    0.99
-200660.220    -1.978     1.10    1.13
-200287.504    -1.318     1.77    1.08
-199914.747    -0.932     1.04    1.14
-199541.950    -0.538     1.06    1.01
-199169.112    -0.285     0.68    0.95
-198796.233    -0.062     0.60    0.94
-198423.314    -0.030     0.08    0.89
-198050.354     0.122     0.41    1.01
-197677.353     0.369     0.66    0.99
-197304.312     0.682     0.84    1.02
-196931.229     1.128     1.20    1.06
-196558.107     1.354     0.60    1.08
-196184.943     1.517     0.44    1.04
-195811.738     1.746     0.61    0.89
-195438.493     1.783     0.10    0.97
-195065.207     2.116     0.89    1.02
-194691.880     2.571     1.22    1.17
-194318.512     3.050     1.28    1.08
-193945.104     3.404     0.95    0.92
-193571.654     3.751     0.93    0.85
-193198.164     4.007     0.69    0.93
-192824.633     4.404     1.06    0.94
-192451.061     4.657     0.68    0.92
-192077.448     4.931     0.73    0.87
-191703.794     5.024     0.25    1.01
-191330.099     5.249     0.60    1.11
-190956.363     5.529     0.75    1.10
-190582.586     5.749     0.59    1.15
-190208.768     6.071     0.86    1.10
-189834.909     6.563     1.31    1.28
-189461.009     7.292     1.95    1.25
-189087.068     7.783     1.31    1.26
-188713.086     8.358     1.54    1.23
-188339.063     9.000     1.72    1.24
-187964.999     9.502     1.34    1.24
-187590.894    10.021     1.39    1.05
-187216.747    10.546     1.40    1.03
-186842.560    11.054     1.36    1.12
-186468.331    11.699     1.72    1.08
-186094.061    12.578     2.35    1.18
-185719.750    13.258     1.82    1.26
-185345.398    14.128     2.32    1.26
-184971.004    14.961     2.22    1.14
-184596.569    15.934     2.60    1.40
-184222.093    16.835     2.41    1.50
-183847.576    17.667     2.22    1.51
-183473.018    18.699     2.75    1.52
-183098.418    19.139     1.18    1.37
-182723.777    19.921     2.09    1.56
-182349.094    20.765     2.25    1.66
-181974.371    21.517     2.01    1.51
-181599.606    22.479     2.57    1.16
-181224.799    23.308     2.21    1.22
-180849.951    24.076     2.05    1.51
-180475.062    25.128     2.80    1.58
-180100.131    25.953     2.20    1.49
-179725.159    26.783     2.21    1.57
-179350.146    27.007     0.60    1.69
-178975.091    26.934    -0.20    1.99
-178599.994    26.571    -0.97    2.26
-178224.856    26.128    -1.18    2.27
-177849.677    25.700    -1.14    1.92
-177474.456    25.691    -0.02    1.76
-177099.194    25.934     0.65    1.75
-176723.890    26.151     0.58    1.51
-176348.544    26.699     1.46    1.59
-175973.157    27.423     1.93    2.03
-175597.728    28.537     2.97    2.65
-175222.258    30.604     5.50    3.73
-174846.746    32.356     4.67    3.99
-174471.192    34.100     4.64    4.90
-174095.597    35.410     3.49    5.11
-173719.960    35.403    -0.02    5.08
-173344.281    35.150    -0.67    4.85
-172968.561    34.715    -1.16    4.71
-172592.799    34.962     0.65    5.00
-172216.995    35.042     0.21    4.33
-171841.149    35.214     0.46    3.42
-171465.262    35.068    -0.39    2.35
-171089.333    35.128     0.16    2.26
-170713.362    35.748     1.65    2.89
-170337.349    36.611     2.29    3.72
-169961.295    37.620     2.68    4.13
-169585.198    37.817     0.52    3.69
-169209.060    38.231     1.10    3.04
-168832.880    38.907     1.80    2.85
-168456.658    40.112     3.20    3.06
-168080.394    41.425     3.49    2.67
-167704.088    42.587     3.09    3.29
-167327.741    43.800     3.22    4.06
-166951.351    44.360     1.49    4.49
-166574.919    44.834     1.26    4.40
-166198.446    45.234     1.06    4.13
-165821.930    44.800    -1.15    3.56
-165445.372    45.076     0.73    3.09
-165068.773    45.440     0.97    2.65
-164692.131    46.559     2.97    2.81
-164315.447    48.076     4.03    2.95
-163938.721    49.580     3.99    3.06
-163561.953    50.715     3.01    3.10
-163185.143    51.902     3.15    3.23
-162808.291    53.122     3.24    3.45
-162431.397    54.440     3.49    3.22
-162054.460    55.783     3.56    2.76
-161677.481    57.614     4.86    2.62
-161300.461    59.597     5.26    2.76
-160923.398    61.122     4.04    2.52
-160546.292    62.645     4.04    1.81
-160169.145    63.461     2.16    1.27
-159791.955    63.332    -0.34    1.48
-159414.723    62.711    -1.65    1.75
-159037.449    61.667    -2.77    2.02
-158660.132    60.600    -2.83    1.86
-158282.773    60.024    -1.53    2.04
-157905.372    58.936    -2.88    2.25
-157527.928    57.950    -2.61    2.46
-157150.443    57.367    -1.55    2.22
-156772.914    57.611     0.65    2.22
-156395.344    58.276     1.76    2.47
-156017.730    58.372     0.25    3.10
-155640.075    58.507     0.36    3.00
-155262.377    58.900     1.04    2.79
-154884.637    59.161     0.69    2.89
-154506.854    59.886     1.92    2.69
-154129.028    59.800    -0.23    2.62
-153751.160    59.456    -0.91    2.78
-153373.250    59.461     0.01    2.57
-152995.297    59.352    -0.29    2.15
-152617.302    60.021     1.77    2.42
-152239.264    61.703     4.45    2.82
-151861.183    63.427     4.56    2.80
-151483.060    64.567     3.01    2.07
-151104.894    64.849     0.75    1.61
-150726.685    64.231    -1.63    2.00
-150352.160    63.334    -2.40    2.12
-149982.214    62.622    -1.92    2.26
-149612.227    62.522    -0.27    2.15
-149242.200    62.352    -0.46    2.04
-148872.132    61.734    -1.67    2.06
-148502.023    60.631    -2.98    2.61
-148131.873    59.580    -2.84    2.63
-147761.683    57.900    -4.54    2.83
-147391.452    56.341    -4.21    2.96
-147021.181    54.478    -5.03    2.84
-146650.868    53.111    -3.69    2.84
-146280.515    52.639    -1.27    2.89
-145910.121    52.076    -1.52    3.24
-145539.686    50.267    -4.88    4.55
-145169.210    48.274    -5.38    5.79
-144798.693    44.604    -9.90    7.48
-144428.136    40.300   -11.61    7.47
-144057.537    36.817    -9.40    5.72
-143686.898    35.749    -2.88    4.95
-143316.218    38.234     6.70    7.19
-142945.497    41.507     8.83    6.32
-142574.735    42.700     3.22    5.28
-142203.932    42.259    -1.19    5.09
-141833.088    39.542    -7.33    5.66
-141462.203    37.580    -5.29    4.71
-141091.277    38.699     3.02    6.19
-140720.310    44.134    14.65    9.55
-140349.302    51.098    18.77    9.24
-139978.253    56.587    14.79    6.33
-139607.163    59.479     7.79    2.89
-139236.032    59.184    -0.80    2.16
-138864.860    57.648    -4.14    2.33
-138493.646    56.155    -4.02    2.29
-138122.392    54.461    -4.56    2.60
-137751.096    52.987    -3.97    2.92
-137379.760    50.604    -6.42    4.28
-137008.382    47.292    -8.92    5.89
-136636.962    44.021    -8.81    6.09
-136265.502    41.749    -6.11    5.91
-135894.001    41.558    -0.51    5.80
-135522.458    42.766     3.25    5.01
-135150.874    42.134    -1.70    4.73
-134779.249    39.763    -6.38    6.15
-134407.582    34.800   -13.35    6.83
-134035.874    30.017   -12.87    5.14
-133664.125    26.300   -10.00    4.15
-133292.335    22.987    -8.91    3.29
-132920.503    20.697    -6.16    2.81
-132548.630    18.749    -5.24    2.22
-132176.715    17.407    -3.61    1.78
-131804.760    16.580    -2.22    1.54
-131432.762    15.766    -2.19    1.59
-131060.724    15.325    -1.19    1.40
-130688.644    15.024    -0.81    1.31
-130316.522    14.767    -0.69    1.29
-129944.359    14.550    -0.58    1.65
-129572.155    14.349    -0.54    2.05
-129199.909    14.241    -0.29    2.34
-128827.621    14.600     0.97    2.72
-128455.292    16.226     4.37    3.81
-128082.922    19.150     7.85    5.78
-127710.510    24.800    15.17    8.04
-127338.056    29.326    12.15    8.09
-126965.561    33.374    10.87    8.07
-126593.024    36.766     9.10    7.65
-126220.446    41.046    11.49    8.63
-125847.826    46.946    15.83    9.88
-125475.164    53.934    18.75    8.62
-125102.461    59.054    13.74    4.55
-124729.716    60.994     5.20    2.39
-124356.929    60.850    -0.39    2.22
-123984.100    60.024    -2.21    2.51
-123611.230    60.234     0.56    2.81
-123238.318    60.732     1.34    2.90
-122865.365    61.207     1.27    2.40
-122492.369    61.275     0.18    1.66
-122119.332    59.866    -3.78    1.95
-121746.253    58.414    -3.89    2.23
-121373.133    56.718    -4.54    2.78
-120999.970    54.921    -4.82    3.29
-120626.766    53.058    -4.99    3.84
-120253.519    50.024    -8.13    4.70
-119880.231    47.749    -6.09    4.41
-119506.901    47.587    -0.43    3.89
-119133.529    49.134     4.14    4.30
-118760.115    51.953     7.55    4.39
-118386.659    54.266     6.19    3.48
-118013.162    53.784    -1.29    5.13
-117639.622    52.229    -4.16    6.23
-117266.040    49.865    -6.33    6.26
-116892.416    47.211    -7.10    4.66
-116518.751    44.834    -6.36    4.17
-116145.043    41.184    -9.77    5.33
-115771.293    38.332    -7.63    4.70
-115397.501    36.934    -3.74    3.44
-115023.667    37.766     2.23    3.51
-114649.791    41.226     9.26    4.50
-114275.873    45.818    12.28    5.61
-113901.913    50.034    11.27    5.68
-113527.910    53.524     9.33    4.60
-113153.866    55.915     6.39    4.11
-112779.779    58.224     6.17    4.47
-112405.650    61.495     8.74    4.13
-112031.479    64.393     7.75    2.98
-111657.266    65.849     3.89    2.00
-111283.010    65.749    -0.27    2.32
-110908.712    63.868    -5.03    3.61
-110534.372    62.226    -4.38    3.01
-110159.990    61.730    -1.33    2.81
-109785.565    62.735     2.68    3.23
-109411.098    64.817     5.56    2.45
-109036.588    65.881     2.84    2.24
-108662.037    67.042     3.10    1.89
-108287.443    68.017     2.60    1.72
-107912.806    69.063     2.79    1.34
-107538.127    69.917     2.28    1.28
-107163.406    69.936     0.05    1.31
-106788.642    69.335    -1.60    1.70
-106413.836    68.210    -3.00    2.01
-106038.988    66.955    -3.35    1.54
-105664.097    66.030    -2.47    1.79
-105289.163    65.088    -2.51    2.04
-104914.187    63.817    -3.39    2.49
-104539.169    61.936    -5.02    2.93
-104164.107    60.631    -3.48    2.72
-103789.004    60.381    -0.67    2.95
-103413.857    61.410     2.74    3.49
-103038.669    64.095     7.16    3.89
-102663.437    67.078     7.95    2.67
-102288.163    68.900     4.86    2.47
-101912.847    69.950     2.80    1.98
-101537.487    70.276     0.87    2.01
-101162.085    69.461    -2.17    2.53
-100786.641    68.156    -3.48    3.04
-100411.153    67.734    -1.13    2.76
-100035.623    67.600    -0.36    2.64
 -99660.050    68.617     2.71    3.19
 -99284.435    70.697     5.54    2.26
 -98908.776    72.472     4.73    2.31
 -98533.075    74.631     5.74    2.87
 -98157.331    75.851     3.25    2.64
 -97781.545    76.700     2.26    2.41
 -97405.715    77.161     1.23    2.22
 -97029.843    77.292     0.35    1.98
 -96653.927    77.317     0.07    1.67
 -96277.969    77.341     0.06    1.59
 -95901.968    76.782    -1.49    1.65
 -95525.924    75.867    -2.43    1.80
 -95149.837    74.580    -3.42    2.57
 -94773.708    72.546    -5.41    3.36
 -94397.535    71.259    -3.42    3.42
 -94021.319    71.529     0.72    3.56
 -93645.061    73.203     4.45    3.91
 -93268.759    74.921     4.56    2.62
 -92892.414    75.505     1.55    2.10
 -92516.026    74.766    -1.96    2.69
 -92139.595    74.194    -1.52    3.06
 -91763.122    73.667    -1.40    3.67
 -91386.605    73.868     0.53    4.10
 -91010.044    73.978     0.29    4.25
 -90633.441    73.648    -0.88    3.80
 -90256.795    73.563    -0.22    3.29
 -89880.105    74.134     1.51    2.89
 -89503.373    75.144     2.68    2.69
 -89126.597    76.352     3.20    2.35
 -88749.778    77.410     2.81    1.96
 -88372.916    78.682     3.37    2.56
 -87996.010    80.234     4.12    3.03
 -87619.061    81.817     4.20    2.54
 -87242.069    82.546     1.93    1.93
 -86865.034    82.292    -0.67    1.76
 -86487.955    81.680    -1.62    1.40
 -86110.833    80.967    -1.89    1.42
 -85733.668    80.100    -2.30    1.53
 -85356.459    79.381    -1.91    1.61
 -84979.207    78.241    -3.02    1.90
 -84601.912    76.984    -3.33    2.85
 -84224.573    75.007    -5.24    3.63
 -83847.191    72.309    -7.15    3.97
 -83469.766    69.456    -7.56    4.86
 -83092.296    65.731    -9.87    5.98
 -82714.784    62.720    -7.98    7.11
 -82337.228    59.325    -8.99    7.66
 -81959.628    55.882    -9.12    8.34
 -81581.985    51.927   -10.47    8.55
 -81204.299    49.546    -6.30    8.68
 -80826.569    49.445    -0.27    9.38
 -80448.795    50.870     3.77   10.37
 -80070.978    52.897     5.36   10.37
 -79693.117    54.207     3.47    9.38
 -79315.213    51.700    -6.63   10.27
 -78937.264    45.929   -15.27   10.78
 -78559.273    40.350   -14.76    9.35
 -78181.237    35.634   -12.48    5.51
 -77803.158    34.283    -3.57    4.52
 -77425.035    35.259     2.58    6.51
 -77046.869    36.495     3.27    9.10
 -76668.659    37.567     2.83   10.73
 -76290.405    37.702     0.36   11.65
 -75912.107    35.967    -4.59   11.38
 -75536.437    33.139    -7.53    9.57
 -75166.619    31.054    -5.64    7.38
 -74796.760    29.161    -5.12    5.24
 -74426.858    29.369     0.56    5.68
 -74056.915    28.718    -1.76    6.17
 -73686.931    29.800     2.92    7.28
 -73316.904    32.107     6.23    6.65
 -72946.836    35.584     9.39    7.17
 -72576.726    40.489    13.25    8.06
 -72206.574    47.948    20.15    7.77
 -71836.381    53.667    15.45    6.76
 -71466.145    58.309    12.54    4.74
 -71095.868    60.210     5.13    4.00
 -70725.549    60.268     0.16    4.40
 -70355.188    58.534    -4.68    5.17
 -69984.785    55.300    -8.73    6.17
 -69614.341    52.417    -7.78    6.85
 -69243.854    49.526    -7.80    6.48
 -68873.325    46.344    -8.59    6.54
 -68502.755    43.623    -7.34    7.30
 -68132.142    40.390    -8.72    6.85
 -67761.488    37.817    -6.94    6.95
 -67390.792    34.343    -9.37    6.82
 -67020.053    30.703    -9.82    6.59
 -66649.273    26.517   -11.29    5.56
 -66278.450    23.292    -8.70    3.90
 -65907.585    21.000    -6.18    2.63
 -65536.679    19.177    -4.91    2.00
 -65165.730    17.571    -4.33    1.97
 -64794.739    15.620    -5.26    3.59
 -64423.706    13.429    -5.90    3.65
 -64052.631    12.234    -3.22    3.33
 -63681.514    12.440     0.56    3.25
 -63310.354    13.973     4.13    3.99
 -62939.153    17.636     9.87    6.01
 -62567.909    22.766    13.82    6.80
 -62196.623    28.816    16.30    8.03
 -61825.295    34.662    15.74    6.73
 -61453.924    38.720    10.92    6.39
 -61082.511    39.567     2.28    6.92
 -60711.056    37.850    -4.62    8.59
 -60339.559    34.456    -9.14    8.37
 -59968.019    31.071    -9.11    5.87
 -59596.437    29.817    -3.38    3.90
 -59224.813    29.617    -0.54    2.94
 -58853.146    29.134    -1.30    2.77
 -58481.437    28.512    -1.67    2.82
 -58109.686    27.849    -1.78    2.54
 -57737.892    27.372    -1.28    2.21
 -57366.056    26.456    -2.46    2.26
 -56994.177    24.343    -5.68    4.20
 -56622.256    21.226    -8.38    6.64
 -56250.292    17.472   -10.09    6.80
 -55878.286    15.150    -6.24    5.55
 -55506.237    13.117    -5.46    3.93
 -55134.146    11.964    -3.10    2.96
 -54762.013    10.737    -3.30    2.29
 -54389.836     9.550    -3.19    1.72
 -54017.618     8.902    -1.74    1.45
 -53645.356     8.283    -1.66    1.33
 -53273.052     7.768    -1.38    1.21
 -52900.706     7.283    -1.30    1.49
 -52528.316     6.687    -1.60    1.54
 -52155.885     5.923    -2.05    1.28
 -51783.410     4.964    -2.57    1.29
 -51410.893     4.335    -1.69    1.30
 -51038.333     3.816    -1.39    1.19
 -50665.730     3.374    -1.19    1.18
 -50293.085     2.833    -1.45    1.78
 -49920.397     1.617    -3.26    2.73
 -49547.666     0.334    -3.44    3.29
 -49174.892    -1.280    -4.33    3.10
 -48802.076    -2.303    -2.74    2.44
 -48429.217    -1.474     2.22    3.06
 -48056.315     0.407     5.04    3.27
 -47683.370     1.931     4.09    2.52
 -47310.382     2.800     2.33    0.94
 -46937.351     2.705    -0.26    0.87
 -46564.278     2.440    -0.71    0.82
 -46191.161     2.200    -0.64    0.81
 -45818.002     2.167    -0.09    0.74
 -45444.800     1.981    -0.50    0.79
 -45071.555     1.913    -0.18    0.85
 -44698.266     1.800    -0.30    0.87
 -44324.935     1.574    -0.60    1.03
 -43951.561     1.379    -0.52    1.10
 -43578.144     1.194    -0.50    1.00
 -43204.683     0.967    -0.61    0.94
 -42831.180     1.118     0.40    0.89
 -42457.634     0.997    -0.32    0.89
 -42084.044     0.934    -0.17    0.89
 -41710.412     0.700    -0.62    0.84
 -41336.736     0.440    -0.70    0.93
 -40963.017     0.123    -0.85    0.84
 -40589.255     0.038    -0.23    0.93
 -40215.450    -0.087    -0.33    0.96
 -39841.602    -0.235    -0.40    1.21
 -39467.710    -0.642    -1.09    1.44
 -39093.776    -0.883    -0.64    1.62
 -38719.798    -1.168    -0.76    1.77
 -38345.776    -1.396    -0.61    1.85
 -37971.712    -1.450    -0.14    2.14
 -37597.604    -2.083    -1.69    2.35
 -37223.453    -2.823    -1.98    2.44
 -36849.259    -3.458    -1.70    1.89
 -36475.021    -3.573    -0.31    1.22
 -36100.740    -3.409     0.44    1.09
 -35726.416    -3.631    -0.59    1.20
 -35352.048    -4.052    -1.13    1.48
 -34977.637    -4.556    -1.34    1.56
 -34603.182    -4.506     0.13    1.59
 -34228.684    -4.396     0.29    1.82
 -33854.142    -4.283     0.30    1.92
 -33479.557    -4.151     0.35    1.97
 -33104.929    -3.912     0.64    1.82
 -32730.257    -4.297    -1.03    1.61
 -32355.542    -4.476    -0.48    1.69
 -31980.783    -4.716    -0.64    1.63
 -31605.980    -5.115    -1.06    1.84
 -31231.134    -5.350    -0.63    2.11
 -30856.244    -4.506     2.25    2.91
 -30481.311    -3.708     2.13    3.18
 -30106.334    -2.136     4.19    3.09
 -29731.314    -0.607     4.08    2.16
 -29356.249     0.462     2.85    1.62
 -28981.142     1.425     2.57    1.24
 -28605.990     2.030     1.61    1.15
 -28230.795     2.517     1.30    1.24
 -27855.556     3.063     1.45    2.04
 -27480.273     4.210     3.06    3.33
 -27104.947     4.929     1.92    4.47
 -26729.577     5.450     1.39    5.16
 -26354.163     5.900     1.20    5.99
 -25978.705     5.720    -0.48    5.61
 -25603.203     5.749     0.08    5.57
 -25227.658     5.587    -0.43    5.19
 -24852.069     5.046    -1.44    4.49
 -24476.436     5.107     0.16    4.10
 -24100.759     4.953    -0.41    3.67
 -23725.038     5.367     1.10    4.30
 -23349.273     5.800     1.15    4.74
 -22973.464     5.817     0.04    4.81
 -22597.611     6.000     0.49    4.47
 -22221.715     6.128     0.34    4.23
 -21845.774     6.489     0.96    3.72
 -21469.789     6.938     1.20    3.33
 -21093.761     7.600     1.76    3.22
 -20717.688     8.717     2.97    3.35
 -20341.571    10.252     4.08    3.74
 -19965.410    13.300     8.10    5.61
 -19589.206    17.084    10.06    7.31
 -19212.957    21.752    12.41    8.33
 -18836.663    25.713    10.53    7.50
 -18460.326    28.187     6.58    6.54
 -18083.945    29.444     3.34    4.71
 -17707.519    28.292    -3.06    3.83
 -17331.049    25.617    -7.11    4.09
 -16954.535    22.517    -8.23    3.80
 -16577.977    19.578    -7.80    3.30
 -16201.375    17.489    -5.55    2.51
 -15824.728    15.316    -5.77    2.40
 -15448.037    13.749    -4.16    2.18
 -15071.302    12.332    -3.76    1.94
 -14694.522    11.292    -2.76    1.85
 -14317.698    10.817    -1.26    1.67
 -13940.830    10.964     0.39    1.87
 -13563.918    11.243     0.74    1.99
 -13186.961    11.848     1.60    1.77
 -12809.959    12.341     1.31    1.60
 -12432.913    13.107     2.03    1.66
 -12055.823    14.593     3.94    1.71
 -11678.689    16.316     4.57    2.18
 -11301.509    17.929     4.28    2.15
 -10924.286    18.594     1.76    1.73
 -10547.018    17.489    -2.93    3.17
 -10169.705    14.217    -8.67    5.94
  -9792.348     9.884   -11.48    6.85
  -9414.946     5.714   -11.05    5.68
  -9037.500     3.620    -5.55    4.42
  -8660.009     2.444    -3.11    1.19
  -8282.474     2.374    -0.19    1.12
  -7904.894     1.997    -1.00    0.70
  -7527.269     1.800    -0.52    0.00
  -7149.600     1.800     0.00    0.00
  -6771.886     1.800     0.00    0.00
  -6394.127     1.817     0.04    0.13
  -6016.324     2.093     0.73    0.96
  -5638.476     2.864     2.04    1.44
  -5260.583     2.529    -0.89    2.00
  -4882.645     1.753    -2.05    2.26
  -4504.663     0.751    -2.65    1.95
  -4126.636    -0.069    -2.17    0.90
  -3748.564    -0.200    -0.35    0.00
  -3370.447    -0.200     0.00    0.00
  -2992.286    -0.200     0.00    0.00
  -2614.079    -0.200     0.00    0.00
  -2235.828    -0.200     0.00    0.00
  -1857.531    -0.200     0.00    0.00
  -1479.190    -0.200     0.00    0.00
  -1100.804    -0.200     0.00    0.00
   -723.853    -0.200     0.00    0.00
   -354.164    -0.200     0.00    0.00
     15.567    -0.200     0.00    0.00
    385.340    -0.200     0.00    0.00
    755.157    -0.200     0.00    0.00
   1125.016    -0.200     0.00    0.00
   1494.918    -0.200     0.00    0.00
   1864.863    -0.200     0.00    0.00
   2234.851    -0.200     0.00    0.00
   2604.882    -0.200     0.00    0.00
   2974.955    -0.200     0.00    0.00
   3345.072     0.022     0.60    1.76
   3715.231     4.817    12.95   12.77
   4085.433    13.767    24.18   20.78
   4455.678    23.013    24.97   21.84
   4825.966    29.489    17.49   18.53
   5196.297    34.107    12.47   12.54
   5566.671    34.234     0.34   10.89
   5937.088    30.591    -9.83   10.75
   6307.548    25.905   -12.65    9.47
   6678.051    23.554    -6.35    6.67
   7048.597    23.473    -0.22    4.77
   7419.186    25.768     6.19    6.75
   7789.818    32.495    18.15    9.96
   8160.494    40.832    22.49   12.89
   8531.212    51.702    29.32   17.27
   8901.974    64.591    34.76   20.48
   9272.778    76.620    32.44   18.76
   9643.626    82.381    15.53   18.01
  10014.517    80.867    -4.08   19.84
  10385.451    76.584   -11.55   19.05
  10756.429    74.626    -5.28   16.69
  11127.449    75.224     1.61   17.96
  11498.513    81.026    15.64   16.38
  11869.620    86.628    15.09   14.76
  12240.771    92.308    15.31   14.66
  12611.964   100.507    22.09   11.07
  12983.201   102.425     5.17   10.87
  13354.482   102.473     0.13   12.41
  13725.805   103.865     3.75   12.70
  14097.172   108.478    12.42   14.89
  14468.583   116.917    22.72   16.09
  14840.037   125.817    23.96   13.52
  15211.534   131.499    15.30   10.75
  15583.074   131.899     1.08   11.62
  15954.658   129.667    -6.01   12.85
  16326.286   128.626    -2.80   13.11
  16697.957   128.783     0.42   13.12
  17069.671   133.007    11.36   12.25
  17441.429   139.800    18.27   11.89
  17813.231   154.669    39.99   21.58
  18185.076   178.955    65.31   36.20
  18556.964   205.562    71.55   39.55
  18928.897   224.410    50.68   31.88
  19300.872   237.578    35.40   32.05
  19672.892   242.050    12.02   37.33
  20044.955   249.653    20.43   35.99
  20417.061   254.880    14.05   35.92
  20789.212   237.964   -45.45   44.78
  21161.406   207.252   -82.52   51.63
  21533.643   179.440   -74.72   43.11
  21905.925   151.768   -74.33   23.47
  22278.250   136.386   -41.31   16.81
  22650.619   125.705   -28.69   14.81
  23023.031   118.529   -19.27   13.69
  23395.488   110.897   -20.49   12.89
  23767.988   104.767   -16.46   13.03
  24140.532   100.358   -11.84   13.38
  24513.119    96.358   -10.74   14.03
  24885.751    88.784   -20.32   16.44
  25258.427    79.026   -26.18   15.47
  25631.146    74.407   -12.39   10.86
  26003.909    75.171     2.05   11.47
  26376.716    83.500    22.34   17.20
  26749.567    99.268    42.29   23.30
  27122.462   114.800    41.65   22.95
  27495.401   124.149    25.07   18.90
  27868.384   133.343    24.65   18.68
  28241.411   133.010    -0.89   20.85
  28614.482   122.735   -27.54   21.86
  28987.597   113.112   -25.79   19.28
  29360.757   107.243   -15.73   13.29
  29733.960   107.356     0.30   11.60
  30107.207   111.456    10.99   12.34
  30480.498   119.750    22.22   11.50
  30853.834   129.007    24.79   13.24
  31227.213   138.699    25.96   16.23
  31600.637   151.581    34.50   18.41
  31974.105   165.076    36.13   15.90
  32347.617   175.226    27.18   14.86
  32721.173   181.224    16.06    8.85
  33094.773   180.167    -2.83    9.04
  33468.418   175.550   -12.36   11.38
  33842.107   168.456   -18.99   11.47
  34215.840   161.800   -17.81   11.56
  34589.618   157.107   -12.56   11.76
  34963.440   151.042   -16.22   11.34
  35337.306   147.732    -8.85   12.02
  35711.216   142.913   -12.89   12.50
  36085.171   137.184   -15.32   11.82
  36459.170   129.236   -21.25   12.16
  36833.214   122.751   -17.34   10.53
  37207.302   119.752    -8.02   10.47
  37581.434   116.332    -9.14   11.38
  37955.611   114.435    -5.07   12.47
  38329.832   109.626   -12.85   13.50
  38704.098   105.484   -11.07   12.47
  39078.408   102.007    -9.29   12.21
  39452.763   101.697    -0.83   12.58
  39827.162   102.243     1.46   12.68
  40201.606   101.611    -1.69   12.59
  40576.094    97.403   -11.23   12.99
  40950.627    91.600   -15.50   13.87
  41325.205    84.721   -18.37   13.35
  41699.827    76.144   -22.89   10.32
  42074.494    71.881   -11.38    7.40
  42449.205    67.292   -12.25    6.31
  42823.962    64.478    -7.51    5.93
  43198.762    61.003    -9.27    5.21
  43573.608    57.834    -8.46    4.48
  43948.498    56.161    -4.46    4.22
  44323.433    54.360    -4.80    4.04
  44698.413    51.594    -7.38    4.65
  45073.437    48.800    -7.45    5.51
  45448.507    45.703    -8.26    4.92
  45823.621    42.687    -8.04    1.95
  46198.780    41.948    -1.97    1.19
  46573.983    41.435    -1.37    1.15
  46949.232    41.190    -0.65    1.34
  47324.525    41.095    -0.25    1.72
  47699.864    43.266     5.78    4.89
  48075.247    48.675    14.41    9.23
  48450.675    56.429    20.65   11.63
  48826.148    62.261    15.53   10.94
  49201.666    69.236    18.58   11.37
  49577.229    74.026    12.76   12.44
  49952.838    80.562    17.40   14.17
  50328.491    84.934    11.64   14.18
  50704.189    90.216    14.06   13.84
  51079.932    96.024    15.46   13.23
  51455.720   101.042    13.35   13.34
  51831.554   109.334    22.06   12.75
  52207.432   115.123    15.40   11.81
  52583.356   121.042    15.75    9.92
  52959.324   125.639    12.23    8.61
  53335.338   131.149    14.66    7.94
  53711.397   135.407    11.32    8.02
  54087.501   138.878     9.23    7.53
  54463.651   141.128     5.98    6.44
  54839.845   137.978    -8.37    8.52
  55216.085   132.194   -15.37   10.47
  55592.370   125.236   -18.49   10.86
  55968.701   117.397   -20.83   10.41
  56345.077   110.526   -18.26   10.31
  56721.498   103.816   -17.83   10.08
  57097.964    99.702   -10.93    9.56
  57474.476    96.478    -8.56    8.55
  57851.033    95.214    -3.36    8.30
  58227.635    93.431    -4.73    8.84
  58604.283    91.718    -4.55    8.44
  58980.977    89.134    -6.86    9.34
  59357.715    86.897    -5.94    9.91
  59734.500    87.639     1.97    9.90
  60111.329    88.623     2.61   10.81
  60488.204    92.684    10.78   12.06
  60865.125    94.913     5.92   11.28
  61242.091    92.088    -7.49   11.51
  61619.103    87.769   -11.46    9.32
  61996.160    84.964    -7.44    7.65
  62373.263    85.737     2.05    8.98
  62750.412    86.768     2.73   10.18
  63127.606    86.833     0.17    9.57
  63504.846    87.022     0.50    8.83
  63882.131    88.614     4.22    9.21
  64259.462    91.169     6.77   10.25
  64636.839    93.717     6.75   10.48
  65014.262    94.139     1.12    8.81
  65391.730    95.945     4.79    8.24
  65769.244    98.091     5.68    8.67
  66146.804   100.522     6.44    9.90
  66524.409   103.653     8.29   10.34
  66902.061   105.413     4.66    9.45
  67279.758   107.076     4.40    9.48
  67657.501   109.376     6.09   11.10
  68035.290   111.350     5.23   12.18
  68413.124   112.197     2.24   12.17
  68791.005   111.095    -2.92   11.14
  69168.931   110.419    -1.79    8.51
  69546.904   114.657    11.21   12.16
  69924.922   120.226    14.73   13.99
  70302.987   128.816    22.72   14.83
  70681.097   139.617    28.57   13.56
  71059.253   153.849    37.64   18.84
  71437.456   170.542    44.14   21.22
  71815.704   184.308    36.40   20.77
  72193.998   194.155    26.03   19.56
  72572.339   197.407     8.60   21.73
  72950.726   198.316     2.40   21.86
  73329.158   201.714     8.98   21.81
  73707.637   210.925    24.34   21.53
  74086.013   221.071    26.82   19.20
  74455.567   230.816    26.37   13.14
  74825.165   236.997    16.72    9.80
  75194.807   238.203     3.26   14.00
  75564.492   239.816     4.36   15.23
  75934.222   239.735    -0.22   15.37
  76303.995   242.165     6.57   12.49
  76673.812   244.613     6.62   10.02
  77043.673   246.462     5.00    8.51
  77413.578   247.929     3.97    6.60
  77783.527   248.203     0.74    5.36
  78153.520   246.074    -5.75    7.00
  78523.557   239.019   -19.07   13.49
  78893.638   231.038   -21.57   15.83
  79263.763   223.703   -19.82   18.00
  79633.932   220.334    -9.10   20.87
  80004.145   226.293    16.10   22.11
  80374.402   234.885    23.21   17.94
  80744.703   235.962     2.91   16.22
  81115.048   228.203   -20.95   22.16
  81485.438   215.562   -34.13   24.65
  81855.871   202.332   -35.72   21.31
  82226.349   194.245   -21.83   16.72
  82596.871   186.832   -20.01    9.95
  82967.437   181.220   -15.15    6.81
  83338.047   173.102   -21.91   12.07
  83708.701   163.365   -26.27   15.49
  84079.400   152.160   -30.23   13.85
  84450.143   144.816   -19.81    8.52
  84820.930   138.865   -16.05    7.24
  85191.761   134.054   -12.97    8.98
  85562.637   133.160    -2.41    9.20
  85933.557   135.617     6.63   13.87
  86304.522   147.720    32.63   19.84
  86675.531   163.964    43.79   15.57
  87046.584   173.403    25.44   10.04
  87417.681   176.332     7.89    8.44
  87788.823   172.165   -11.23   11.18
  88160.010   164.817   -19.80   10.58
  88531.241   158.705   -16.46    8.37
  88902.516   151.736   -18.77    6.55
  89273.836   148.308    -9.23    6.04
  89645.200   148.657     0.94    5.92
  90016.609   152.134     9.36    8.59
  90388.062   160.213    21.75   10.87
  90759.560   168.512    22.34    8.99
  91131.103   174.079    14.98    6.96
  91502.690   175.973     5.10    6.08
  91874.321   174.149    -4.91    6.19
  92245.998   170.450    -9.95    4.81
  92617.718   169.462    -2.66    5.47
  92989.484   171.849     6.42    8.18
  93361.294   175.499     9.82    9.39
  93733.149   176.655     3.11   10.90
  94105.049   173.324    -8.96   14.04
  94476.993   163.913   -25.30   14.60
  94848.982   156.751   -19.26    9.92
  95221.016   152.526   -11.36    5.85
  95593.095   151.334    -3.21    6.06
  95965.218   150.687    -1.74    5.26
  96337.386   151.266     1.55    4.78
  96709.599   156.300    13.53    8.82
  97081.857   164.697    22.56   11.79
  97454.160   173.880    24.67   11.86
  97826.508   179.950    16.31    8.46
  98198.900   179.880    -0.19    8.34
  98571.338   177.587    -6.16    7.30
  98943.820   177.591     0.01    5.92
  99316.347   182.467    13.09    8.87
  99688.920   188.975    17.47   10.07
 100061.537   196.102    19.13    8.72
 100434.199   200.832    12.70    7.07
 100806.906   202.655     4.89    5.90
 101179.659   201.300    -3.64    5.93
 101552.456   198.482    -7.56    6.99
 101925.299   193.241   -14.06    6.97
 102298.186   187.574   -15.20    9.03
 102671.119   180.456   -19.09   11.34
 103044.097   172.736   -20.70   12.05
 103417.120   164.510   -22.05    9.46
 103790.188   158.655   -15.70    7.35
 104163.301   155.081    -9.58    6.49
 104536.460   153.425    -4.44    6.39
 104909.664   150.530    -7.76    7.96
 105282.913   148.372    -5.78    8.41
 105656.207   143.462   -13.15    9.46
 106029.546   140.900    -6.86   10.57
 106402.931   137.878    -8.09   10.30
 106776.361   135.334    -6.82   10.50
 107149.837   136.300     2.59   10.74
 107523.357   137.058     2.03   11.48
 107896.923   137.943     2.37   10.69
 108270.535   137.526    -1.12    9.41
 108644.192   137.381    -0.39    8.93
 109017.894   140.134     7.37   11.47
 109391.642   146.300    16.50   14.59
 109765.435   153.849    20.20   13.18
 110139.274   161.534    20.56   12.35
 110513.158   167.972    17.22   11.22
 110887.087   171.184     8.59   11.11
 111261.063   167.091   -10.95   13.77
 111635.083   157.594   -25.39   18.54
 112009.150   144.894   -33.95   21.11
 112383.261   129.160   -42.06   18.01
 112757.419   119.847   -24.89   14.68
 113131.622   110.689   -24.48   12.92
 113505.870   104.252   -17.20   13.36
 113880.165    96.206   -21.50   13.39
 114254.505    88.358   -20.97   11.76
 114628.890    82.816   -14.80    8.18
 115003.322    81.334    -3.96    6.98
 115377.799    85.691    11.64   12.19
 115752.322    93.510    20.88   19.08
 116126.890   105.831    32.90   25.04
 116501.505   121.445    41.68   27.70
 116876.165   135.628    37.86   28.93
 117250.871   156.155    54.79   28.13
 117625.623   174.226    48.23   22.36
 118000.420   186.134    31.77   18.48
 118375.264   195.852    25.93   14.62
 118750.153   202.740    18.37   13.65
 119125.088   208.665    15.80    9.75
 119500.069   213.181    12.05    4.36
 119875.097   215.445     6.04    5.09
 120250.170   216.197     2.00    6.64
 120625.289   216.558     0.96    6.87
 121000.454   216.865     0.82   10.63
 121375.665   219.102     5.96   12.73
 121750.922   222.030     7.80   12.20
 122126.225   226.376    11.58    6.48
 122501.574   227.749     3.66    5.75
 122876.970   227.472    -0.74    5.55
 123252.411   227.367    -0.28    3.71
 123627.899   226.562    -2.14    3.68
 124003.432   226.655     0.25    5.99
 124379.012   226.546    -0.29    5.03
 124754.638   221.181   -14.28   12.44
 125130.310   210.752   -27.77   19.41
 125506.029   194.722   -42.67   23.42
 125881.793   182.953   -31.32   20.59
 126257.604   181.030    -5.12   19.87
 126633.461   181.550     1.38   20.21
 127009.365   176.878   -12.43   20.24
 127385.315   166.881   -26.60   21.49
 127761.311   159.864   -18.67   17.97
 128137.353   154.081   -15.38   14.51
 128513.442   153.285    -2.12   14.76
 128889.577   152.269    -2.70   14.07
 129265.758   148.817    -9.18   12.55
 129641.986   144.445   -11.62    9.63
 130018.261   139.650   -12.75    8.50
 130394.582   133.941   -15.17    9.02
 130770.949   126.300   -20.30   11.04
 131147.363   118.488   -20.76   11.68
 131523.823   108.706   -25.99   10.20
 131900.330   100.988   -20.50    9.35
 132276.883    96.066   -13.07    6.94
 132653.483    96.259     0.51    7.55
 133030.130   102.213    15.81   11.56
 133406.823   110.867    22.98   11.93
 133783.563   119.066    21.77    9.36
 134160.349   124.102    13.37    8.36
 134537.182   128.102    10.62    7.30
 134914.062   132.181    10.83    7.62
 135290.988   136.994    12.77    7.73
 135667.962   142.308    14.10    8.58
 136044.981   148.472    16.35    6.99
 136422.048   153.093    12.25    6.43
 136799.161   156.150     8.11    6.91
 137176.322   156.880     1.93    7.17
 137553.529   156.118    -2.02    7.57
 137930.782   154.943    -3.11    6.89
 138308.083   153.171    -4.70    5.60
 138685.431   153.413     0.64    5.34
 139062.825   154.419     2.67    4.96
 139440.266   156.718     6.09    5.21
 139817.755   159.421     7.16    5.23
 140195.290   162.522     8.21    4.84
 140572.872   164.972     6.49    4.26
 140950.501   165.768     2.11    4.83
 141328.177   164.441    -3.51    8.63
 141705.900   159.720   -12.50   12.74
 142083.671   152.203   -19.90   17.56
 142461.488   146.864   -14.14   16.97
 142839.352   142.563   -11.38   15.02
 143217.263   142.497    -0.17   14.32
 143595.222   143.091     1.57   12.75
 143973.228   137.581   -14.58   13.80
 144351.280   131.300   -16.62   13.05
 144729.380   125.975   -14.09   11.65
 145107.527   120.410   -14.72    8.97
 145485.722   117.367    -8.05    6.78
 145863.963   116.063    -3.45    5.34
 146242.252   116.071     0.02    4.92
 146620.588   119.315     8.58    7.01
 146998.971   123.687    11.56   10.06
 147377.402   129.895    16.41   13.46
 147755.880   137.626    20.43   15.83
 148134.405   145.478    20.75   19.35
 148512.978   151.558    16.06   21.97
 148891.598   157.650    16.09   22.94
 149262.337   163.767    16.50   22.19
 149631.800   167.593    10.36   20.34
 150001.307   164.591    -8.13   21.55
 150370.860   156.456   -22.02   23.42
 150740.457   148.213   -22.31   20.19
 151110.100   142.671   -14.99   14.63
 151479.787   142.086    -1.58   11.06
 151849.520   147.641    15.03   12.70
 152219.297   154.324    18.07   11.09
 152589.120   162.865    23.10   11.58
 152958.988   174.019    30.16   17.29
 153328.900   187.349    36.04   19.50
 153698.858   198.340    29.71   16.19
 154068.861   208.864    28.45    8.52
 154438.910   213.042    11.29    6.54
 154809.003   217.477    11.99   10.72
 155179.141   224.026    17.70   16.63
 155549.325   232.784    23.66   20.48
 155919.554   244.343    31.22   20.94
 156289.828   253.062    23.55   16.55
 156660.148   259.017    16.08   12.26
 157030.512   263.691    12.62    8.82
 157400.922   265.341     4.46    7.78
 157771.378   267.372     5.48    7.01
 158141.878   269.671     6.21    6.28
 158512.424   271.425     4.73    5.16
 158883.015   272.026     1.62    3.99
 159253.652   271.753    -0.74    3.78
 159624.334   270.128    -4.38    4.60
 159995.062   267.991    -5.77    4.93
 160365.835   266.300    -4.56    4.35
 160736.653   264.673    -4.39    3.90
 161107.517   262.597    -5.60    4.69
 161478.426   261.429    -3.15    5.63
 161849.381   260.144    -3.47    6.29
 162220.382   257.948    -5.92    7.67
 162591.427   256.816    -3.05    9.61
 162962.519   254.034    -7.50   11.04
 163333.656   249.800   -11.41   12.93
 163704.839   242.817   -18.82   14.06
 164076.067   237.515   -14.29   14.64
 164447.341   237.900     1.04   20.40
 164818.660   244.597    18.04   28.48
 165190.026   257.991    36.07   32.76
 165561.436   272.229    38.34   32.86
 165932.893   283.703    30.90   30.55
 166304.395   286.769     8.25   27.15
 166675.943   287.897     3.04   23.91
 167047.537   284.324    -9.62   23.27
 167419.177   277.261   -19.01   27.25
 167790.862   270.767   -17.47   33.25
 168162.593   263.209   -20.33   37.54
 168534.370   253.617   -25.81   41.99
 168906.193   245.880   -20.81   39.10
 169278.062   228.467   -46.83   40.47
 169649.977   208.535   -53.60   35.44
 170021.937   195.623   -34.72   31.70
 170393.944   183.722   -32.00   19.54
 170765.996   176.800   -18.61   10.95
 171138.095   174.181    -7.04    9.19
 171510.239   173.123    -2.84    8.97
 171882.429   176.316     8.58   16.38
 172254.666   179.118     7.53   24.25
 172626.948   179.737     1.66   26.71
 172999.276   180.831     2.94   28.85
 173371.651   179.639    -3.20   28.36
 173744.072   172.339   -19.61   25.04
 174116.538   163.684   -23.24   18.12
 174489.051   160.591    -8.30   11.24
 174861.610   166.784    16.63   16.05
 175234.215   182.890    43.23   25.18
 175606.867   205.079    59.55   23.41
 175979.564   220.038    40.14   18.53
 176352.308   231.705    31.30   12.28
 176725.098   235.324     9.71   11.45
 177097.934   236.616     3.46   10.82
 177470.816   238.994     6.38    8.26
 177843.745   240.597     4.30    5.79
 178216.720   242.340     4.67    3.77
 178589.742   244.212     5.02    4.50
 178962.810   244.784     1.53    4.37
 179335.924   246.669     5.05    5.42
 179709.084   249.767     8.30    7.13
 180082.291   251.285     4.07    8.32
 180455.545   253.703     6.48    7.60
 180828.844   252.410    -3.47    9.15
 181202.191   240.530   -31.82   24.81
 181575.583   218.003   -60.34   38.95
 181949.023   187.107   -82.75   42.08
 182322.508   161.878   -67.56   31.42
 182696.041   144.007   -47.85   14.65
 183069.619   137.236   -18.13    4.16
 183443.245   136.361    -2.34    2.85
 183816.917   138.317     5.24    6.82
 184190.635   143.253    13.21   10.94
 184564.401   149.325    16.25   12.25
 184938.212   154.753    14.52   10.13
 185312.071   158.155     9.10    5.32
 185685.976   157.293    -2.31    4.89
 186059.928   153.149   -11.08    6.41
 186433.927   149.574    -9.56    5.41
 186807.972   149.894     0.85    6.44
 187182.064   155.816    15.83   12.42
 187556.203   174.550    50.08   30.02
 187930.389   197.817    62.19   33.99
 188304.621   219.607    58.24   30.19
 188678.901   237.400    47.55   16.09
 189053.227   242.263    12.99    8.91
 189427.600   240.268    -5.33   10.00
 189802.020   236.102   -11.13   10.78
 190176.487   228.308   -20.82   11.56
 190551.001   219.959   -22.30   14.43
 190925.562   209.816   -27.09   16.45
 191300.169   200.526   -24.80   15.20
 191674.824   191.737   -23.46   12.37
 192049.526   185.332   -17.09   10.97
 192424.274   182.212    -8.33    8.85
 192799.070   182.534     0.86    9.06
 193173.913   190.467    21.17   14.69
 193548.803   201.991    30.74   15.57
 193923.740   210.222    21.96   13.78
 194298.724   217.550    19.55    9.50
 194673.756   222.816    14.04    5.65
 195048.834   225.562     7.32    4.98
 195423.960   227.975     6.43    4.78
 195799.132   230.194     5.92    5.51
 196174.352   232.484     6.10    7.56
 196549.620   235.816     8.88    9.02
 196924.934   241.917    16.26   11.32
 197300.296   244.472     6.81   11.92
 197675.705   241.236    -8.62   17.27
 198051.161   231.128   -26.93   21.74
 198426.665   216.784   -38.21   20.87
 198802.216   205.397   -30.33   15.22
 199177.815   196.331   -24.14    8.47
 199553.460   191.913   -11.76    5.82
 199929.154   188.722    -8.50    5.29
 200304.894   186.440    -6.08    4.54
 200680.682   183.959    -6.60    5.42
 201056.518   179.316   -12.36    8.35
 201432.401   175.722    -9.56    9.59
 201808.332   176.816     2.91   12.42
 202184.310   180.895    10.85   13.08
 202560.335   181.597     1.87   12.90
 202936.408   179.849    -4.65   12.15
 203312.529   176.675    -8.44   11.39
 203688.698   177.217     1.44   12.32
 204064.913   184.866    20.34    9.74
 204441.177   191.325    17.17    9.16
 204817.488   196.933    14.90    7.44
 205193.847   200.508     9.50    6.01
 205570.254   202.941     6.46    4.08
 205946.708   202.324    -1.64    5.46
 206323.210   199.128    -8.49    8.38
 206699.760   190.952   -21.72   13.97
 207076.358   181.042   -26.32   16.66
 207453.003   169.456   -30.77   16.15
 207829.696   163.534   -15.73   12.37
 208206.437   166.997     9.20   19.02
 208583.226   174.478    19.86   24.46
 208960.063   182.972    22.55   26.17
 209336.948   191.324    22.16   24.98
 209713.880   197.927    17.52   22.81
 210090.861   204.631    17.79   20.51
 210467.889   208.994    11.57   18.45
 210844.966   212.641     9.68   16.43
 211222.090   218.046    14.33   12.58
 211599.263   223.222    13.73    8.72
 211976.483   225.832     6.92    5.39
 212353.752   227.846     5.34    4.33
 212731.068   229.181     3.54    3.10
 213108.433   229.165    -0.04    2.14
 213485.846   230.019     2.26    1.86
 213863.306   230.332     0.83    1.80
 214240.815   230.618     0.76    1.64
 214618.373   230.762     0.38    1.57
