-326723.037    -8.805     0.00    0.67
-326352.211    -9.039    -0.63    0.89
-325981.350    -9.421    -1.03    1.19
-325610.453    -9.821    -1.08    1.12
-325239.522   -10.259    -1.18    1.10
-324868.555   -10.553    -0.79    1.01
-324497.554   -10.460     0.25    0.99
-324126.517   -10.508    -0.13    1.02
-323755.445   -10.331     0.48    0.91
-323384.338   -10.401    -0.19    0.91
-323013.196   -10.563    -0.44    0.84
-322642.018   -10.437     0.34    0.96
-322270.806   -10.256     0.49    0.92
-321899.558   -10.651    -1.06    1.29
-321528.275   -11.479    -2.23    1.65
-321156.957   -12.203    -1.95    1.53
-320785.603   -12.476    -0.73    1.35
-320414.215   -12.151     0.87    1.38
-320042.791   -11.839     0.84    1.42
-319671.332   -11.548     0.78    1.32
-319299.837   -11.365     0.49    1.16
-318928.308   -11.448    -0.22    1.14
-318556.743   -11.437     0.03    1.30
-318185.143   -11.407     0.08    1.51
-317813.507   -11.222     0.50    1.54
-317441.836   -11.053     0.46    1.48
-317070.130   -10.916     0.37    1.33
-316698.388   -10.794     0.33    1.10
-316326.611   -10.720     0.20    1.22
-315954.799   -10.472     0.67    1.21
-315582.951   -10.294     0.48    1.12
-315211.068   -10.417    -0.33    1.30
-314839.150   -10.544    -0.34    1.23
-314467.196   -10.776    -0.62    1.22
-314095.206   -10.916    -0.38    1.18
-313723.182   -10.865     0.14    1.16
-313351.121   -10.657     0.56    1.16
-312979.026   -10.544     0.31    1.07
-312606.894   -10.669    -0.34    1.12
-312234.728   -10.548     0.32    1.22
-311862.525   -10.812    -0.71    1.19
-311490.288   -11.181    -0.99    1.14
-311118.014   -11.383    -0.54    1.16
-310745.706   -11.849    -1.25    1.27
-310373.361   -11.876    -0.07    1.42
-310000.981   -11.497     1.02    1.41
-309628.566   -11.062     1.17    1.51
-309256.115   -11.057     0.01    1.64
-308883.628   -10.883     0.47    1.70
-308511.106   -10.651     0.62    1.68
-308138.548   -10.590     0.16    1.60
-307765.954   -10.347     0.65    1.30
-307393.325   -10.409    -0.17    1.04
-307020.660   -10.437    -0.07    1.26
-306647.960   -11.350    -2.45    1.73
-306275.223   -12.276    -2.48    2.08
-305902.452   -12.985    -1.90    1.85
-305529.644   -13.421    -1.17    1.32
-305156.801   -12.748     1.80    1.61
-304783.922   -11.839     2.44    1.50
-304411.007   -11.187     1.75    1.41
-304038.056   -11.011     0.47    1.20
-303665.070   -11.151    -0.38    1.17
-303292.048   -11.198    -0.13    1.29
-302918.990   -11.544    -0.93    1.24
-302545.896   -11.646    -0.27    1.35
-302172.766   -11.508     0.37    1.41
-301799.601   -11.347     0.43    1.26
-301426.400   -11.276     0.19    1.25
-301053.163   -11.204     0.19    1.23
-300679.890   -10.942     0.70    1.25
-300306.581   -10.494     1.20    1.16
-299933.237   -10.257     0.63    1.27
-299559.856    -9.990     0.71    1.23
-299186.439    -9.757     0.63    1.19
-298812.987    -9.883    -0.34    1.25
-298439.499   -10.239    -0.95    1.30
-298065.974   -10.347    -0.29    1.30
-297692.414   -10.241     0.28    1.41
-297318.818   -10.275    -0.09    1.52
-296945.186   -10.544    -0.72    1.53
-296571.517   -10.871    -0.87    1.45
-296197.813   -11.401    -1.42    1.53
-295824.073   -11.748    -0.93    1.50
-295450.297   -11.985    -0.63    1.48
-295076.484   -12.097    -0.30    1.20
-294702.636   -11.948     0.40    1.29
-294328.752   -11.204     1.99    1.60
-293954.831   -10.386     2.19    1.36
-293580.874    -9.937     1.20    1.12
-293206.882    -9.678     0.69    1.05
-292832.853    -9.347     0.88    1.07
-292458.788    -9.109     0.64    1.07
-292084.687    -8.972     0.36    1.01
-291710.549    -8.748     0.60    0.94
-291336.376    -8.701     0.13    0.86
-290962.166    -8.651     0.13    0.70
-290587.921    -8.738    -0.23    0.79
-290213.639    -8.740    -0.01    0.71
-289839.320    -8.775    -0.09    0.70
-289464.966    -8.873    -0.26    0.75
-289090.575    -8.966    -0.25    0.75
-288716.148    -9.153    -0.50    0.79
-288341.685    -9.349    -0.52    0.86
-287967.185    -9.457    -0.29    0.96
-287592.650    -9.403     0.15    1.12
-287218.078    -9.313     0.24    1.08
-286843.469    -9.294     0.05    1.06
-286468.824    -9.349    -0.15    1.17
-286094.143    -9.615    -0.71    1.13
-285719.426    -9.535     0.22    1.13
-285344.672    -9.454     0.21    1.20
-284969.882    -9.026     1.14    1.23
-284595.055    -8.548     1.27    1.11
-284220.193    -8.454     0.25    1.37
-283845.293    -8.505    -0.14    1.81
-283470.357    -8.381     0.33    1.85
-283095.385    -8.221     0.43    1.71
-282720.376    -7.820     1.07    1.10
-282345.331    -7.839    -0.05    0.69
-281970.250    -7.829     0.03    0.71
-281595.132    -8.062    -0.62    0.63
-281219.977    -8.164    -0.27    0.65
-280844.786    -8.365    -0.54    0.81
-280469.558    -8.590    -0.60    0.79
-280094.294    -8.758    -0.45    0.76
-279718.993    -8.812    -0.14    0.79
-279343.656    -8.633     0.48    0.67
-278968.282    -8.258     1.00    0.66
-278592.872    -8.130     0.34    0.57
-278217.425    -8.101     0.08    0.55
-277841.941    -8.201    -0.27    0.56
-277466.421    -8.469    -0.71    0.63
-277090.864    -8.690    -0.59    0.63
-276715.270    -8.662     0.07    0.62
-276339.640    -8.748    -0.23    0.72
-275963.973    -8.812    -0.17    0.91
-275588.270    -8.865    -0.14    0.95
-275212.529    -8.942    -0.20    1.01
-274836.752    -8.937     0.01    0.94
-274460.939    -8.960    -0.06    0.97
-274085.088    -8.615     0.92    1.01
-273709.201    -8.090     1.40    0.92
-273333.277    -7.633     1.22    0.96
-272957.316    -6.990     1.71    1.09
-272581.319    -6.494     1.32    1.31
-272205.285    -6.171     0.86    1.23
-271829.213    -6.162     0.02    1.29
-271453.105    -6.627    -1.24    1.29
-271076.961    -7.405    -2.07    1.06
-270700.779    -7.960    -1.48    1.02
-270324.561    -8.437    -1.27    1.00
-269948.305    -8.633    -0.52    0.90
-269572.013    -9.026    -1.04    1.12
-269195.684    -9.162    -0.36    1.14
-268819.318    -9.240    -0.21    1.13
-268442.915    -9.464    -0.59    1.20
-268066.475    -9.490    -0.07    1.03
-267689.998    -9.633    -0.38    1.13
-267313.484    -9.401     0.62    0.97
-266936.933    -9.597    -0.52    1.08
-266560.345    -9.738    -0.37    1.14
-266183.721   -10.031    -0.78    1.25
-265807.059   -10.166    -0.36    1.16
-265430.360   -10.381    -0.57    1.15
-265053.624   -10.090     0.77    1.16
-264676.851    -9.803     0.76    1.10
-264300.041   -10.166    -0.97    1.41
-263923.194    -9.930     0.63    1.47
-263546.310    -9.522     1.08    1.60
-263169.389    -9.178     0.91    1.58
-262792.430    -9.169     0.03    1.28
-262415.435    -9.238    -0.18    1.14
-262038.402    -9.294    -0.15    0.96
-261661.332    -9.013     0.74    0.94
-261284.225    -8.539     1.26    1.06
-260907.081    -8.276     0.70    1.07
-260529.900    -8.140     0.36    0.80
-260152.681    -8.070     0.19    0.59
-259775.426    -8.039     0.08    0.58
-259398.133    -7.865     0.46    0.68
-259020.802    -7.712     0.41    0.71
-258643.435    -7.730    -0.05    0.69
-258266.030    -7.732    -0.01    0.68
-257888.588    -7.813    -0.21    0.64
-257511.109    -7.865    -0.14    0.66
-257133.592    -7.639     0.60    0.78
-256756.038    -7.097     1.43    1.00
-256378.447    -6.676     1.12    1.05
-256000.818    -6.439     0.63    0.97
-255623.152    -6.526    -0.23    1.10
-255245.449    -7.044    -1.37    1.03
-254867.708    -7.294    -0.66    1.03
-254489.930    -7.603    -0.82    0.90
-254112.115    -7.512     0.24    0.85
-253734.262    -7.472     0.10    0.83
-253356.371    -7.476    -0.01    0.82
-252983.033    -7.312     0.44    0.92
-252612.420    -7.072     0.65    1.06
-252241.771    -6.759     0.84    0.99
-251871.086    -6.313     1.20    0.94
-251500.364    -6.026     0.77    0.98
-251129.607    -5.821     0.55    1.03
-250758.814    -5.365     1.23    1.25
-250387.985    -4.722     1.73    1.16
-250017.120    -4.044     1.83    1.25
-249646.219    -3.579     1.25    1.16
-249275.282    -3.585    -0.01    1.08
-248904.309    -3.311     0.74    1.16
-248533.300    -3.094     0.59    1.22
-248162.255    -2.759     0.90    1.23
-247791.174    -2.371     1.05    0.99
-247420.056    -2.329     0.11    1.03
-247048.903    -2.312     0.05    1.16
-246677.714    -1.919     1.06    1.36
-246306.488    -1.664     0.69    1.38
-245935.226    -1.508     0.42    1.40
-245563.929    -1.419     0.24    1.40
-245192.595    -1.294     0.34    1.31
-244821.224    -1.188     0.28    1.18
-244449.818    -0.712     1.28    1.27
-244078.376    -0.031     1.83    1.46
-243706.897     0.533     1.52    1.40
-243335.382     0.849     0.85    1.37
-242963.831     1.187     0.91    1.28
-242592.244     1.260     0.20    1.36
-242220.620     1.540     0.75    1.50
-241848.960     1.671     0.35    1.50
-241477.264     2.367     1.87    1.39
-241105.532     3.046     1.82    1.49
-240733.763     3.724     1.82    1.36
-240361.958     4.561     2.25    1.27
-239990.117     5.373     2.18    1.48
-239618.239     6.021     1.74    1.62
-239246.325     7.171     3.09    1.78
-238874.375     7.860     1.85    1.75
-238502.388     8.528     1.79    1.72
-238130.365     9.595     2.87    1.96
-237758.306    10.320     1.95    2.02
-237386.210    11.075     2.03    1.82
-237014.078    11.456     1.03    1.65
-236641.909    11.636     0.48    1.72
-236269.704    11.956     0.86    1.53
-235897.462    12.103     0.39    1.40
-235525.184    11.943    -0.43    1.35
-235152.870    11.313    -1.69    1.51
-234780.518    10.442    -2.34    1.60
-234408.131     9.188    -3.37    1.69
-234035.707     7.834    -3.64    1.64
-233663.246     6.724    -2.98    1.70
-233290.749     5.496    -3.30    1.79
-232918.215     4.180    -3.53    2.08
-232545.645     2.456    -4.63    2.41
-232173.038     0.595    -4.99    2.38
-231800.395    -1.121    -4.61    1.99
-231427.715    -2.535    -3.79    1.66
-231054.998    -3.417    -2.37    1.63
-230682.245    -4.162    -2.00    1.39
-230309.455    -4.651    -1.31    1.29
-229936.629    -5.044    -1.05    1.47
-229563.765    -5.311    -0.72    1.47
-229190.865    -4.960     0.94    1.87
-228817.929    -5.048    -0.24    1.82
-228444.956    -5.401    -0.95    2.09
-228071.946    -6.217    -2.19    2.48
-227698.899    -7.616    -3.75    1.48
-227325.815    -8.275    -1.77    0.49
-226952.695    -8.294    -0.05    0.42
-226579.538    -8.421    -0.34    1.00
-226206.344   -10.508    -5.59    5.22
-225833.114   -14.240   -10.00    7.36
-225459.846   -18.597   -11.67    7.19
-225086.542   -22.347   -10.04    4.39
-224713.201   -23.966    -4.34    1.17
-224339.823   -23.750     0.58    1.28
-223966.409   -23.601     0.40    1.29
-223592.957   -23.345     0.69    1.31
-223219.469   -22.901     1.19    1.66
-222845.943   -22.937    -0.10    1.92
-222472.381   -23.603    -1.78    2.69
-222098.782   -23.978    -1.00    3.02
-221725.146   -24.873    -2.39    3.04
-221351.473   -25.544    -1.80    3.38
-220977.763   -25.083     1.23    5.76
-220604.016   -24.757     0.87    7.25
-220230.232   -25.750    -2.66    6.48
-219856.411   -26.738    -2.64    4.69
-219482.553   -27.276    -1.44    3.30
-219108.658   -27.687    -1.10    1.46
-218734.726   -27.476     0.56    2.20
-218360.757   -27.346     0.35    2.42
-217986.751   -27.057     0.77    2.87
-217612.708   -26.880     0.47    3.41
-217238.628   -26.775     0.28    2.93
-216864.510   -25.437     3.58    6.00
-216490.356   -23.603     4.90    8.17
-216116.164   -22.865     1.97    9.37
-215741.935   -20.794     5.53   10.64
-215367.670   -21.329    -1.43   10.42
-214993.367   -21.758    -1.14   10.27
-214619.026   -22.220    -1.23    9.79
-214244.649   -23.083    -2.31    9.03
-213870.235   -22.621     1.23    8.94
-213495.783   -23.190    -1.52    8.15
-213121.294   -23.405    -0.57    7.75
-212746.768   -23.452    -0.12    7.66
-212372.204   -23.417     0.09    7.90
-211997.603   -23.597    -0.48    8.26
-211622.965   -22.873     1.93    8.99
-211248.290   -22.997    -0.33    8.86
-210873.578   -22.615     1.02    8.52
-210498.828   -21.948     1.78    8.44
-210124.040   -20.364     4.22    8.84
-209749.216   -17.204     8.43    9.34
-209374.354   -14.013     8.51    8.79
-208999.455   -11.883     5.68    7.94
-208624.518    -9.276     6.95    5.84
-208249.544    -7.708     4.18    2.93
-207874.533    -7.294     1.10    1.02
-207499.484    -7.008     0.76    0.95
-207124.397    -6.960     0.13    0.93
-206749.274    -6.901     0.16    0.93
-206374.113    -7.348    -1.19    0.95
-205998.914    -7.639    -0.78    0.87
-205623.678    -7.794    -0.41    0.74
-205248.404    -7.919    -0.33    0.65
-204873.093    -7.966    -0.13    0.57
-204497.744    -8.021    -0.15    0.53
-204122.358    -8.013     0.02    0.59
-203746.935    -7.919     0.25    0.65
-203371.473    -7.890     0.08    0.68
-202995.974    -7.820     0.19    0.78
-202620.438    -7.785     0.09    0.85
-202244.864    -8.434    -1.73    3.69
-201869.252   -10.094    -4.42    6.21
-201493.603   -11.008    -2.43    7.03
-201117.916   -11.371    -0.97    7.22
-200742.192   -11.013     0.95    6.79
-200366.429   -10.021     2.64    5.86
-199990.630    -8.829     3.17    3.95
-199614.792    -8.539     0.77    3.41
-199238.917    -7.603     2.49    1.22
-198863.004    -7.294     0.82    1.25
-198487.053    -7.030     0.70    1.04
-198111.065    -6.722     0.82    1.04
-197735.038    -7.803    -2.87    4.55
-197358.975   -11.615   -10.14    8.16
-196982.873   -15.621   -10.65    8.87
-196606.733   -19.347    -9.90    7.39
-196230.556   -22.222    -7.64    3.67
-195854.341   -23.405    -3.14    2.22
-195478.088   -23.329     0.20    1.99
-195101.797   -23.094     0.63    1.99
-194725.468   -23.018     0.20    1.77
-194349.102   -22.954     0.17    1.56
-193972.697   -22.996    -0.11    1.41
-193596.255   -22.937     0.16    1.53
-193219.775   -23.003    -0.18    1.42
-192843.256   -23.469    -1.24    1.47
-192466.700   -23.664    -0.52    1.39
-192090.106   -23.972    -0.82    1.32
-191713.474   -23.701     0.72    1.46
-191336.804   -23.241     1.22    1.59
-190960.096   -23.044     0.52    1.35
-190583.350   -22.687     0.95    1.26
-190206.566   -22.767    -0.21    1.38
-189829.744   -22.923    -0.41    1.42
-189452.884   -22.680     0.65    1.36
-189075.986   -22.883    -0.54    1.39
-188699.050   -22.890    -0.02    1.27
-188322.076   -22.820     0.19    1.23
-187945.063   -22.633     0.50    1.24
-187568.013   -22.276     0.95    1.11
-187190.924   -22.405    -0.34    1.16
-186813.797   -22.432    -0.07    1.46
-186436.632   -22.652    -0.58    2.09
-186059.429   -23.329    -1.79    2.29
-185682.188   -24.259    -2.46    2.12
-185304.909   -24.865    -1.61    1.64
-184927.591   -25.206    -0.90    0.54
-184550.235   -24.876     0.88    1.44
-184172.841   -24.785     0.24    1.51
-183795.409   -24.603     0.48    1.56
-183417.938   -24.557     0.12    1.37
-183040.429   -24.434     0.33    1.49
-182662.882   -23.873     1.49    1.89
-182285.297   -23.118     2.00    2.10
-181907.673   -21.849     3.36    2.65
-181530.011   -20.794     2.79    2.51
-181152.311   -19.860     2.47    2.36
-180774.572   -19.908    -0.13    2.39
-180396.795   -20.204    -0.79    2.57
-180018.979   -20.008     0.52    2.50
-179641.126   -19.592     1.10    2.47
-179263.233   -19.490     0.27    2.30
-178885.303   -19.873    -1.01    2.31
-178507.334   -20.313    -1.16    2.58
-178133.283   -20.346    -0.09    2.52
-177762.779   -20.680    -0.90    2.55
-177392.239   -20.855    -0.47    2.31
-177021.661   -21.169    -0.85    2.54
-176651.047   -21.610    -1.19    2.93
-176280.396   -22.508    -2.42    2.96
-175909.708   -22.566    -0.16    2.90
-175538.983   -20.863     4.59    3.46
-175168.221   -19.722     3.08    3.05
-174797.422   -19.243     1.29    2.88
-174426.587   -19.275    -0.09    2.54
-174055.714   -20.346    -2.89    2.27
-173684.805   -21.021    -1.82    1.96
-173313.858   -21.329    -0.83    1.97
-172942.875   -21.687    -0.96    1.81
-172571.854   -21.639     0.13    2.24
-172200.797   -21.206     1.17    2.24
-171829.702   -21.008     0.53    2.53
-171458.571   -21.381    -1.01    2.17
-171087.402   -21.258     0.33    1.50
-170716.197   -20.750     1.37    1.20
-170344.954   -20.736     0.04    1.23
-169973.674   -20.708     0.08    1.21
-169602.357   -20.577     0.35    1.21
-169231.003   -20.610    -0.09    1.17
-168859.612   -20.512     0.26    1.29
-168488.184   -20.838    -0.88    1.51
-168116.718   -21.276    -1.18    1.69
-167745.216   -21.381    -0.28    1.69
-167373.676   -21.604    -0.60    1.73
-167002.099   -21.676    -0.19    1.56
-166630.485   -21.241     1.17    1.87
-166258.834   -20.985     0.69    1.93
-165887.145   -21.118    -0.36    2.17
-165515.420   -20.948     0.46    2.14
-165143.657   -21.056    -0.29    2.03
-164771.856   -21.329    -0.73    1.51
-164400.019   -21.380    -0.14    1.33
-164028.144   -21.544    -0.44    1.30
-163656.232   -21.697    -0.41    1.16
-163284.282   -21.651     0.12    1.23
-162912.296   -21.592     0.16    1.18
-162540.272   -21.258     0.90    1.31
-162168.210   -21.039     0.59    1.14
-161796.111   -20.740     0.80    1.11
-161423.975   -20.683     0.15    1.16
-161051.802   -21.087    -1.09    1.21
-160679.591   -21.401    -0.84    1.20
-160307.342   -21.417    -0.04    1.13
-159935.056   -21.364     0.14    1.37
-159562.733   -21.417    -0.14    1.32
-159190.372   -21.136     0.75    1.46
-158817.974   -21.240    -0.28    1.46
-158445.539   -21.383    -0.38    1.43
-158073.065   -21.237     0.39    1.26
-157700.555   -21.582    -0.93    1.65
-157328.007   -21.329     0.68    2.05
-156955.421   -21.260     0.19    2.11
-156582.798   -21.508    -0.67    2.18
-156210.137   -21.785    -0.74    1.63
-155837.438   -20.925     2.31    2.26
-155464.702   -18.240     7.20    6.08
-155091.929   -12.978    14.11    8.98
-154719.118    -7.610    14.40    8.39
-154346.269    -3.097    12.10    5.27
-153973.382    -1.577     4.08    3.65
-153600.458    -1.124     1.21    2.53
-153227.497    -1.112     0.03    2.23
-152854.497    -1.621    -1.37    2.30
-152481.460    -1.544     0.21    2.38
-152108.385    -1.437     0.29    2.55
-151735.273    -0.960     1.28    2.40
-151362.122    -0.188     2.07    2.07
-150988.934     0.224     1.11    1.69
-150615.709     0.447     0.60    1.17
-150242.445     0.303    -0.39    1.08
-149869.144    -0.239    -1.45    1.15
-149495.805    -1.955    -4.59    3.27
-149122.428    -3.508    -4.16    3.73
-148749.013    -4.031    -1.40    3.65
-148375.561    -3.504     1.41    3.79
-148002.070    -2.008     4.01    2.48
-147628.542    -1.346     1.77    1.01
-147254.976    -1.276     0.19    1.23
-146881.372    -1.026     0.67    1.45
-146507.730    -0.678     0.93    1.52
-146134.050    -0.040     1.71    1.75
-145760.332     0.215     0.68    1.80
-145386.577     0.180    -0.09    1.70
-145012.783     0.242     0.17    1.64
-144638.951    -0.066    -0.82    1.56
-144265.082    -0.552    -1.30    1.96
-143891.174    -0.794    -0.65    2.17
-143517.229    -0.687     0.29    2.39
-143143.245    -0.127     1.50    2.35
-142769.223     0.586     1.91    2.22
-142395.164     1.270     1.83    1.74
-142021.066     1.418     0.40    1.11
-141646.930     1.004    -1.11    1.38
-141272.756     0.233    -2.06    1.57
-140898.544    -0.604    -2.24    1.50
-140524.294    -1.239    -1.70    1.28
-140150.006    -1.381    -0.38    1.46
-139775.680    -1.166     0.57    1.93
-139401.315    -1.240    -0.20    1.86
-139026.912    -1.627    -1.03    2.29
-138652.471    -2.260    -1.69    2.39
-138277.992    -2.948    -1.84    2.21
-137903.475    -3.259    -0.83    1.91
-137528.920    -2.937     0.86    1.78
-137154.326    -2.687     0.67    1.52
-136779.694    -2.124     1.50    1.67
-136405.024    -1.445     1.81    1.50
-136030.315    -0.914     1.41    1.39
-135655.569    -0.403     1.36    1.05
-135280.784    -0.056     0.92    1.24
-134905.960     0.242     0.80    1.48
-134531.099     0.969     1.94    2.08
-134156.199     1.899     2.48    2.25
-133781.260     2.779     2.35    2.22
-133406.283     4.011     3.29    2.17
-133031.268     4.914     2.41    1.85
-132656.215     5.303     1.04    1.51
-132281.123     5.797     1.32    1.21
-131905.992     5.917     0.32    1.11
-131530.824     6.117     0.53    1.02
-131155.617     6.373     0.68    0.97
-130780.371     6.671     0.79    1.13
-130405.087     6.867     0.52    0.95
-130029.764     7.164     0.79    1.02
-129654.403     7.528     0.97    0.90
-129279.003     7.776     0.66    1.05
-128903.565     8.135     0.95    1.04
-128528.088     8.171     0.10    0.99
-128152.573     8.320     0.40    1.01
-127777.019     8.568     0.66    1.03
-127401.427     8.956     1.03    0.94
-127025.796     9.070     0.30    0.91
-126650.126     9.266     0.52    0.90
-126274.418     9.452     0.50    0.84
-125898.671     9.774     0.86    0.78
-125522.886    10.110     0.89    0.92
-125147.061    10.390     0.75    1.02
-124771.198    10.637     0.66    1.06
-124395.297    10.796     0.42    0.98
-124019.357    10.885     0.24    1.01
-123643.378    11.132     0.66    0.92
-123267.360    11.461     0.87    1.09
-122891.303    11.581     0.32    1.08
-122515.208    11.689     0.29    1.06
-122139.074    11.566    -0.33    1.16
-121762.901    11.313    -0.67    1.22
-121386.690    11.096    -0.58    1.16
-121010.440    10.917    -0.48    1.21
-120634.150    10.882    -0.09    1.15
-120257.822    11.114     0.62    0.98
-119881.455    10.867    -0.66    0.99
-119505.050    11.057     0.51    0.92
-119128.605    11.155     0.26    0.94
-118752.121    11.313     0.42    0.89
-118375.599    11.597     0.75    0.71
-117999.038    11.757     0.42    0.78
-117622.437    11.903     0.39    0.82
-117245.798    12.113     0.56    0.77
-116869.120    12.161     0.13    0.81
-116492.402    12.385     0.59    0.66
-116115.646    12.327    -0.15    0.88
-115738.851    12.180    -0.39    1.00
-115362.017    12.081    -0.26    1.21
-114985.144    11.891    -0.50    1.15
-114608.231    12.057     0.44    1.04
-114231.280    11.864    -0.51    1.00
-113854.289    11.806    -0.15    0.93
-113477.260    11.778    -0.08    0.93
-113100.191    11.706    -0.19    0.87
-112723.084    11.859     0.40    1.01
-112345.937    12.143     0.75    0.92
-111968.751    12.296     0.41    0.93
-111591.525    12.506     0.56    0.83
-111214.261    12.654     0.39    0.85
-110836.958    12.831     0.47    0.88
-110459.615    12.965     0.35    0.95
-110082.233    13.075     0.29    0.96
-109704.812    13.278     0.54    0.87
-109327.351    13.367     0.24    0.84
-108949.852    13.252    -0.31    0.79
-108572.313    13.215    -0.10    0.86
-108194.734    13.268     0.14    0.98
-107817.117    13.338     0.19    0.99
-107439.460    13.534     0.52    1.01
-107061.764    13.688     0.41    0.84
-106684.028    13.778     0.24    0.81
-106306.254    13.669    -0.29    0.78
-105928.439    13.655    -0.04    0.78
-105550.586    13.581    -0.19    0.76
-105172.693    13.566    -0.04    0.79
-104794.760    13.637     0.19    0.79
-104416.788    13.617    -0.05    0.79
-104038.777    13.655     0.10    0.84
-103660.727    13.610    -0.12    0.87
-103285.874    13.528    -0.22    0.90
-102915.486    13.474    -0.14    0.93
-102545.061    13.513     0.11    0.95
-102174.598    13.581     0.18    0.92
-101804.096    13.603     0.06    1.00
-101433.558    13.426    -0.48    1.01
-101062.981    13.474     0.13    1.08
-100692.366    13.490     0.04    1.08
-100321.714    13.296    -0.52    1.14
 -99951.024    13.461     0.45    1.06
 -99580.295    13.336    -0.34    1.09
 -99209.529    13.367     0.08    1.05
 -98838.726    13.577     0.57    1.06
 -98467.884    13.590     0.03    1.04
 -98097.004    13.724     0.36    1.04
 -97726.086    13.724    -0.00    1.20
 -97355.131    13.969     0.66    1.17
 -96984.137    14.180     0.57    1.15
 -96613.106    14.355     0.47    1.04
 -96242.036    14.373     0.05    0.89
 -95870.929    14.320    -0.14    0.88
 -95499.783    14.081    -0.64    0.93
 -95128.599    13.571    -1.38    1.44
 -94757.378    13.524    -0.12    1.43
 -94386.118    13.401    -0.33    1.37
 -94014.820    13.465     0.17    1.30
 -93643.485    13.599     0.36    1.20
 -93272.111    13.847     0.67    0.91
 -92900.699    13.827    -0.05    1.09
 -92529.249    13.723    -0.28    1.15
 -92157.760    13.706    -0.05    1.15
 -91786.234    13.655    -0.14    1.03
 -91414.669    13.885     0.62    1.06
 -91043.067    14.011     0.34    1.10
 -90671.426    14.215     0.55    1.07
 -90299.747    14.361     0.39    0.91
 -89928.029    14.262    -0.27    0.86
 -89556.274    14.147    -0.31    0.88
 -89184.480    14.028    -0.32    0.83
 -88812.648    14.232     0.55    0.88
 -88440.778    14.361     0.35    0.93
 -88068.869    14.268    -0.25    0.87
 -87696.922    14.181    -0.23    0.82
 -87324.937    14.344     0.44    0.81
 -86952.913    14.528     0.49    0.90
 -86580.852    14.506    -0.06    0.93
 -86208.751    14.413    -0.25    1.06
 -85836.613    13.992    -1.13    1.00
 -85464.436    13.689    -0.81    0.84
 -85092.221    13.361    -0.88    0.67
 -84719.967    13.355    -0.01    0.74
 -84347.675    13.408     0.14    0.82
 -83975.344    13.443     0.09    0.79
 -83602.975    13.548     0.28    0.80
 -83230.568    13.531    -0.05    0.83
 -82858.122    13.426    -0.28    0.86
 -82485.637    13.355    -0.19    0.81
 -82113.114    13.506     0.40    0.94
 -81740.553    13.669     0.44    0.97
 -81367.953    13.812     0.38    1.01
 -80995.315    13.870     0.16    0.92
 -80622.638    14.057     0.50    0.86
 -80249.922    14.028    -0.08    1.06
 -79877.168    14.045     0.05    1.04
 -79504.375    14.162     0.31    1.07
 -79131.544    14.313     0.40    1.19
 -78758.674    14.333     0.05    1.05
 -78385.765    14.285    -0.13    1.03
 -78012.818    14.155    -0.35    0.94
 -77639.832    14.188     0.09    0.82
 -77266.807    14.268     0.21    0.78
 -76893.744    14.367     0.27    0.92
 -76520.642    14.641     0.73    0.98
 -76147.501    14.903     0.70    1.12
 -75774.322    15.057     0.41    1.19
 -75401.104    15.323     0.71    1.14
 -75027.847    15.528     0.55    1.05
 -74654.551    15.292    -0.63    1.12
 -74281.217    15.095    -0.53    1.22
 -73907.843    14.969    -0.34    1.11
 -73534.431    14.782    -0.50    1.02
 -73160.980    14.823     0.11    1.17
 -72787.491    14.956     0.36    1.24
 -72413.962    15.051     0.25    1.33
 -72040.395    14.994    -0.15    1.30
 -71666.788    14.899    -0.25    1.33
 -71293.143    14.844    -0.15    1.28
 -70919.459    15.015     0.46    1.27
 -70545.736    15.057     0.11    1.13
 -70171.974    14.989    -0.18    1.12
 -69798.173    15.198     0.56    1.07
 -69424.333    14.899    -0.80    1.11
 -69050.454    14.844    -0.15    1.22
 -68676.536    14.910     0.18    1.24
 -68302.580    14.913     0.01    1.24
 -67928.584    15.292     1.01    1.28
 -67554.549    15.510     0.58    1.24
 -67180.475    15.849     0.91    1.24
 -66806.362    16.114     0.71    1.14
 -66432.210    16.232     0.32    0.97
 -66058.019    16.197    -0.09    0.95
 -65683.788    16.430     0.62    1.09
 -65309.519    16.672     0.65    1.26
 -64935.210    17.034     0.97    1.15
 -64560.863    16.999    -0.09    1.17
 -64186.476    17.162     0.44    1.07
 -63812.050    17.260     0.26    1.09
 -63437.585    17.262     0.01    1.25
 -63063.080    17.333     0.19    1.22
 -62688.537    17.162    -0.46    1.18
 -62313.954    17.147    -0.04    1.19
 -61939.332    16.859    -0.77    1.03
 -61564.671    16.792    -0.18    1.13
 -61189.970    16.827     0.09    1.08
 -60815.230    16.977     0.40    1.06
 -60440.451    17.135     0.42    1.08
 -60065.633    17.354     0.59    1.03
 -59690.775    17.350    -0.01    1.01
 -59315.878    17.215    -0.36    1.15
 -58940.941    17.232     0.04    1.10
 -58565.966    17.316     0.23    1.11
 -58190.950    17.172    -0.39    1.08
 -57815.896    17.206     0.09    1.14
 -57440.802    16.982    -0.60    1.31
 -57065.669    16.885    -0.26    1.44
 -56690.496    16.762    -0.33    1.37
 -56315.283    16.944     0.48    1.38
 -55940.032    16.987     0.12    1.26
 -55564.740    17.086     0.26    1.18
 -55189.410    17.198     0.30    1.22
 -54814.039    17.310     0.30    1.31
 -54438.630    17.034    -0.73    1.26
 -54063.180    17.242     0.55    1.32
 -53687.691    17.153    -0.24    1.16
 -53312.163    17.225     0.19    1.08
 -52936.595    17.350     0.33    1.03
 -52560.988    17.099    -0.67    1.50
 -52185.340    16.861    -0.63    1.55
 -51809.654    16.655    -0.55    1.51
 -51433.927    16.408    -0.66    1.18
 -51058.161    16.232    -0.47    1.09
 -50682.355    16.179    -0.14    1.15
 -50306.510    16.103    -0.20    1.15
 -49930.625    16.040    -0.17    1.27
 -49554.700    16.090     0.13    1.22
 -49178.735    16.296     0.55    1.26
 -48802.731    16.379     0.22    1.41
 -48426.687    16.571     0.51    1.22
 -48050.603    16.653     0.22    1.27
 -47674.480    16.406    -0.66    1.03
 -47298.317    16.280    -0.33    1.21
 -46922.113    16.057    -0.59    1.19
 -46545.870    15.827    -0.61    1.13
 -46169.588    15.890     0.17    1.21
 -45793.265    16.086     0.52    1.04
 -45416.903    16.292     0.55    1.04
 -45040.500    16.428     0.36    1.05
 -44664.058    16.408    -0.05    1.12
 -44287.576    16.554     0.39    1.11
 -43911.054    16.651     0.26    1.14
 -43534.492    16.617    -0.09    1.00
 -43157.890    16.689     0.19    0.95
 -42781.248    16.689     0.00    0.90
 -42404.566    16.706     0.04    0.87
 -42027.844    16.847     0.37    1.06
 -41651.082    17.106     0.69    1.03
 -41274.280    17.349     0.64    1.10
 -40897.438    17.723     0.99    1.03
 -40520.556    18.046     0.86    0.88
 -40143.634    18.197     0.40    0.87
 -39766.672    18.465     0.71    0.92
 -39389.670    18.827     0.96    1.06
 -39012.627    18.952     0.33    1.04
 -38635.545    19.161     0.55    1.09
 -38258.422    19.132    -0.08    1.04
 -37881.260    18.987    -0.39    1.08
 -37504.057    18.620    -0.97    1.14
 -37126.814    18.155    -1.23    1.11
 -36749.530    17.864    -0.77    1.03
 -36372.207    17.534    -0.88    1.34
 -35994.843    17.779     0.65    1.44
 -35617.439    18.215     1.16    1.49
 -35239.995    18.888     1.78    1.55
 -34862.511    19.740     2.26    1.22
 -34484.986    20.812     2.84    1.48
 -34107.421    21.934     2.97    1.60
 -33729.816    23.271     3.54    1.62
 -33352.170    24.303     2.73    1.52
 -32974.484    25.155     2.26    1.31
 -32596.758    25.817     1.75    1.09
 -32218.991    26.103     0.76    1.12
 -31841.184    26.260     0.42    1.03
 -31463.336    26.215    -0.12    1.02
 -31085.448    25.899    -0.83    1.08
 -30707.520    25.478    -1.11    1.02
 -30329.551    25.214    -0.70    1.03
 -29951.542    24.947    -0.71    0.89
 -29573.492    24.948     0.00    0.80
 -29195.402    24.952     0.01    0.69
 -28817.271    24.792    -0.42    0.76
 -28441.506    24.478    -0.84    0.85
 -28071.236    24.654     0.47    1.08
 -27700.927    25.137     1.31    1.40
 -27330.579    26.004     2.34    1.59
 -26960.193    26.740     1.98    1.35
 -26589.768    26.997     0.70    1.21
 -26219.304    27.206     0.56    1.19
 -25848.801    27.132    -0.20    1.28
 -25478.260    26.890    -0.65    1.14
 -25107.680    26.619    -0.73    1.29
 -24737.061    26.247    -1.00    1.40
 -24366.403    25.861    -1.04    1.37
 -23995.706    25.619    -0.66    1.35
 -23624.970    25.096    -1.41    1.30
 -23254.196    24.588    -1.37    1.53
 -22883.383    24.145    -1.19    1.58
 -22512.530    23.808    -0.91    1.64
 -22141.639    23.656    -0.41    1.61
 -21770.709    24.010     0.95    1.64
 -21399.740    23.825    -0.50    1.52
 -21028.732    23.688    -0.37    1.32
 -20657.685    23.242    -1.20    1.26
 -20286.598    23.224    -0.05    1.18
 -19915.473    22.919    -0.82    1.27
 -19544.309    23.117     0.53    1.35
 -19173.106    23.137     0.05    1.38
 -18801.864    23.401     0.71    1.30
 -18430.583    23.672     0.73    1.27
 -18059.262    24.017     0.93    1.50
 -17687.903    24.583     1.53    1.67
 -17316.504    25.303     1.94    1.77
 -16945.067    25.847     1.46    1.48
 -16573.590    25.706    -0.38    1.26
 -16202.074    25.724     0.05    1.09
 -15830.519    25.283    -1.19    0.95
 -15458.925    24.903    -1.02    0.98
 -15087.291    24.741    -0.43    1.07
 -14715.619    24.379    -0.98    1.07
 -14343.907    23.923    -1.23    1.11
 -13972.156    23.303    -1.67    1.49
 -13600.365    22.338    -2.60    1.94
 -13228.536    21.247    -2.93    2.20
 -12856.667    20.583    -1.78    2.51
 -12484.759    19.775    -2.17    3.34
 -12112.811    19.132    -1.73    4.24
 -11740.825    18.056    -2.89    4.66
 -11368.798    17.081    -2.62    4.84
 -10996.733    16.346    -1.98    4.79
 -10624.628    14.637    -4.59    4.64
 -10252.484    13.864    -2.08    4.52
  -9880.300    13.045    -2.20    5.54
  -9508.078    12.758    -0.77    6.03
  -9135.815    12.654    -0.28    7.06
  -8763.513    11.654    -2.69    8.30
  -8391.172    10.106    -4.16    9.24
  -8018.791     8.671    -3.86    9.70
  -7646.371     6.960    -4.59    9.26
  -7273.912     5.379    -4.25    8.66
  -6901.412     3.081    -6.17    7.22
  -6528.874     1.977    -2.96    6.12
  -6156.296     0.469    -4.05    3.34
  -5783.678    -0.294    -2.05    0.00
  -5411.021    -0.294     0.00    0.00
  -5038.324    -0.294     0.00    0.00
  -4665.587    -0.294     0.00    0.00
  -4292.811    -0.294     0.00    0.00
  -3919.996    -0.294     0.00    0.00
  -3547.140    -0.294     0.00    0.00
  -3174.245    -0.294     0.00    0.00
  -2801.311    -0.294     0.00    0.00
  -2428.337    -0.294     0.00    0.00
  -2055.323    -0.294     0.00    0.00
  -1682.269    -0.294     0.00    0.00
  -1309.176    -0.294     0.00    0.00
   -936.043    -0.294     0.00    0.00
   -562.870    -0.259     0.09    0.26
   -189.657     0.164     1.13    3.26
    183.595     0.906     1.99    5.13
    556.887     1.936     2.76    8.50
    930.219     1.531    -1.08    7.68
   1303.591     0.706    -2.21    5.42
   1677.002     0.601    -0.28    5.04
   2050.454     0.155    -1.20    2.57
   2423.945     0.017    -0.37    2.36
   2797.476     1.706     4.52    9.02
   3171.047     2.137     1.15   11.17
   3544.658     2.092    -0.12   10.16
   3918.308     2.540     1.20    9.81
   4291.999     7.260    12.63   20.65
   4665.730     9.688     6.50   24.01
   5039.500    15.086    14.44   28.35
   5413.311    16.090     2.69   28.86
   5787.162    13.448    -7.07   26.16
   6161.052    11.147    -6.15   21.99
   6534.983     6.123   -13.44   10.68
   6908.953     5.215    -2.43    7.82
   7282.964     8.973    10.05   11.54
   7657.015    17.614    23.10   21.85
   8031.105    34.741    45.79   29.10
   8405.236    50.620    42.44   23.67
   8779.407    58.690    21.57   16.25
   9153.618    57.408    -3.43   17.37
   9527.870    49.137   -22.10   19.64
   9902.161    36.323   -34.24   17.33
  10276.492    30.448   -15.70   11.82
  10650.864    30.465     0.05   10.05
  11025.276    37.379    18.47   14.41
  11399.728    49.774    33.10   18.17
  11774.220    62.506    34.00   14.42
  12148.753    70.510    21.37   13.17
  12523.326    75.554    13.47   13.94
  12897.939    83.430    21.03   16.55
  13272.592    92.469    24.13   21.24
  13647.285   103.045    28.23   26.73
  14022.019   122.250    51.25   34.15
  14396.793   142.831    54.92   30.06
  14771.608   157.876    40.14   23.49
  15146.463   168.349    27.94   13.55
  15521.358   162.440   -15.76   22.43
  15896.294   145.045   -46.39   36.05
  16271.270   122.499   -60.13   41.86
  16646.286    86.999   -94.66   38.60
  17021.343    62.333   -65.77   28.83
  17396.440    51.917   -27.77   18.97
  17771.578    54.344     6.47   20.79
  18146.756    72.313    47.89   23.81
  18521.975    90.797    49.26   16.65
  18897.234   100.011    24.55   13.36
  19272.534   101.215     3.21   16.82
  19647.874    90.896   -27.49   22.98
  20023.255    76.478   -38.41   21.43
  20398.676    66.859   -25.62   15.83
  20774.138    64.283    -6.86   11.10
  21149.640    68.885    12.26   13.56
  21525.183    78.870    26.59   20.29
  21900.767    88.847    26.56   22.19
  22276.391   101.461    33.58   24.34
  22652.056   117.113    41.67   27.75
  23027.762   133.873    44.61   29.60
  23403.508   150.896    45.31   23.50
  23779.295   162.333    30.44   12.95
  24155.122   168.706    16.96   10.17
  24530.991   171.367     7.08    9.45
  24906.900   173.571     5.86    7.00
  25282.849   174.597     2.73    7.66
  25658.840   175.443     2.25    7.36
  26034.871   175.982     1.43    5.79
  26410.944   174.706    -3.39    5.42
  26787.056   171.310    -9.03    6.24
  27163.210   167.258   -10.77    5.83
  27539.405   163.083   -11.10    6.14
  27915.640   158.461   -12.29    6.11
  28291.917   153.206   -13.96    5.17
  28668.234   149.022   -11.12    4.54
  29044.592   145.965    -8.12    4.47
  29420.991   143.534    -6.46    4.59
  29797.431   141.944    -4.22    5.28
  30173.912   139.923    -5.37    5.86
  30550.433   137.117    -7.45    6.54
  30926.996   133.401    -9.87    5.79
  31303.600   129.010   -11.66    5.19
  31680.245   125.338    -9.75    5.31
  32056.930   121.401   -10.45    4.97
  32433.657   117.621   -10.03    4.58
  32810.425   113.162   -11.84    6.14
  33187.234   108.435   -12.55    6.82
  33564.084   103.428   -13.29    6.26
  33940.975    99.313   -10.92    3.60
  34317.907    97.232    -5.52    2.81
  34694.881    96.110    -2.98    3.20
  35071.895    95.327    -2.08    4.56
  35448.951    94.982    -0.91    5.41
  35826.047    95.096     0.30    5.65
  36203.185    94.556    -1.43    5.08
  36580.364    93.260    -3.44    4.75
  36957.585    91.542    -4.55    4.40
  37334.846    89.847    -4.49    2.75
  37712.149    88.930    -2.43    2.08
  38089.493    88.655    -0.73    2.11
  38466.878    88.164    -1.30    2.47
  38844.305    87.601    -1.49    2.51
  39221.773    87.120    -1.27    2.41
  39599.282    87.001    -0.31    2.62
  39976.833    89.117     5.60    4.40
  40354.424    93.249    10.94    6.61
  40732.058    98.396    13.63    7.68
  41109.732   103.930    14.65    7.41
  41487.448   109.965    15.98    7.73
  41865.206   116.153    16.38    9.97
  42243.005   122.673    17.26   13.31
  42620.845   128.117    14.41   14.58
  42998.727   130.624     6.64   14.38
  43376.650   133.571     7.80   14.22
  43754.615   135.327     4.65   14.19
  44132.621   138.406     8.15   15.63
  44510.668   139.706     3.44   15.41
  44888.758   138.796    -2.41   12.34
  45266.888   137.224    -4.16    9.78
  45645.061   137.444     0.58    8.35
  46023.275   138.636     3.15    6.80
  46400.069   140.620     5.27    6.10
  46770.218   141.723     2.98    6.42
  47140.406   142.672     2.56    6.65
  47510.635   142.948     0.74    6.96
  47880.903   143.057     0.30    7.68
  48251.210   143.655     1.61    7.94
  48621.558   145.619     5.30    7.85
  48991.945   148.395     7.50    8.10
  49362.372   152.635    11.45    9.53
  49732.839   157.275    12.53   12.17
  50103.346   163.579    17.01   16.01
  50473.892   168.903    14.37   17.24
  50844.478   174.689    15.61   17.95
  51215.105   179.473    12.91   17.05
  51585.771   186.960    20.20   15.43
  51956.477   193.723    18.24   11.75
  52327.222   197.637    10.56    7.09
  52698.008   198.923     3.47    5.08
  53068.834   197.965    -2.58    5.23
  53439.699   195.896    -5.58    5.54
  53810.605   192.542    -9.04    7.41
  54181.550   188.465   -10.99    8.75
  54552.536   184.448   -10.83   10.17
  54923.561   177.984   -17.42   13.26
  55294.627   170.537   -20.07   15.17
  55665.733   168.603    -5.21   14.15
  56036.878   172.821    11.37   12.82
  56408.064   179.333    17.55   11.04
  56779.290   185.189    15.77    6.13
  57150.555   186.435     3.36    6.47
  57521.861   186.333    -0.27    6.87
  57893.207   184.551    -4.80    6.92
  58264.594   180.999    -9.56    8.46
  58636.020   171.034   -26.83   16.57
  59007.486   158.017   -35.05   19.90
  59378.993   147.977   -27.02   15.64
  59750.540   144.114   -10.40   11.50
  60122.127   152.756    23.26   17.02
  60493.754   165.672    34.76   16.25
  60865.422   175.788    27.22   12.54
  61237.129   183.181    19.89    8.27
  61608.877   184.292     2.99    9.66
  61980.666   183.333    -2.58   11.46
  62352.494   179.672    -9.85   12.38
  62724.363   172.847   -18.36   14.99
  63096.272   164.232   -23.17   18.83
  63468.222   154.411   -26.40   15.80
  63840.212   150.331   -10.97   11.49
  64212.242   153.506     8.53   12.23
  64584.312   162.373    23.83   13.98
  64956.423   173.073    28.76   14.62
  65328.575   183.162    27.11   12.30
  65700.767   190.755    20.40    9.99
  66072.999   196.893    16.49    9.70
  66445.272   200.827    10.57    9.98
  66817.585   202.556     4.65   12.37
  67189.939   199.130    -9.20   17.68
  67562.333   191.250   -21.16   21.47
  67934.767   184.266   -18.75   21.73
  68307.243   178.542   -15.37   17.62
  68679.758   176.982    -4.19   14.69
  69052.315   177.490     1.36   11.59
  69424.912   176.324    -3.13    8.74
  69797.549   172.861    -9.29    8.05
  70170.227   169.847    -8.09    6.92
  70542.946   168.690    -3.10    5.54
  70915.705   169.323     1.70    5.60
  71288.505   171.861     6.81    5.75
  71661.346   174.477     7.02    6.75
  72034.227   174.430    -0.12    6.99
  72407.149   173.930    -1.34    7.15
  72780.112   175.162     3.30    7.27
  73153.115   177.444     6.12    9.55
  73526.159   180.999     9.53   12.93
  73899.244   186.137    13.77   16.17
  74272.370   194.571    22.60   19.91
  74645.536   201.791    19.35   20.96
  75018.743   212.275    28.09   20.01
  75391.991   220.198    21.23   14.44
  75765.280   226.067    15.72    8.58
  76138.610   228.482     6.47    8.57
  76511.980   227.806    -1.81   10.26
  76885.392   225.743    -5.53   10.16
  77258.844   225.103    -1.72    8.35
  77632.337   223.130    -5.28    8.18
  78005.871   218.881   -11.38    8.23
  78379.447   215.316    -9.54    6.52
  78753.062   212.944    -6.35    5.24
  79126.719   211.303    -4.39    5.27
  79500.417   209.490    -4.85    6.27
  79874.156   206.513    -7.96    6.78
  80247.936   203.671    -7.61    6.50
  80621.757   204.428     2.03    6.69
  80995.619   206.885     6.57    7.06
  81369.522   208.100     3.25    6.25
  81743.466   206.977    -3.00    7.36
  82117.451   203.266    -9.93    8.41
  82491.477   200.140    -8.36    7.46
  82865.545   197.051    -8.26    6.45
  83239.653   194.517    -6.77    4.65
  83613.803   193.448    -2.86    4.34
  83987.994   194.477     2.75    4.28
  84362.226   196.849     6.34    5.11
  84736.499   201.430    12.24    5.84
  85110.813   205.882    11.89    4.25
  85485.169   208.903     8.07    4.16
  85859.565   211.057     5.75    4.57
  86234.003   211.156     0.26    6.33
  86608.483   208.787    -6.33    8.20
  86983.003   205.430    -8.96    9.50
  87357.565   200.181   -14.02   10.07
  87732.168   195.021   -13.78    9.64
  88106.813   190.893   -11.02    9.00
  88481.498   190.796    -0.26   13.60
  88856.226   196.706    15.77   19.36
  89230.994   204.266    20.17   20.81
  89605.804   210.844    17.55   16.44
  89980.655   216.206    14.31    7.12
  90355.548   214.503    -4.54    5.13
  90730.482   209.844   -12.43    6.05
  91105.458   204.792   -13.47    7.54
  91480.475   197.805   -18.64   10.02
  91855.533   189.724   -21.55   11.70
  92230.633   180.774   -23.86   13.93
  92605.775   171.469   -24.81   12.68
  92980.958   165.367   -16.26   10.38
  93356.182   159.741   -15.00    6.85
  93731.449   157.299    -6.51    5.34
  94106.756   155.771    -4.07    4.59
  94482.106   155.655    -0.31    4.53
  94857.496   155.773     0.32    4.27
  95232.929   156.447     1.80    4.32
  95608.403   159.181     7.28    5.39
  95983.919   163.965    12.74    8.62
  96359.476   171.755    20.74   13.93
  96735.075   181.906    27.03   15.51
  97110.716   188.180    16.70   13.05
  97486.398   194.821    17.68   10.51
  97862.123   197.776     7.87    7.55
  98237.889   197.396    -1.01    5.41
  98613.696   197.250    -0.39    4.64
  98989.546   193.642    -9.60    5.51
  99365.437   188.181   -14.53    7.20
  99741.370   182.215   -15.87    8.89
 100117.345   175.887   -16.83    8.71
 100493.361   169.806   -16.17    7.65
 100869.420   164.172   -14.98    7.78
 101245.520   160.135   -10.73    7.86
 101621.663   156.870    -8.68    7.99
 101997.847   154.206    -7.08    6.99
 102374.073   152.952    -3.33    6.12
 102750.341   151.944    -2.68    6.65
 103126.651   151.011    -2.48    7.35
 103503.003   149.586    -3.79    6.74
 103879.396   145.568   -10.67    7.46
 104255.832   138.473   -18.85   10.25
 104632.310   131.224   -19.26    9.57
 105008.830   128.395    -7.52    8.24
 105385.392   132.930    12.05   15.13
 105761.996   142.275    24.82   20.89
 106138.642   152.062    25.99   20.38
 106515.330   161.266    24.43   19.47
 106892.060   170.241    23.83   23.25
 107268.832   180.482    27.18   24.80
 107645.646   187.329    18.17   22.43
 108022.503   192.583    13.94   22.76
 108399.402   198.827    16.57   21.13
 108776.342   200.147     3.50   18.74
 109153.325   201.256     2.94   14.01
 109530.351   198.655    -6.90   11.87
 109907.418   193.367   -14.02   10.34
 110284.528   186.706   -17.67    9.04
 110661.680   180.551   -16.32    5.72
 111038.874   175.006   -14.70    6.18
 111416.111   170.022   -13.21    6.13
 111793.389   166.554    -9.19    5.85
 112170.710   161.893   -12.35    6.04
 112548.074   158.910    -7.91    5.79
 112925.480   155.378    -9.36    5.18
 113302.928   152.599    -7.36    5.49
 113680.418   149.808    -7.39    5.54
 114057.951   146.010   -10.06    5.95
 114435.527   140.551   -14.46    6.89
 114813.144   136.056   -11.90    6.45
 115190.805   132.132   -10.39    5.38
 115568.507   129.757    -6.29    4.15
 115946.252   129.258    -1.32    4.67
 116324.040   131.969     7.18    7.61
 116701.870   137.456    14.53    9.75
 117079.743   146.706    24.48   12.31
 117457.658   155.056    22.10   11.32
 117835.616   160.575    14.60    9.67
 118213.616   164.554    10.53    7.84
 118591.659   165.893     3.54    6.84
 118969.744   165.182    -1.88    5.55
 119347.872   162.903    -6.03    5.72
 119726.043   160.137    -7.31    5.88
 120104.256   156.999    -8.30    7.17
 120482.512   154.001    -7.93    7.59
 120860.811   149.554   -11.76    7.91
 121238.753   144.890   -12.34    7.47
 121608.778   139.357   -14.95    7.21
 121978.843   138.554    -2.17    7.83
 122348.950   142.096     9.57    9.99
 122719.097   146.052    10.69    9.26
 123089.285   148.182     5.75    4.94
 123459.513   147.456    -1.96    4.52
 123829.783   144.575    -7.78    4.78
 124200.093   141.224    -9.05    5.12
 124570.444   137.741    -9.41    5.49
 124940.835   134.456    -8.87    5.67
 125311.268   131.055    -9.18    5.28
 125681.741   127.523    -9.54    4.53
 126052.256   124.774    -7.42    3.96
 126422.811   122.182    -7.00    3.44
 126793.407   120.011    -5.86    3.30
 127164.044   115.554   -12.03    6.79
 127534.722   110.723   -13.03    7.87
 127905.441   105.460   -14.20    6.27
 128276.201   101.499   -10.68    1.82
 128647.002   101.214    -0.77    0.92
 129017.843   101.379     0.44    1.02
 129388.726   101.510     0.35    1.26
 129759.650   101.551     0.11    1.15
 130130.615   101.559     0.02    2.11
 130501.621   103.791     6.02    6.80
 130872.668   107.130     9.00   10.55
 131243.756   113.231    16.44   12.82
 131614.885   117.329    11.04   11.47
 131986.055   119.299     5.31    8.24
 132357.266   119.155    -0.39    6.65
 132728.519   117.690    -3.95    5.69
 133099.813   119.741     5.52    8.12
 133471.147   123.573    10.32    9.93
 133842.523   128.601    13.54   11.20
 134213.941   132.591    10.75   12.28
 134585.399   136.741    11.17   13.57
 134956.899   139.752     8.11   13.76
