# NaN NaN NaN ;Mean Elev.(m), Avg Gradient(m/km), RMS Gradient(m/km) - SRTM1     
#   26.723  -4.394   9.583 ;Mean Elev.(m), Avg Gradient(m/km), RMS Gradient(m/km) - ASTER GDEM
#   10.371  -4.910   8.592 ;Mean Elev.(m), Avg Gradient(m/km), RMS Gradient(m/km) - GMTED2010 
  6  47.235100  51.955937    93.905    93.905  2 52418.75489769  9.580
  7  47.231641  51.969592    20.337    20.868  5 52453.75492631 37.611
  8  47.240471  51.972359    14.882    14.816  6 52488.75490496 25.373
  9  47.241329  51.971368    16.086    16.087  6 52523.75487953 48.739
 11  47.232409  51.967663    16.080    15.989  7 52593.75493024 21.317
 12  47.234072  51.971681    17.135    17.191  5 52628.75485657 28.561
 13  47.233086  51.975214    16.532    16.532  2 52663.75489360 12.437
 14  47.232412  51.970379    16.860    16.904  5 52698.75486782  9.875
 15  47.244849  51.972761    17.474    17.490  6 52733.75489167 29.607
 16  47.240921  51.972153    19.067    19.133  7 52768.75489315 24.537
 17  47.230609  51.963459    15.989    15.967  6 52803.75491554 49.173
 18  47.234877  51.966081    16.402    16.356  6 52838.75497900 20.779
 19  47.236235  51.966423    15.996    15.918  6 52873.75501871 36.180
 20  47.242875  51.973123    16.039    16.074  6 52908.75499994 32.831
 21  47.233576  51.973958    16.158    16.187  4 52943.75493085 13.277
 22  47.232477  51.970262    15.925    15.975  5 52978.75498654 24.064
 24  47.229887  51.971843    16.851    16.812  3 53048.75495659 17.941
 26  47.230812  51.964125    18.598    18.568  6 53118.75496090 28.461
 27  47.233892  51.958902    17.682    17.609  5 53153.75501096 40.589
 28  47.240848  51.972289    16.194    16.163  6 53188.75500199 25.218
 29  47.240592  51.971893    15.611    15.709  7 53223.75501766 25.739
 30  47.238860  51.969853    15.786    15.813  6 53258.75499265 19.538
 31  47.225180  51.965578    15.263    15.141  4 53293.75501545 23.353
 32  47.237967  51.972211    15.546    15.675  6 53328.75498979 19.067
 33  47.244549  51.972780    17.558    17.452  6 53363.75494207 46.863
 37  47.231911  51.970291    20.539    20.505  5 53503.75504253 37.543
 38  47.236144  51.970530    17.426    17.478  5 53538.75503920 24.715
 39  47.234899  51.971771    15.496    15.375  5 53573.75503844 20.370
 40  47.242638  51.971999    15.652    15.677  6 53608.75498802 32.492
 41  47.231168  51.964696    15.684    15.527  6 53643.75498900 42.445
 42  47.233004  51.968991    15.865    15.785  6 53678.75500774 46.044
 43  47.244030  51.974438    14.483    14.462  6 53713.75493688 21.271
 44  47.232803  51.968849    16.052    16.030  6 53748.75485050 37.826
 45  47.241243  51.972128    15.839    15.857  6 53783.75488156 18.622
 46  47.246438  51.977775    16.131    16.263  4 53818.75484467 19.783
 47  47.228521  51.968135    16.742    16.530  5 53853.75492188 18.312
 48  47.241857  51.972332    14.774    14.771  6 53888.75493030 25.860
 49  47.230662  51.958237    15.660    15.979  7 53923.75499614 38.602
 50  47.232427  51.969884    15.364    15.291  5 53958.75498984 25.257
 51  47.231298  51.962991    15.934    15.925  6 53993.75491822 20.664
 52  47.232752  51.969379    15.129    15.044  5 54028.75497923 22.416
 53  47.241240  51.972574    14.146    14.137  6 54063.75497308 21.294
 54  47.241353  51.972838    17.241    17.270  6 54098.75494060 48.224
 55  47.230553  51.970026    18.115    18.239  6 54133.75489698 44.444
 56  47.238697  51.972943    17.530    17.440  6 54168.75491504 19.033
 57  47.232928  51.964005    18.729    18.749  6 54203.75489961 49.273
 58  47.234983  51.973072    17.927    17.925  5 54238.75493631 47.008
 59  47.238081  51.969504    15.596    15.539  6 54273.75495325 19.957
 60  47.236021  51.970587    15.621    15.556  5 54308.75495517 28.616
 61  47.242160  51.974130    15.488    15.116  6 54343.75493348 26.840
 62  47.234790  51.966184    16.196    16.267  6 54378.75489001 37.837
 63  47.238762  51.969821    14.549    14.481  6 54413.75488050 22.075
 64  47.229193  51.972984    16.691    16.579  3 54448.75485796 35.105
 65  47.237855  51.970577    16.503    16.468  7 54483.75487450 24.931
 66  47.234977  51.966077    16.569    16.518  6 54518.75487015 10.549
 67  47.240546  51.971873    15.564    15.569  7 54553.75488665 38.105
 68  47.235822  51.966830    19.115    19.093  6 54588.75486637 25.580
 69  47.237357  51.970722    14.782    15.383  7 54623.75488446 28.424
 70  47.233376  51.972665    16.335    16.330  5 54658.75489375 35.985
 71  47.238895  51.972409    15.825    15.821  6 54693.75487456 32.263
 73  47.236180  51.970648    15.995    15.835  5 54763.75485183 44.072
 74  47.230777  51.966898    16.760    16.557  4 54798.75483996 18.772
 75  47.237601  51.969592    17.950    17.915  6 54833.75484227 37.818
 77  47.238191  51.973837    16.923    16.977  5 54903.75485233 29.506
 78  47.233602  51.969510    16.374    16.163  6 54938.75482797 16.576
 79  47.236300  51.966598    17.798    17.792  6 54973.75485869 41.127
 80  47.237620  51.969193    15.064    14.941  6 55008.75487345 19.662
 81  47.236174  51.970667    15.298    15.251  5 55043.75486355 17.835
 82  47.240619  51.972173    16.124    16.159  7 55078.75484110 36.235
 83  47.233738  51.970446    15.721    15.660  5 55113.75479581 16.119
 84  47.235819  51.970364    14.228    14.065  5 55148.75479610 23.507
 85  47.233218  51.963958    16.698    16.696  6 55183.75477697 41.146
 87  47.233397  51.970591    16.726    16.659  6 55253.75477402 14.606
 88  47.236642  51.980129    16.434    16.434  2 55288.75478576 26.838
 89  47.234723  51.970451    19.337    19.285  5 55323.75476181 35.497
 90  47.237621  51.969099    15.438    15.442  6 55358.75475971 41.484
 91  47.234751  51.966228    15.060    15.087  6 55393.75476287 27.018
 92  47.237226  51.969513    15.096    15.077  6 55428.75477578 16.499
 93  47.242050  51.976273    15.033    15.075  5 55463.75474007 14.306
