# NaN NaN NaN ;Mean Elev.(m), Avg Gradient(m/km), RMS Gradient(m/km) - SRTM1     
#    4.002  -5.426  18.749 ;Mean Elev.(m), Avg Gradient(m/km), RMS Gradient(m/km) - ASTER GDEM
#    8.111  -5.028  18.244 ;Mean Elev.(m), Avg Gradient(m/km), RMS Gradient(m/km) - GMTED2010 
  7  45.686680  50.643747    13.085    13.739 41 52475.76065433 26.248
  8  45.700078  50.646968    14.810    14.880 53 52510.76060924 13.105
  9  45.687195  50.646009    15.125    15.134 43 52545.76062551 10.595
 10  45.687757  50.647195    15.313    15.358 45 52580.76065145 13.349
 11  45.691659  50.649609    15.264    15.293 48 52615.76062099 37.440
 12  45.692756  50.647724    14.943    14.941 48 52650.76059825 22.266
 13  45.698614  50.648487    14.806    14.807 52 52685.76058662 14.734
 14  45.678533  50.669488    20.041    19.453 31 52720.76064156 11.253
 15  45.685386  50.642548    15.323    15.336 39 52755.76065997 14.181
 16  45.685463  50.641344    14.976    14.936 39 52790.76060904 19.230
 17  45.687837  50.646583    15.117    15.169 45 52825.76067934 35.518
 18  45.689282  50.648774    14.488    14.794 46 52860.76072543 22.337
 19  45.689665  50.647518    14.839    14.839 45 52895.76075563 21.316
 20  45.694114  50.650098    13.808    14.609 50 52930.76070432 22.156
 21  45.687635  50.646018    14.872    14.903 44 52965.76069809 15.291
 22  45.686782  50.642956    15.417    15.422 41 53000.76072948 43.058
 23  45.694020  50.648417    15.196    15.190 49 53035.76067969 33.080
 24  45.690045  50.647307    15.328    15.355 46 53070.76070003 26.842
 25  45.695360  50.649602    15.070    15.137 50 53105.76068111 16.953
 26  45.687946  50.646897    14.371    14.413 44 53140.76070708 12.701
 27  45.689512  50.647421    14.626    14.623 45 53175.76073868 23.716
 28  45.689580  50.647369    13.359    14.625 45 53210.76075714 23.398
 29  45.694563  50.649410    14.945    14.969 50 53245.76072542 15.441
 30  45.683754  50.642211    13.673    14.317 38 53280.76070844 22.077
 31  45.689080  50.647900    14.788    14.876 45 53315.76072342 31.325
 32  45.696685  50.649416    11.978    12.015 51 53350.76068917 17.862
 33  45.685366  50.643479    15.159    15.141 40 53385.76067103 39.989
 34  45.698570  50.648284    14.936    14.932 52 53420.76067558 23.846
 35  45.687109  50.644419    15.188    15.187 42 53455.76068078 45.072
 36  45.684267  50.641664    15.631    15.651 39 53490.76076568 45.045
 37  45.693714  50.648629    14.169    14.855 49 53525.76075034 20.776
 38  45.687116  50.645360    14.603    14.710 42 53560.76077773 26.270
 39  45.704627  50.640507    14.719    14.789 58 53595.76071479 18.105
 40  45.678502  50.642583    15.029    15.113 36 53630.76070982 16.179
 41  45.687376  50.643826    15.116    15.112 42 53665.76073291 14.679
 42  45.695286  50.650536    15.137    15.155 50 53700.76068632 19.535
 43  45.713793  50.628349    15.461    15.458 67 53735.76060364 39.897
 44  45.693207  50.649857    14.957    14.971 49 53770.76059890 23.344
 45  45.702201  50.643951    15.128    15.092 56 53805.76058989 10.302
 47  45.689830  50.648875    14.946    14.949 46 53875.76065851 18.461
 48  45.684917  50.642389    14.711    14.796 40 53910.76070541 19.276
 49  45.685486  50.642507    14.834    14.924 39 53945.76072456 18.554
 50  45.693807  50.649570    14.927    14.956 50 53980.76067156 15.817
 51  45.687499  50.641899    14.353    14.872 41 54015.76069062 12.423
 52  45.697287  50.648650    14.813    14.753 51 54050.76069220 14.327
 53  45.694484  50.648186    15.080    15.070 49 54085.76068431 13.641
 54  45.707419  50.636407    13.827    14.262 61 54120.76060823 27.634
 55  45.690198  50.647573    14.613    14.600 46 54155.76064297 25.531
 56  45.698718  50.648893    14.623    14.653 53 54190.76060798 50.547
 57  45.688847  50.646074    15.173    15.272 45 54225.76065400 30.140
 58  45.690117  50.648800    14.140    14.496 46 54260.76067471 24.462
 59  45.691576  50.648884    15.142    15.170 48 54295.76067853 13.003
 60  45.695331  50.649784    14.130    14.740 50 54330.76067078 18.717
 61  45.699669  50.646417    14.978    14.965 53 54365.76061401 20.981
 62  45.692381  50.648637    13.436    14.772 48 54400.76061238 18.068
 63  45.695925  50.650443    13.948    14.627 51 54435.76056993 23.803
 64  45.689670  50.647776    14.959    14.972 46 54470.76059632 24.627
 65  45.697589  50.648631    15.080    15.094 51 54505.76058281 24.908
 66  45.692840  50.648672    15.110    15.080 48 54540.76061126 48.512
 67  45.698738  50.647722    15.320    15.477 52 54575.76058414 23.830
 68  45.691479  50.648936    14.506    14.594 48 54610.76060351 15.456
 69  45.690826  50.648563    14.702    14.709 46 54645.76061072 22.896
 70  45.691540  50.648928    14.287    14.528 48 54680.76061208 23.594
 71  45.701801  50.644348    14.417    14.805 56 54715.76056093 35.020
 72  45.688660  50.646242    14.355    14.563 45 54750.76058250 34.658
 73  45.695758  50.649066    14.581    14.668 50 54785.76055077 28.231
 74  45.689488  50.646318    15.412    15.412 45 54820.76057581 49.353
 75  45.695517  50.649882    15.057    15.093 50 54855.76054747 25.951
 76  45.691012  50.648003    15.045    15.075 46 54890.76057975 22.426
 77  45.696783  50.650652    14.773    14.909 51 54925.76054636 26.515
 78  45.688133  50.647008    14.897    14.911 45 54960.76057838 17.258
 79  45.689001  50.648487    14.311    14.367 46 54995.76060000 28.841
 80  45.691549  50.648294    14.615    14.743 48 55030.76058954 33.775
 81  45.694263  50.649247    14.875    14.737 50 55065.76058003 17.212
 82  45.698406  50.648822    14.711    14.894 53 55100.76052193 18.758
 83  45.689058  50.648257    13.099    14.168 46 55135.76052508 26.824
 84  45.696663  50.649807    14.586    14.704 52 55170.76048826 18.393
 85  45.689423  50.646197    14.862    14.867 45 55205.76051830 30.849
 86  45.696913  50.648439    14.484    14.461 51 55240.76049384 23.632
 88  45.697355  50.650217    14.982    15.187 52 55310.76047873 24.322
 89  45.692617  50.649288    14.003    14.091 48 55345.76048190 29.868
 90  45.694257  50.649027    14.440    14.538 50 55380.76047458 22.028
 91  45.689036  50.646210    14.006    14.624 45 55415.76050090 17.638
 92  45.695717  50.649810    14.085    14.124 50 55450.76048626 23.500
 93  45.706825  50.636922    13.101    13.854 61 55485.76040766 18.778
