# NaN NaN NaN ;Mean Elev.(m), Avg Gradient(m/km), RMS Gradient(m/km) - SRTM1     
#   21.792  -0.145   1.820 ;Mean Elev.(m), Avg Gradient(m/km), RMS Gradient(m/km) - ASTER GDEM
#   24.391  -0.023   1.413 ;Mean Elev.(m), Avg Gradient(m/km), RMS Gradient(m/km) - GMTED2010 
  7    17.150 52447.74718500 36.53  49.536484  53.130643 20.862
  7    16.304 52447.74718564 34.94  49.534884  53.133863 20.862
  7    16.925 52447.74718629 33.84  49.533284  53.137083 20.862
  8    28.683 52482.74717315 35.76  49.548763  53.127596 32.809
  8    28.615 52482.74717379 47.67  49.547173  53.130816 32.809
  8    28.558 52482.74717444 30.15  49.545573  53.134036 32.809
  8    27.969 52482.74717508 26.33  49.543973  53.137256 32.809
  8    27.728 52482.74717573 25.32  49.542383  53.140476 32.809
  9    28.673 52517.74712975 37.86  49.557482  53.129971 21.493
  9    28.526 52517.74713040 37.20  49.555882  53.133191 21.493
  9    28.335 52517.74713104 37.57  49.554292  53.136411 21.493
  9    28.462 52517.74713168 35.06  49.552692  53.139631 21.493
  9    28.476 52517.74713233 33.20  49.551092  53.142851 21.493
 10    28.434 52552.74718001 30.98  49.535384  53.131182 47.153
 10    28.018 52552.74718066 33.38  49.533784  53.134402 47.153
 10    27.818 52552.74718130 23.05  49.532195  53.137619  3.670
 11    28.660 52587.74715812 43.35  49.553943  53.130451 25.877
 11    28.540 52587.74715877 26.78  49.552353  53.133671 25.877
 11    28.138 52587.74715941 24.21  49.550753  53.136891 25.877
 11    27.990 52587.74716006 21.40  49.549153  53.140111 25.877
 11    28.181 52587.74716070 20.02  49.547563  53.143331 25.877
 12    28.857 52622.74711798 31.63  49.556347  53.128519  7.156
 12    28.826 52622.74711862 33.73  49.554747  53.131739  7.156
 12    28.788 52622.74711927 29.98  49.553157  53.134959  7.156
 12    28.716 52622.74711991 28.22  49.551557  53.138179  7.156
 12    28.714 52622.74712056 27.69  49.549967  53.141399  7.156
 13    28.664 52657.74713001 32.25  49.551265  53.128019 17.611
 13    28.652 52657.74713066 29.49  49.549665  53.131239 17.611
 13    28.580 52657.74713130 26.97  49.548075  53.134459 17.611
 13    28.464 52657.74713195 24.79  49.546475  53.137679 17.611
 13    28.673 52657.74713259 21.00  49.544875  53.140899 17.611
 15    28.854 52727.74715346 14.93  49.551467  53.128608  3.667
 15    28.922 52727.74715410 13.80  49.549877  53.131828  3.667
 15    28.813 52727.74715475 12.18  49.548277  53.135048  3.667
 15    28.861 52727.74715539 11.45  49.546677  53.138268  3.667
 15    28.878 52727.74715604 11.73  49.545087  53.141488  3.667
 16    30.609 52762.74716748 48.64  49.547204  53.129739 30.327
 16    30.581 52762.74716813 45.00  49.545614  53.132959 30.327
 16    30.382 52762.74716877 32.80  49.544014  53.136179 30.327
 16    30.625 52762.74716942 34.11  49.542414  53.139399 30.327
 17    29.084 52797.74713430 47.10  49.548018  53.128736 33.919
 17    29.060 52797.74713494 45.54  49.546418  53.131956 33.919
 17    29.011 52797.74713558 27.14  49.544828  53.135176 33.919
 17    28.874 52797.74713623 25.66  49.543228  53.138396 33.919
 17    29.169 52797.74713687 38.70  49.541628  53.141616 33.919
 18    28.862 52832.74720544 48.91  49.547540  53.128433 25.160
 18    28.839 52832.74720609 46.51  49.545940  53.131653 25.160
 18    28.818 52832.74720673 36.41  49.544340  53.134873 25.160
 18    28.748 52832.74720738 41.24  49.542750  53.138093 25.160
 18    28.733 52832.74720802 42.05  49.541150  53.141313 25.160
 19    28.790 52867.74724787 45.69  49.554819  53.128078 28.307
 19    28.823 52867.74724852 48.63  49.553219  53.131298 28.307
 19    28.530 52867.74724916 34.56  49.551629  53.134518 28.307
 19    28.286 52867.74724981 34.97  49.550029  53.137738 28.307
 19    28.309 52867.74725045 33.65  49.548429  53.140958 28.307
 20    28.888 52902.74726622 41.49  49.551169  53.129220 32.711
 20    28.858 52902.74726686 37.28  49.549569  53.132440 32.711
 20    28.472 52902.74726751 27.41  49.547979  53.135660 32.711
 20    28.054 52902.74726815 24.02  49.546379  53.138880 32.711
 20    27.597 52902.74726879 19.18  49.544779  53.142100 32.711
 21    28.626 52937.74720411 29.08  49.558347  53.128087 16.785
 21    28.515 52937.74720475 20.67  49.556757  53.131307 16.785
 21    28.457 52937.74720540 18.72  49.555157  53.134527 16.785
 21    28.192 52937.74720604 16.27  49.553567  53.137747 16.785
 21    27.904 52937.74720669 15.72  49.551967  53.140967 16.785
 21    27.474 52937.74720733 15.16  49.550367  53.144187 16.785
 22    28.658 52972.74723683 34.34  49.543555  53.129814 24.717
 22    28.536 52972.74723748 26.78  49.541965  53.133034 24.717
 22    28.249 52972.74723812 23.25  49.540365  53.136254 24.717
 22    27.786 52972.74723877 20.64  49.538765  53.139474 24.717
 23    28.701 53007.74724644 49.98  49.544802  53.128971 17.985
 23    28.708 53007.74724709 47.15  49.543202  53.132191 17.985
 23    28.707 53007.74724773 45.32  49.541612  53.135411 17.985
 23    28.720 53007.74724838 45.28  49.540012  53.138631 17.985
 24    28.617 53042.74720274 17.98  49.538333  53.130037  4.172
 24    28.626 53042.74720338 18.19  49.536733  53.133257  4.172
 24    28.728 53042.74720403 18.94  49.535143  53.136477  4.172
 24    28.664 53042.74720467 16.59  49.533543  53.139697  4.172
 25    28.635 53077.74723512 24.42  49.547980  53.128018 13.542
 25    28.472 53077.74723577 20.29  49.546380  53.131238 13.542
 25    28.721 53077.74723641 19.20  49.544790  53.134458 13.542
 25    28.639 53077.74723706 22.46  49.543190  53.137678 13.542
 25    28.375 53077.74723770 13.34  49.541590  53.140898 13.542
 26    29.829 53112.74720674 43.33  49.534149  53.132084 32.516
 26    29.755 53112.74720739 39.49  49.532559  53.135304 32.516
 26    29.768 53112.74720803 47.12  49.530959  53.138524 32.516
 27    29.906 53147.74725048 38.65  49.543290  53.129844 29.015
 27    29.833 53147.74725112 33.23  49.541700  53.133064 29.015
 27    29.570 53147.74725177 30.44  49.540100  53.136284 29.015
 27    29.050 53147.74725241 28.01  49.538500  53.139504 29.015
 28    28.770 53182.74725107 37.32  49.553762  53.129753 27.135
 28    28.694 53182.74725171 31.95  49.552162  53.132973 27.135
 28    28.485 53182.74725236 24.60  49.550572  53.136193 27.135
 28    28.181 53182.74725300 22.71  49.548972  53.139413 27.135
 28    27.518 53182.74725365 22.68  49.547372  53.142633 27.135
 29    29.123 53217.74727476 39.78  49.549633  53.128038 34.870
 29    29.141 53217.74727540 44.80  49.548033  53.131258 34.870
 29    28.917 53217.74727605 30.61  49.546443  53.134478 34.870
 29    28.469 53217.74727669 25.06  49.544843  53.137698 34.870
 29    29.016 53217.74727734 23.59  49.543243  53.140918 34.870
 30    28.482 53252.74725258 31.08  49.553476  53.128269 30.006
 30    28.637 53252.74725323 39.64  49.551886  53.131489 30.006
 30    28.490 53252.74725387 30.61  49.550286  53.134709 30.006
 30    28.070 53252.74725451 22.83  49.548696  53.137929 30.006
 30    24.877 53252.74725516 21.98  49.547096  53.141149 30.006
 31    28.774 53287.74725311 34.76  49.533757  53.131302 29.042
 31    28.697 53287.74725376 28.29  49.532167  53.134522 29.042
 31    28.240 53287.74725440 22.99  49.530567  53.137742 29.042
 32    28.788 53322.74722818 35.09  49.555790  53.130085 23.850
 32    28.731 53322.74722883 27.70  49.554190  53.133305 23.850
 32    27.859 53322.74722947 27.27  49.552600  53.136525 23.850
 32    26.696 53322.74723012 26.48  49.551000  53.139745 23.850
 32    26.231 53322.74723076 24.74  49.549400  53.142965 23.850
 34    28.874 53392.74720924 31.13  49.540496  53.130000 10.589
 34    28.856 53392.74720988 28.04  49.538896  53.133220 10.589
 34    28.816 53392.74721052 24.55  49.537306  53.136440 10.589
 34    28.658 53392.74721117 19.52  49.535706  53.139660 10.589
 35    29.025 53427.74720351 19.60  49.557573  53.129527  5.247
 35    29.053 53427.74720415 18.56  49.555973  53.132747  5.247
 35    28.991 53427.74720480 17.72  49.554383  53.135967  5.247
 35    28.979 53427.74720544 17.25  49.552783  53.139187  5.247
 35    28.838 53427.74720609 16.63  49.551183  53.142407  5.247
 36    29.259 53462.74722110 14.23  49.545801  53.128752  3.392
 36    29.229 53462.74722174 13.33  49.544201  53.131972  3.392
 36    29.114 53462.74722238 12.99  49.542601  53.135192  3.392
 36    29.192 53462.74722303 12.77  49.541001  53.138412  3.392
 37    31.887 53497.74729412 45.30  49.539818  53.130050 28.628
 37    31.785 53497.74729477 42.00  49.538218  53.133270 28.628
 37    31.665 53497.74729541 38.05  49.536628  53.136490 28.628
 37    31.488 53497.74729606 35.66  49.535028  53.139710 28.628
 38    29.602 53532.74727488 39.31  49.555341  53.128783 27.047
 38    29.540 53532.74727552 39.99  49.553741  53.132003 27.047
 38    29.383 53532.74727617 28.89  49.552151  53.135223 27.047
 38    29.182 53532.74727681 27.39  49.550551  53.138443 27.047
 38    29.272 53532.74727746 26.59  49.548951  53.141663 27.047
 40    28.617 53602.74723985 28.28  49.557499  53.129714 24.234
 40    25.747 53602.74724050 29.49  49.555899  53.132934 24.234
 40    25.759 53602.74724114 27.97  49.554309  53.136154 24.234
 40    27.671 53602.74724179 24.38  49.552709  53.139374 24.234
 40    28.060 53602.74724243 19.85  49.551109  53.142594 24.234
 41    28.536 53637.74723840 40.30  49.538986  53.129923 28.824
 41    28.451 53637.74723904 30.12  49.537386  53.133143 28.824
 41    28.251 53637.74723969 27.75  49.535796  53.136363 28.824
 41    28.384 53637.74724033 24.27  49.534196  53.139583 28.824
 42    28.238 53672.74725887 32.38  49.541924  53.130194 30.236
 42    27.017 53672.74725951 33.00  49.540334  53.133414 30.236
 42    27.659 53672.74726015 23.55  49.538734  53.136634 30.236
 42    27.238 53672.74726080 19.80  49.537134  53.139854 30.236
 43    28.395 53707.74719005 31.11  49.560727  53.130938 19.904
 43    27.879 53707.74719070 31.11  49.559127  53.134158 19.904
 43    27.549 53707.74719134 27.77  49.557537  53.137378 19.904
 43    27.454 53707.74719199 24.07  49.555937  53.140598 19.904
 43    27.694 53707.74719263 21.83  49.554337  53.143818 19.904
 44    28.390 53742.74710119 34.25  49.564933  53.130124 11.173
 44    28.389 53742.74710184 35.02  49.563343  53.133344 11.173
 44    28.418 53742.74710248 38.26  49.561743  53.136564 11.173
 44    28.356 53742.74710313 36.02  49.560153  53.139784 11.173
 44    28.377 53742.74710377 34.73  49.558553  53.143004 11.173
 44    28.397 53742.74710442 34.02  49.556963  53.146224 11.173
 45    28.490 53777.74712739 21.50  49.553198  53.128721  4.064
 45    28.575 53777.74712803 20.30  49.551598  53.131941  4.064
 45    28.591 53777.74712868 19.37  49.550008  53.135161  4.064
 45    28.596 53777.74712932 18.82  49.548408  53.138381  4.064
 45    28.519 53777.74712997 18.61  49.546808  53.141601  4.064
 46    28.588 53812.74710355 12.14  49.562198  53.130168  2.557
 46    28.627 53812.74710420 12.15  49.560608  53.133388  2.557
 46    28.578 53812.74710484 11.40  49.559008  53.136608  2.557
 46    28.512 53812.74710548 10.21  49.557418  53.139828  2.557
 46    28.435 53812.74710613 10.10  49.555818  53.143048  2.557
 47    28.897 53847.74715899 39.15  49.539009  53.131919 22.845
 47    28.553 53847.74715964 35.00  49.537409  53.135139 22.845
 47    28.415 53847.74716028 34.83  49.535819  53.138359 22.845
 49    28.562 53917.74724038 31.47  49.541470  53.128944 24.051
 49    28.333 53917.74724102 28.08  49.539870  53.132164 24.051
 49    28.091 53917.74724167 25.24  49.538280  53.135384 24.051
 49    27.641 53917.74724231 21.44  49.536680  53.138604 24.051
 50    28.630 53952.74724432 43.26  49.541233  53.129837 29.060
 50    28.614 53952.74724497 37.67  49.539633  53.133057 29.060
 50    28.195 53952.74724561 25.28  49.538043  53.136277 29.060
 50    28.543 53952.74724626 31.64  49.536443  53.139497 29.060
 52    28.646 54022.74722338 29.83  49.543931  53.129856 25.909
 52    28.419 54022.74722403 25.22  49.542331  53.133076 25.909
 52    27.581 54022.74722467 25.75  49.540731  53.136296 25.909
 52    27.622 54022.74722532 20.52  49.539141  53.139516 25.909
 53    28.683 54057.74721483 28.89  49.556297  53.128295 19.352
 53    28.401 54057.74721547 24.68  49.554697  53.131515 19.352
 53    28.105 54057.74721612 23.89  49.553107  53.134735 19.352
 53    27.777 54057.74721676 21.06  49.551507  53.137955 19.352
 53    27.513 54057.74721741 20.30  49.549917  53.141175 19.352
 54    28.940 54092.74719648 46.02  49.557024  53.128955 23.866
 54    29.004 54092.74719712 46.31  49.555434  53.132175 23.866
 54    29.052 54092.74719777 39.15  49.553834  53.135395 23.866
 54    29.049 54092.74719841 45.36  49.552244  53.138615 23.866
 54    29.078 54092.74719905 46.94  49.550644  53.141835 23.866
 55    29.085 54127.74713295 43.27  49.542420  53.128787 12.466
 55    29.051 54127.74713359 41.05  49.540820  53.132007 12.466
 55    29.028 54127.74713424 31.99  49.539220  53.135227 12.466
 55    28.914 54127.74713488 26.59  49.537630  53.138447 12.466
 56    29.262 54162.74716572 18.90  49.550874  53.128000  4.526
 56    29.321 54162.74716637 19.36  49.549284  53.131220  4.526
 56    29.316 54162.74716701 23.04  49.547684  53.134440  4.526
 56    29.237 54162.74716765 21.69  49.546094  53.137660  4.526
 56    28.871 54162.74716830 14.47  49.544494  53.140880  4.526
 57    29.805 54197.74713518 52.18  49.544052  53.129143 40.562
 57    29.723 54197.74713582 54.26  49.542452  53.132363 40.562
 57    29.707 54197.74713647 52.98  49.540862  53.135583 40.562
 57    29.730 54197.74713711 51.89  49.539262  53.138803 40.562
 58    30.302 54232.74717936 36.49  49.548677  53.127778 30.398
 58    30.235 54232.74718000 36.56  49.547077  53.130998 30.398
 58    30.167 54232.74718065 29.13  49.545487  53.134218 30.398
 58    28.807 54232.74718129 24.75  49.543887  53.137438 30.398
 58    27.720 54232.74718194 21.93  49.542287  53.140658 30.398
 59    29.207 54267.74719795 43.43  49.550932  53.128168 26.741
 59    29.238 54267.74719859 45.67  49.549342  53.131388 26.741
 59    28.897 54267.74719924 34.47  49.547742  53.134608 26.741
 59    28.606 54267.74719988 30.77  49.546152  53.137828 26.741
 59    28.544 54267.74720052 27.92  49.544552  53.141048 26.741
 60    28.886 54302.74720184 37.37  49.551329  53.128449 30.934
 60    28.851 54302.74720248 42.80  49.549729  53.131669 30.934
 60    28.786 54302.74720313 24.52  49.548139  53.134889 30.934
 60    28.218 54302.74720377 21.76  49.546539  53.138109 30.934
 60    27.399 54302.74720442 19.88  49.544939  53.141329 30.934
 61    28.454 54337.74718791 50.35  49.553620  53.129231 24.674
 61    28.492 54337.74718855 46.41  49.552020  53.132451 24.674
 61    28.148 54337.74718920 34.51  49.550430  53.135671 24.674
 61    28.009 54337.74718984 32.58  49.548830  53.138891 24.674
 61    28.039 54337.74719049 31.52  49.547230  53.142111 24.674
 62    28.619 54372.74713485 33.35  49.547564  53.127711 28.010
 62    28.626 54372.74713550 45.61  49.545964  53.130931 28.010
 62    28.573 54372.74713614 26.19  49.544364  53.134151 28.010
 62    28.106 54372.74713679 22.47  49.542774  53.137371 28.010
 62    28.553 54372.74713743 26.49  49.541174  53.140591 28.010
 63    28.676 54407.74713294 35.44  49.551250  53.127904 28.526
 63    28.657 54407.74713358 37.46  49.549660  53.131124 28.526
 63    28.618 54407.74713423 25.25  49.548060  53.134344 28.526
 63    21.427 54407.74713487 23.91  49.546470  53.137564 28.526
 63    27.305 54407.74713552 17.41  49.544870  53.140784 28.526
 64    28.519 54442.74709562 44.18  49.541131  53.130024 17.183
 64    28.359 54442.74709626 43.49  49.539531  53.133244 17.183
 64    28.467 54442.74709691 43.24  49.537931  53.136464 17.183
 64    28.466 54442.74709755 37.09  49.536341  53.139684 17.183
 65    28.665 54477.74712200 21.68  49.551366  53.128349  4.685
 65    28.696 54477.74712264 20.86  49.549776  53.131569  4.685
 65    28.681 54477.74712329 22.04  49.548176  53.134789  4.685
 65    28.687 54477.74712393 20.17  49.546586  53.138009  4.685
 65    28.617 54477.74712458 19.16  49.544986  53.141229  4.685
 66    28.743 54512.74711067 14.44  49.543035  53.129487  5.238
 66    28.739 54512.74711132 13.42  49.541435  53.132707  5.238
 66    28.684 54512.74711196 13.59  49.539835  53.135927  5.238
 66    28.713 54512.74711261 11.47  49.538235  53.139147  5.238
 67    28.583 54547.74713582 43.45  49.553297  53.128289 22.513
 67    28.522 54547.74713646 41.48  49.551697  53.131509 22.513
 67    28.511 54547.74713711 43.95  49.550097  53.134729 22.513
 67    28.497 54547.74713775 33.27  49.548507  53.137949 22.513
 67    28.447 54547.74713839 31.19  49.546907  53.141169 22.513
 68    31.727 54582.74710610 52.62  49.550409  53.127700 42.837
 68    31.575 54582.74710674 53.45  49.548809  53.130920 42.837
 68    31.593 54582.74710739 48.31  49.547209  53.134140 42.837
 68    31.664 54582.74710803 45.53  49.545619  53.137360 42.837
 68    31.692 54582.74710868 45.35  49.544019  53.140580 42.837
 69    29.353 54617.74712687 40.91  49.550218  53.128760 33.116
 69    29.307 54617.74712751 44.83  49.548618  53.131980 33.116
 69    29.167 54617.74712816 32.61  49.547018  53.135200 33.116
 69    29.147 54617.74712880 29.09  49.545428  53.138420 33.116
 69    29.002 54617.74712945 28.13  49.543828  53.141640 33.116
 70    28.397 54652.74713873 41.83  49.548902  53.127601 29.697
 70    28.377 54652.74713938 45.89  49.547302  53.130821 29.697
 70    28.285 54652.74714002 34.66  49.545702  53.134041 29.697
 70    27.988 54652.74714067 32.11  49.544112  53.137261 29.697
 70    28.070 54652.74714131 31.19  49.542512  53.140481 29.697
 71    28.580 54687.74712927 50.28  49.552196  53.130623 33.836
 71    28.403 54687.74712991 34.03  49.550596  53.133843 33.836
 71    28.534 54687.74713056 34.76  49.548996  53.137063 33.836
 71    28.532 54687.74713120 31.35  49.547406  53.140283 33.836
 72    28.643 54722.74708658 42.93  49.542564  53.129919 37.072
 72    28.577 54722.74708722 37.17  49.540964  53.133139 37.072
 72    28.233 54722.74708786 24.11  49.539364  53.136359 37.072
 72    27.874 54722.74708851 22.58  49.537764  53.139579 37.072
 73    28.603 54757.74710425 37.47  49.550561  53.128713 36.191
 73    28.596 54757.74710490 41.45  49.548961  53.131933 36.191
 73    28.320 54757.74710554 28.94  49.547361  53.135153 36.191
 73    27.476 54757.74710619 22.51  49.545771  53.138373 36.191
 73    27.287 54757.74710683 20.07  49.544171  53.141593 36.191
 74    28.776 54792.74708018 29.95  49.538856  53.132067 39.250
 74    28.612 54792.74708083 28.11  49.537256  53.135287 39.250
 74    27.929 54792.74708147 27.10  49.535666  53.138507 39.250
 75    29.307 54827.74710234 47.70  49.548991  53.128237 22.491
 75    29.326 54827.74710298 42.61  49.547391  53.131457 22.491
 75    29.343 54827.74710362 45.06  49.545791  53.134677 22.491
 75    29.281 54827.74710427 42.25  49.544201  53.137897 22.491
 75    29.324 54827.74710491 42.64  49.542601  53.141117 22.491
 76    28.918 54862.74707379 25.64  49.544045  53.129852  8.318
 76    28.820 54862.74707443 24.35  49.542445  53.133072  8.318
 76    28.997 54862.74707508 27.67  49.540845  53.136292  8.318
 76    29.102 54862.74707572 27.13  49.539255  53.139512  8.318
 77    28.955 54897.74710205 22.90  49.551395  53.127846  6.854
 77    28.886 54897.74710269 21.13  49.549795  53.131066  6.854
 77    28.690 54897.74710334 20.38  49.548195  53.134286  6.854
 77    28.654 54897.74710398 20.94  49.546605  53.137506  6.854
 77    28.721 54897.74710462 18.87  49.545005  53.140726  6.854
 78    28.691 54932.74706914 37.59  49.544187  53.129636 24.256
 78    28.712 54932.74706979 33.36  49.542587  53.132856 24.256
 78    28.181 54932.74707043 23.05  49.540987  53.136076 24.256
 78    28.346 54932.74707107 23.01  49.539397  53.139296 24.256
 79    30.064 54967.74710357 43.98  49.549799  53.128303 37.184
 79    30.082 54967.74710421 47.85  49.548199  53.131523 37.184
 79    29.906 54967.74710486 34.63  49.546599  53.134743 37.184
 79    29.714 54967.74710550 27.00  49.545009  53.137963 37.184
 79    29.792 54967.74710615 25.35  49.543409  53.141183 37.184
 80    28.645 55002.74712318 40.14  49.547168  53.127619 27.520
 80    28.647 55002.74712383 46.17  49.545568  53.130839 27.520
 80    28.502 55002.74712447 34.32  49.543968  53.134059 27.520
 80    28.186 55002.74712512 30.36  49.542378  53.137279 27.520
 80    28.378 55002.74712576 28.19  49.540778  53.140499 27.520
 81    28.554 55037.74710982 41.33  49.551373  53.128419 32.931
 81    28.444 55037.74711046 43.05  49.549773  53.131639 32.931
 81    28.329 55037.74711111 30.06  49.548173  53.134859 32.931
 81    28.026 55037.74711175 27.70  49.546583  53.138079 32.931
 81    27.970 55037.74711240 26.60  49.544983  53.141299 32.931
 82    28.680 55072.74709622 37.82  49.553651  53.129386 37.732
 82    28.682 55072.74709686 39.97  49.552051  53.132606 37.732
 82    28.284 55072.74709751 26.12  49.550451  53.135826 37.732
 82    27.790 55072.74709815 23.95  49.548861  53.139046 37.732
 82    26.896 55072.74709880 21.13  49.547261  53.142266 37.732
 83    28.333 55107.74704250 39.20  49.542632  53.129775 35.695
 83    28.331 55107.74704315 31.99  49.541032  53.132995 35.695
 83    27.922 55107.74704379 25.59  49.539432  53.136215 35.695
 83    27.322 55107.74704444 23.30  49.537842  53.139435 35.695
 84    28.469 55142.74704730 43.36  49.549695  53.130692 33.812
 84    28.404 55142.74704795 33.38  49.548105  53.133912 33.812
 84    27.988 55142.74704859 26.56  49.546505  53.137132 33.812
 84    26.954 55142.74704924 24.26  49.544905  53.140352 33.812
 85    28.306 55177.74701401 43.51  49.542145  53.128861 25.072
 85    28.292 55177.74701465 40.33  49.540545  53.132081 25.072
 85    28.232 55177.74701530 36.22  49.538945  53.135301 25.072
 85    28.358 55177.74701594 41.15  49.537345  53.138521 25.072
 86    28.373 55212.74704165 19.19  49.550131  53.128663  3.960
 86    28.353 55212.74704229 18.79  49.548531  53.131883  3.960
 86    28.426 55212.74704294 17.44  49.546931  53.135103  3.960
 86    28.605 55212.74704358 17.40  49.545341  53.138323  3.960
 86    28.713 55212.74704422 17.31  49.543741  53.141543  3.960
 87    28.500 55247.74701492 15.89  49.546624  53.127497  2.929
 87    28.508 55247.74701557 14.54  49.545024  53.130717  2.929
 87    28.489 55247.74701621 14.61  49.543424  53.133937  2.929
 87    28.448 55247.74701686 14.18  49.541834  53.137157  2.929
 87    28.342 55247.74701750 13.79  49.540234  53.140377  2.929
 88    28.581 55282.74703523 13.15  49.552177  53.128015  5.091
 88    28.484 55282.74703588 11.53  49.550577  53.131235  5.091
 88    28.593 55282.74703652 10.79  49.548977  53.134455  5.091
 88    28.546 55282.74703717  8.82  49.547387  53.137675  5.091
 88    28.346 55282.74703781  8.30  49.545787  53.140895  5.091
 89    31.132 55317.74700483 48.58  49.549418  53.127730 36.756
 89    30.933 55317.74700547 51.70  49.547818  53.130950 36.756
 89    30.960 55317.74700612 49.04  49.546218  53.134170 36.756
 89    31.049 55317.74700676 47.88  49.544628  53.137390 36.756
 89    31.098 55317.74700741 46.26  49.543028  53.140610 36.756
 90    29.044 55352.74700795 35.01  49.551914  53.128859 33.872
 90    28.989 55352.74700859 42.73  49.550314  53.132079 33.872
 90    28.928 55352.74700924 24.87  49.548714  53.135299 33.872
 90    28.465 55352.74700988 22.28  49.547124  53.138519 33.872
 90    27.854 55352.74701053 18.67  49.545524  53.141739 33.872
 91    28.297 55387.74700522 43.58  49.541553  53.130650 32.449
 91    28.254 55387.74700587 33.21  49.539953  53.133870 32.449
 91    28.054 55387.74700651 29.30  49.538353  53.137090 32.449
 91    27.917 55387.74700716 28.60  49.536763  53.140310 32.449
 92    28.288 55422.74702584 35.92  49.551153  53.128973 36.222
 92    28.269 55422.74702649 38.21  49.549553  53.132193 36.222
 92    28.128 55422.74702713 29.69  49.547953  53.135413 36.222
 92    27.650 55422.74702778 23.38  49.546363  53.138633 36.222
 92    27.065 55422.74702842 19.90  49.544763  53.141853 36.222
 93    28.544 55457.74699877 46.90  49.554709  53.130151 32.508
 93    28.494 55457.74699941 38.47  49.553109  53.133371 32.508
 93    28.348 55457.74700005 26.99  49.551509  53.136591 32.508
 93    28.042 55457.74700070 26.16  49.549919  53.139811 32.508
 93    27.747 55457.74700134 25.40  49.548319  53.143031 32.508
