# NaN NaN NaN ;Mean Elev.(m), Avg Gradient(m/km), RMS Gradient(m/km) - SRTM1     
#   22.001  -2.279   3.729 ;Mean Elev.(m), Avg Gradient(m/km), RMS Gradient(m/km) - ASTER GDEM
#   24.683  -2.014   3.306 ;Mean Elev.(m), Avg Gradient(m/km), RMS Gradient(m/km) - GMTED2010 
  7    28.238 52466.74916925 23.02  48.810323  53.169231  6.465
  7    27.882 52466.74916990 24.33  48.808723  53.172451  6.465
  7    27.810 52466.74917054 20.57  48.807123  53.175671  6.465
  7    28.572 52466.74917119 19.49  48.805523  53.178881  6.465
  8    27.991 52501.74916180 21.49  48.813108  53.170451 19.492
  8    27.553 52501.74916244 21.41  48.811508  53.173671 19.492
  8    27.261 52501.74916309 18.97  48.809908  53.176891 19.492
  8    28.212 52501.74916373 18.35  48.808308  53.180111 19.492
  9    28.228 52536.74914787 26.13  48.799365  53.168752 23.510
  9    27.460 52536.74914851 26.50  48.797765  53.171972 23.510
  9    27.297 52536.74914916 25.42  48.796161  53.175194  5.306
  9    26.154 52536.74914980 26.27  48.794561  53.178414  5.306
 10    28.351 52571.74918358 25.40  48.807837  53.167908 22.891
 10    27.981 52571.74918423 25.58  48.806237  53.171128 22.891
 10    27.358 52571.74918487 24.24  48.804637  53.174348 22.891
 10    26.645 52571.74918552 22.82  48.803037  53.177568 22.891
 11    27.813 52606.74914504 28.90  48.816305  53.170621 14.809
 11    27.370 52606.74914569 25.31  48.814705  53.173841 14.809
 11    26.861 52606.74914633 22.66  48.813105  53.177061 14.809
 11    26.213 52606.74914698 22.72  48.811505  53.180271 14.809
 12    28.274 52641.74914062 21.62  48.804902  53.167026  4.059
 12    28.399 52641.74914126 20.76  48.803302  53.170236  4.059
 12    28.707 52641.74914191 19.58  48.801702  53.173456  4.059
 12    28.597 52641.74914255 19.12  48.800102  53.176676  4.059
 13    28.556 52676.74912874 15.40  48.816269  53.170638  4.420
 13    28.730 52676.74912938 14.79  48.814669  53.173858  4.420
 13    28.776 52676.74913002 13.47  48.813069  53.177078  4.420
 13    28.871 52676.74913067 13.20  48.811469  53.180298  4.420
 14    28.420 52711.74915759 15.24  48.804871  53.167492  3.309
 14    28.688 52711.74915823 13.66  48.803271  53.170712  3.309
 14    28.763 52711.74915888 14.29  48.801671  53.173932  3.309
 14    28.851 52711.74915952 12.93  48.800071  53.177142  3.309
 15    28.994 52746.74918488 45.98  48.806392  53.169419 18.395
 15    28.864 52746.74918553 44.68  48.804792  53.172639 18.395
 15    28.588 52746.74918617 44.06  48.803202  53.175859 18.395
 15    28.814 52746.74918682 40.57  48.801602  53.179069 18.395
 16    29.222 52781.74912412 37.70  48.799361  53.170157 19.889
 16    29.091 52781.74912476 34.91  48.797761  53.173377 19.889
 16    29.137 52781.74912541 33.71  48.796161  53.176597 19.889
 17    28.416 52816.74920383 34.62  48.799312  53.169188 19.063
 17    28.394 52816.74920447 33.30  48.797712  53.172398 19.063
 17    28.537 52816.74920511 32.07  48.796112  53.175618 19.063
 17    28.267 52816.74920576 32.28  48.794512  53.178838 19.063
 19    28.450 52886.74928853 25.92  48.807078  53.167611 28.777
 19    27.829 52886.74928918 24.71  48.805478  53.170831 28.777
 19    27.528 52886.74928982 19.10  48.803878  53.174051 28.777
 19    27.035 52886.74929047 19.83  48.802278  53.177261 28.777
 20    27.903 52921.74924427 17.92  48.815200  53.171359 23.696
 20    27.625 52921.74924492 17.23  48.813600  53.174579 23.696
 20    27.391 52921.74924556 15.46  48.812000  53.177799 23.696
 21    28.069 52956.74920890 21.15  48.810037  53.168677 26.677
 21    27.662 52956.74920954 19.40  48.808437  53.171897 26.677
 21    27.264 52956.74921018 20.32  48.806837  53.175107 26.677
 21    27.587 52956.74921083 16.05  48.805247  53.178327 26.677
 22    28.501 52991.74922810 43.60  48.813757  53.169147 15.850
 22    28.919 52991.74922874 30.61  48.812157  53.172367 15.850
 22    28.435 52991.74922939 27.26  48.810557  53.175577 15.850
 22    28.786 52991.74923003 37.24  48.808957  53.178797 15.850
 23    28.733 53026.74919452 20.27  48.822770  53.172207  8.414
 23    28.606 53026.74919516 19.24  48.821170  53.175417  8.414
 23    28.767 53026.74919581 18.00  48.819570  53.178637  8.414
 23    28.797 53026.74919645 17.15  48.817970  53.181857  8.414
 24    28.270 53061.74920339 14.34  48.816077  53.169060  3.301
 24    28.182 53061.74920403 14.48  48.814477  53.172280  3.301
 24    28.226 53061.74920468 13.07  48.812877  53.175490  3.301
 24    28.410 53061.74920532 12.44  48.811277  53.178710  3.301
 25    29.026 53096.74922903 33.41  48.811109  53.169169 29.023
 25    28.768 53096.74922967 32.86  48.809509  53.172389 29.023
 25    28.441 53096.74923032 27.33  48.807909  53.175609 29.023
 25    28.874 53096.74923096 45.20  48.806319  53.178829 29.023
 26    28.922 53131.74920238 23.82  48.814711  53.170599 24.338
 26    28.613 53131.74920303 21.32  48.813121  53.173819 24.338
 26    28.626 53131.74920367 18.98  48.811521  53.177029 24.338
 26    28.750 53131.74920431 17.07  48.809921  53.180249 24.338
 28    28.978 53201.74927915 31.31  48.809249  53.168295 24.925
 28    28.445 53201.74927979 32.48  48.807649  53.171515 24.925
 28    28.500 53201.74928044 31.63  48.806049  53.174735 24.925
 28    28.663 53201.74928108 30.18  48.804449  53.177945 24.925
 29    28.627 53236.74924837 45.32  48.821861  53.170576 23.692
 29    28.857 53236.74924902 34.89  48.820261  53.173796 23.692
 29    28.957 53236.74924966 35.33  48.818661  53.177016 23.692
 29    28.949 53236.74925031 36.14  48.817061  53.180236 23.692
 30    28.947 53271.74920584 30.00  48.804192  53.165381 25.791
 30    27.989 53271.74920648 22.66  48.802592  53.168601 25.791
 30    27.818 53271.74920713 18.04  48.800992  53.171821 25.791
 30    27.409 53271.74920777 18.34  48.799392  53.175031 25.791
 30    26.892 53271.74920842 17.42  48.797792  53.178251 25.791
 31    28.325 53306.74927050 27.70  48.801667  53.167545 26.978
 31    27.775 53306.74927115 24.89  48.800067  53.170765 26.978
 31    27.271 53306.74927179 23.62  48.798467  53.173985 26.978
 31    26.800 53306.74927244 22.77  48.796867  53.177195 26.978
 32    28.540 53341.74923808 30.63  48.813316  53.170365 10.669
 32    28.503 53341.74923872 27.71  48.811716  53.173585 10.669
 32    28.553 53341.74923937 27.28  48.810116  53.176805 10.669
 32    28.305 53341.74924001 25.06  48.808516  53.180025 10.669
 33    28.703 53376.74917105 25.85  48.819850  53.172193  6.243
 33    28.711 53376.74917169 26.21  48.818250  53.175423  6.243
 33    28.904 53376.74917234 25.43  48.816650  53.178633  6.243
 33    28.709 53376.74917298 37.29  48.815060  53.181853  6.243
 34    28.428 53411.74921325 15.99  48.813515  53.170002  3.636
 34    28.428 53411.74921390 15.46  48.811915  53.173222  3.636
 34    28.418 53411.74921454 15.10  48.810315  53.176442  3.636
 34    28.296 53411.74921519 14.04  48.808715  53.179662  3.636
 35    28.653 53446.74919677 15.59  48.799694  53.168643  4.854
 35    28.624 53446.74919741 15.65  48.798094  53.171863  4.854
 35    28.722 53446.74919806 13.94  48.796494  53.175083  4.854
 35    29.052 53446.74919870 12.47  48.794884  53.178304  1.727
 36    29.381 53481.74928234 46.72  48.799725  53.169357 26.595
 36    29.286 53481.74928299 49.47  48.798125  53.172567 26.595
 36    29.325 53481.74928363 47.21  48.796525  53.175787 26.595
 36    29.474 53481.74928428 42.14  48.794925  53.179007 26.595
 37    29.863 53516.74928495 43.32  48.812360  53.169520 24.506
 37    30.084 53516.74928559 43.30  48.810760  53.172740 24.506
 37    29.976 53516.74928624 42.35  48.809160  53.175960 24.506
 37    29.918 53516.74928688 42.78  48.807560  53.179180 24.506
 38    28.256 53551.74930526 20.24  48.806706  53.168184 24.341
 38    27.934 53551.74930590 18.61  48.805106  53.171404 24.341
 38    27.688 53551.74930655 16.39  48.803506  53.174624 24.341
 38    27.387 53551.74930719 15.73  48.801906  53.177844 24.341
 39    28.033 53586.74926039 23.51  48.817066  53.171109 24.956
 39    27.760 53586.74926104 22.05  48.815466  53.174329 24.956
 39    28.409 53586.74926168 19.66  48.813866  53.177549 24.956
 39    28.810 53586.74926233 20.53  48.812266  53.180769 24.956
 40    28.290 53621.74922463 31.88  48.795539  53.167414 14.701
 40    27.872 53621.74922528 35.67  48.793939  53.170624 14.701
 40    28.234 53621.74922592 30.24  48.792339  53.173844 14.701
 40    28.520 53621.74922656 27.91  48.790739  53.177064 14.701
 41    28.150 53656.74925239 29.76  48.805600  53.167304 28.085
 41    27.650 53656.74925303 29.01  48.804000  53.170524 28.085
 41    27.749 53656.74925367 25.06  48.802400  53.173734 28.085
 41    28.399 53656.74925432 24.24  48.800800  53.176954 28.085
 42    27.867 53691.74923945 29.69  48.811854  53.169395 26.245
 42    27.719 53691.74924009 26.37  48.810254  53.172615 26.245
 42    27.434 53691.74924074 22.58  48.808654  53.175835 26.245
 42    26.398 53691.74924138 25.15  48.807054  53.179045 26.245
 43    28.028 53726.74916349 24.25  48.821321  53.172770 10.858
 43    27.594 53726.74916413 24.01  48.819721  53.175990 10.858
 43    26.885 53726.74916478 22.32  48.818131  53.179210 10.858
 43    26.333 53726.74916542 21.91  48.816531  53.182430 10.858
 44    28.450 53761.74911500 24.55  48.811951  53.168429  4.363
 44    28.528 53761.74911565 24.49  48.810361  53.171649  4.363
 44    28.549 53761.74911629 24.49  48.808761  53.174869  4.363
 44    28.693 53761.74911694 23.20  48.807161  53.178079  4.363
 45    28.539 53796.74912857 19.26  48.819482  53.170924  3.358
 45    28.569 53796.74912922 18.71  48.817882  53.174144  3.358
 45    28.771 53796.74912986 17.75  48.816282  53.177364  3.358
 45    28.545 53796.74913051 17.28  48.814692  53.180584  3.358
 47    28.943 53866.74918675 26.12  48.804420  53.169082 25.425
 47    28.358 53866.74918740 27.04  48.802830  53.172302 25.425
 47    28.126 53866.74918804 23.43  48.801230  53.175522 25.425
 47    27.485 53866.74918869 24.16  48.799630  53.178742 25.425
 48    28.207 53901.74921626 28.61  48.808673  53.170013 26.095
 48    27.465 53901.74921691 31.75  48.807083  53.173233 26.095
 48    26.993 53901.74921755 31.09  48.805483  53.176453 26.095
 48    26.476 53901.74921820 30.19  48.803883  53.179673 26.095
 49    28.631 53936.74925476 29.55  48.801434  53.166422 20.338
 49    28.360 53936.74925541 21.95  48.799834  53.169642 20.338
 49    27.773 53936.74925605 23.78  48.798234  53.172862 20.338
 49    27.265 53936.74925669 20.26  48.796634  53.176082 20.338
 49    26.770 53936.74925734 17.64  48.795034  53.179292 20.338
 50    28.252 53971.74922036 21.89  48.811493  53.168978 24.583
 50    27.670 53971.74922100 19.78  48.809893  53.172198 24.583
 50    27.513 53971.74922164 21.32  48.808293  53.175418 24.583
 50    28.439 53971.74922229 19.12  48.806693  53.178638 24.583
 51    29.276 54006.74920316 34.02  48.805742  53.166466 24.300
 51    28.080 54006.74920381 34.12  48.804142  53.169686 24.300
 51    27.908 54006.74920445 32.78  48.802542  53.172906 24.300
 51    28.005 54006.74920510 29.40  48.800942  53.176116 24.300
 51    28.247 54006.74920574 24.81  48.799342  53.179336 24.300
 53    28.576 54076.74922381 32.25  48.815155  53.168995 15.979
 53    28.072 54076.74922446 28.91  48.813555  53.172215 15.979
 53    27.581 54076.74922510 25.98  48.811955  53.175435 15.979
 53    27.022 54076.74922575 23.69  48.810355  53.178655 15.979
 54    28.692 54111.74916476 31.12  48.819937  53.170547 13.751
 54    28.669 54111.74916540 27.10  48.818337  53.173767 13.751
 54    28.924 54111.74916605 26.61  48.816737  53.176987 13.751
 54    28.813 54111.74916669 25.81  48.815147  53.180207 13.751
 55    28.732 54146.74916574 18.48  48.807533  53.167743  6.306
 55    28.938 54146.74916638 18.37  48.805933  53.170963  6.306
 55    29.237 54146.74916703 21.54  48.804343  53.174183  6.306
 55    29.050 54146.74916767 21.26  48.802743  53.177393  6.306
 56    28.686 54181.74915200 24.96  48.818632  53.170383 12.624
 56    28.859 54181.74915264 23.61  48.817032  53.173603 12.624
 56    28.799 54181.74915329 22.94  48.815442  53.176823 12.624
 56    28.892 54181.74915393 24.50  48.813842  53.180043 12.624
 57    29.976 54216.74917396 49.23  48.806926  53.167089 29.706
 57    30.060 54216.74917461 46.40  48.805326  53.170309 29.706
 57    29.972 54216.74917525 47.78  48.803726  53.173529 29.706
 57    29.879 54216.74917590 44.71  48.802126  53.176749 29.706
 58    29.972 54251.74920053 37.50  48.809049  53.168499 25.277
 58    29.459 54251.74920118 37.90  48.807449  53.171719 25.277
 58    29.805 54251.74920182 40.19  48.805849  53.174939 25.277
 58    29.766 54251.74920247 37.23  48.804249  53.178159 25.277
 59    29.132 54286.74920599 37.28  48.813843  53.169909 18.134
 59    28.627 54286.74920663 35.80  48.812243  53.173129 18.134
 59    28.636 54286.74920728 35.55  48.810643  53.176349 18.134
 59    28.587 54286.74920792 35.16  48.809043  53.179569 18.134
 60    27.876 54321.74920284 28.53  48.813226  53.168974 24.950
 60    27.934 54321.74920348 21.50  48.811626  53.172194 24.950
 60    28.153 54321.74920413 20.27  48.810026  53.175414 24.950
 60    28.521 54321.74920477 20.93  48.808426  53.178634 24.950
 61    28.104 54356.74916310 22.02  48.818870  53.172213 25.176
 61    27.406 54356.74916374 19.69  48.817270  53.175433 25.176
 61    27.091 54356.74916439 19.19  48.815670  53.178653 25.176
 61    26.572 54356.74916503 19.83  48.814080  53.181873 25.176
 62    28.226 54391.74914333 30.91  48.811777  53.168561 25.352
 62    27.840 54391.74914398 30.50  48.810177  53.171781 25.352
 62    27.496 54391.74914462 25.47  48.808577  53.175001 25.352
 62    26.747 54391.74914527 24.30  48.806977  53.178221 25.352
 63    28.273 54426.74911272 30.46  48.815297  53.170047 12.086
 63    27.726 54426.74911336 28.35  48.813697  53.173267 12.086
 63    27.247 54426.74911401 25.84  48.812097  53.176487 12.086
 63    26.367 54426.74911465 23.94  48.810497  53.179707 12.086
 64    28.577 54461.74912056 27.51  48.808911  53.167812  5.411
 64    28.489 54461.74912120 27.58  48.807311  53.171032  5.411
 64    28.547 54461.74912185 28.13  48.805711  53.174252  5.411
 64    28.637 54461.74912249 27.30  48.804111  53.177472  5.411
 65    28.518 54496.74912006 18.09  48.815957  53.169813  4.278
 65    28.646 54496.74912070 17.51  48.814357  53.173033  4.278
 65    28.623 54496.74912135 17.14  48.812757  53.176253  4.278
 65    28.693 54496.74912199 15.73  48.811157  53.179473  4.278
 66    28.993 54531.74913373 18.86  48.811148  53.168703 11.932
 66    28.709 54531.74913437 19.17  48.809548  53.171923 11.932
 66    28.800 54531.74913502 18.47  48.807948  53.175143 11.932
 66    28.842 54531.74913566 16.56  48.806348  53.178363 11.932
 67    29.746 54566.74912559 40.74  48.818967  53.170475 30.996
 67    29.385 54566.74912623 48.62  48.817367  53.173695 30.996
 67    29.372 54566.74912688 51.06  48.815767  53.176915 30.996
 67    29.444 54566.74912752 51.43  48.814167  53.180135 30.996
 68    29.041 54601.74912941 24.95  48.809720  53.168654 26.889
 68    28.417 54601.74913005 22.62  48.808120  53.171874 26.889
 68    28.055 54601.74913070 18.05  48.806520  53.175094 26.889
 68    27.473 54601.74913134 17.69  48.804920  53.178304 26.889
 69    28.343 54636.74914083 28.57  48.810747  53.168878 24.686
 69    28.377 54636.74914148 26.69  48.809147  53.172088 24.686
 69    28.376 54636.74914212 25.78  48.807557  53.175308 24.686
 69    28.636 54636.74914277 25.61  48.805957  53.178528 24.686
 70    28.092 54671.74914443 37.77  48.812153  53.168678 19.339
 70    28.196 54671.74914507 37.58  48.810563  53.171898 19.339
 70    28.060 54671.74914572 37.93  48.808963  53.175108 19.339
 70    28.197 54671.74914636 35.89  48.807363  53.178328 19.339
 71    27.683 54706.74910498 29.58  48.817248  53.170740 24.736
 71    27.278 54706.74910563 26.92  48.815648  53.173960 24.736
 71    26.881 54706.74910627 24.25  48.814048  53.177180 24.736
 71    26.339 54706.74910691 21.30  48.812448  53.180400 24.736
 72    28.669 54741.74910903 42.15  48.809096  53.168757 26.561
 72    28.507 54741.74910967 39.13  48.807496  53.171967 26.561
 72    28.508 54741.74911032 38.01  48.805896  53.175187 26.561
 72    28.474 54741.74911096 37.28  48.804296  53.178407 26.561
 73    28.131 54776.74908569 19.48  48.816162  53.169768 20.489
 73    27.831 54776.74908633 17.80  48.814562  53.172978 20.489
 73    27.897 54776.74908698 15.20  48.812962  53.176198 20.489
 74    28.549 54811.74910221 25.34  48.806804  53.167095 23.712
 74    27.782 54811.74910285 21.12  48.805204  53.170315 23.712
 74    27.021 54811.74910350 25.11  48.803604  53.173525 23.712
 74    27.998 54811.74910414 18.58  48.802004  53.176745 23.712
 75    28.788 54846.74908622 29.33  48.815199  53.170412  7.686
 75    28.752 54846.74908687 28.59  48.813599  53.173632  7.686
 75    28.904 54846.74908751 26.82  48.811999  53.176842  7.686
 75    28.654 54846.74908816 27.42  48.810399  53.180072  7.686
 76    28.697 54881.74910550 26.14  48.808476  53.168123  7.235
 76    28.668 54881.74910615 26.88  48.806876  53.171343  7.235
 76    28.589 54881.74910679 26.65  48.805276  53.174553  7.235
 76    28.533 54881.74910744 25.86  48.803676  53.177773  7.235
 77    28.526 54916.74908896 20.19  48.816691  53.169481  9.794
 77    28.533 54916.74908960 20.22  48.815091  53.172701  9.794
 77    28.536 54916.74909024 20.01  48.813491  53.175921  9.794
 78    29.821 54951.74909936 34.37  48.808906  53.167779 27.505
 78    29.392 54951.74910000 32.15  48.807306  53.170999 27.505
 78    28.869 54951.74910065 31.38  48.805706  53.174219 27.505
 78    28.302 54951.74910129 27.33  48.804106  53.177429 27.505
 79    28.441 54986.74912381 29.34  48.808087  53.167808 26.707
 79    27.948 54986.74912446 27.23  48.806487  53.171028 26.707
 79    27.365 54986.74912510 26.57  48.804887  53.174238 26.707
 79    26.368 54986.74912575 29.56  48.803287  53.177458 26.707
 80    28.286 55021.74911654 21.03  48.814236  53.169953 22.585
 80    27.425 55021.74911719 21.56  48.812646  53.173163 22.585
 80    27.631 55021.74911783 19.17  48.811046  53.176383 22.585
 80    27.836 55021.74911848 18.76  48.809446  53.179603 22.585
 81    29.143 55056.74911322 31.39  48.813933  53.169456 20.612
 81    28.212 55056.74911387 30.56  48.812333  53.172676 20.612
 81    27.914 55056.74911451 27.33  48.810743  53.175896 20.612
 81    27.711 55056.74911516 23.93  48.809143  53.179106 20.612
 82    28.202 55091.74907053 33.97  48.816475  53.171516 20.288
 82    28.285 55091.74907117 31.71  48.814875  53.174736 20.288
 82    28.107 55091.74907182 31.44  48.813275  53.177956 20.288
 82    28.829 55091.74907246 35.64  48.811675  53.181176 20.288
 83    28.209 55126.74905219 21.82  48.810931  53.168167 21.956
 83    27.710 55126.74905283 16.61  48.809331  53.171387 21.956
 83    27.545 55126.74905348 14.95  48.807731  53.174607 21.956
 83    27.757 55126.74905412 14.01  48.806131  53.177827 21.956
 84    28.638 55161.74903149 48.67  48.814059  53.170003 20.799
 84    28.461 55161.74903213 48.80  48.812469  53.173223 20.799
 84    28.698 55161.74903278 44.26  48.810869  53.176433 20.799
 84    28.601 55161.74903342 41.14  48.809269  53.179653 20.799
 85    28.672 55196.74904320 23.72  48.807160  53.167597  6.198
 85    28.460 55196.74904385 29.08  48.805560  53.170827  6.198
 85    28.514 55196.74904449 22.33  48.803960  53.174037  6.198
 85    28.597 55196.74904514 20.26  48.802360  53.177257  6.198
 86    27.715 55231.74903489 19.00  48.816477  53.170004  3.733
 86    27.911 55231.74903553 17.64  48.814877  53.173214  3.733
 86    27.798 55231.74903618 16.97  48.813277  53.176434  3.733
 86    27.559 55231.74903682 16.69  48.811677  53.179654  3.733
 87    28.195 55266.74903793 20.09  48.811171  53.168198  5.770
 87    28.163 55266.74903857 17.89  48.809571  53.171418  5.770
 87    28.344 55266.74903921 16.23  48.807981  53.174638  5.770
 87    28.480 55266.74903986 15.19  48.806381  53.177858  5.770
 88    28.558 55301.74901647 32.55  48.818264  53.172132 25.332
 88    28.827 55301.74901711 44.64  48.816664  53.175352 25.332
 88    29.063 55301.74901776 46.60  48.815064  53.178572 25.332
 88    28.935 55301.74901840 47.37  48.813464  53.181792 25.332
 89    28.612 55336.74901342 24.43  48.812210  53.169673 24.142
 89    28.318 55336.74901406 20.67  48.810610  53.172893 24.142
 89    27.779 55336.74901471 19.23  48.809010  53.176113 24.142
 89    27.112 55336.74901535 18.46  48.807420  53.179333 24.142
 90    28.512 55371.74900309 38.62  48.813803  53.169610 21.462
 90    28.320 55371.74900374 37.55  48.812203  53.172830 21.462
 90    28.179 55371.74900438 37.64  48.810613  53.176040 21.462
 90    28.278 55371.74900503 35.45  48.809013  53.179260 21.462
 91    28.839 55406.74902279 26.36  48.810386  53.168730 22.936
 91    27.733 55406.74902344 23.17  48.808786  53.171950 22.936
 91    27.538 55406.74902408 20.86  48.807186  53.175170 22.936
 91    27.710 55406.74902473 21.11  48.805586  53.178380 22.936
 92    28.270 55441.74902243 27.13  48.814198  53.170004 26.921
 92    27.718 55441.74902307 28.12  48.812598  53.173224 26.921
 92    26.989 55441.74902372 28.39  48.811008  53.176434 26.921
 92    26.566 55441.74902436 23.67  48.809408  53.179664 26.921
 93    28.739 55476.74896421 26.60  48.819891  53.171392 21.402
 93    27.477 55476.74896486 23.28  48.818291  53.174612 21.402
 93    27.771 55476.74896550 23.86  48.816691  53.177832 21.402
 93    28.356 55476.74896614 25.93  48.815091  53.181052 21.402
