# NaN NaN NaN ;Mean Elev.(m), Avg Gradient(m/km), RMS Gradient(m/km) - SRTM1     
#  -25.642  -2.443   3.794 ;Mean Elev.(m), Avg Gradient(m/km), RMS Gradient(m/km) - ASTER GDEM
#  -19.690  -2.387   3.410 ;Mean Elev.(m), Avg Gradient(m/km), RMS Gradient(m/km) - GMTED2010 
  7   -16.581 52459.76208749 47.15  46.133815  47.945431 33.476
  7   -16.684 52459.76208813 48.91  46.132485  47.948671 33.476
  7   -16.586 52459.76208878 51.36  46.131155  47.951911 33.476
  7   -16.611 52459.76208942 49.14  46.129835  47.955151 33.476
  7   -16.651 52459.76209007 52.01  46.128505  47.958401 33.476
 10   -18.846 52564.76207530 49.79  46.145924  47.921898 24.188
 10   -18.705 52564.76207723 36.05  46.141944  47.931628 24.188
 10   -18.700 52564.76207788 29.39  46.140614  47.934878 24.188
 10   -18.819 52564.76207852 25.91  46.139284  47.938118 24.188
 10   -18.415 52564.76207917 24.12  46.137964  47.941358 24.188
 10   -18.732 52564.76207981 24.53  46.136634  47.944608 24.188
 10   -18.674 52564.76208046 28.67  46.135304  47.947848 24.188
 10   -18.718 52564.76208110 27.11  46.133974  47.951088 24.188
 10   -18.815 52564.76208175 25.43  46.132644  47.954328 24.188
 10   -18.810 52564.76208239 24.92  46.131314  47.957578 24.188
 10   -18.642 52564.76208303 23.91  46.129994  47.960818 24.188
 10   -18.559 52564.76208368 28.86  46.128664  47.964058 24.188
 10   -18.547 52564.76208432 25.10  46.127334  47.967308 24.188
 13   -15.861 52669.76207481 42.91  46.129403  47.947307 19.131
 13   -15.808 52669.76207545 44.18  46.128073  47.950547 19.131
 15   -15.844 52739.76209815 23.45  46.131352  47.947957 22.923
 15   -16.482 52739.76209880 20.23  46.130022  47.951197 22.923
 15   -16.734 52739.76209944 13.95  46.128702  47.954437 22.923
 16   -12.776 52774.76204004 42.80  46.154806  47.915173 22.163
 16   -12.903 52774.76204068 38.74  46.153476  47.918413 22.163
 16   -12.813 52774.76204133 37.22  46.152156  47.921663 22.163
 16   -12.808 52774.76204197 36.52  46.150826  47.924903 22.163
 16   -12.868 52774.76204262 35.45  46.149506  47.928143 22.163
 16   -13.030 52774.76204326 33.70  46.148176  47.931393 22.163
 16   -13.170 52774.76204390 33.04  46.146846  47.934633 22.163
 16   -13.210 52774.76204455 33.52  46.145526  47.937873 22.163
 16   -12.954 52774.76204519 35.09  46.144196  47.941113 22.163
 16   -12.855 52774.76204584 33.83  46.142866  47.944363 22.163
 16   -12.895 52774.76204648 37.06  46.141546  47.947603 22.163
 16   -12.731 52774.76204713 40.85  46.140216  47.950853 22.163
 16   -12.858 52774.76204777 46.54  46.138886  47.954093 22.163
 16   -12.686 52774.76204842 44.85  46.137556  47.957333 22.163
 16   -12.822 52774.76204906 33.71  46.136236  47.960573 22.163
 16   -12.962 52774.76204971 33.12  46.134906  47.963823 22.163
 16   -12.894 52774.76205035 32.95  46.133576  47.967063 22.163
 16   -12.843 52774.76205100 37.53  46.132246  47.970303 22.163
 20   -18.227 52914.76216552 47.92  46.152499  47.916227 42.172
 20   -18.392 52914.76216617 49.97  46.151169  47.919467 42.172
 20   -18.356 52914.76216681 51.13  46.149849  47.922707 42.172
 20   -18.423 52914.76216746 51.96  46.148519  47.925957 42.172
 20   -18.475 52914.76216810 50.08  46.147189  47.929197 42.172
 20   -18.500 52914.76216875 52.83  46.145869  47.932437 42.172
 20   -18.512 52914.76216939 51.51  46.144539  47.935687 42.172
 20   -18.429 52914.76217004 49.53  46.143209  47.938927 42.172
 20   -18.334 52914.76217068 51.69  46.141889  47.942167 42.172
 20   -18.203 52914.76217133 44.86  46.140559  47.945417 42.172
 20   -18.466 52914.76217197 38.91  46.139229  47.948657 42.172
 20   -18.431 52914.76217262 42.22  46.137899  47.951897 42.172
 20   -18.452 52914.76217326 46.08  46.136579  47.955137 42.172
 20   -18.292 52914.76217391 46.45  46.135249  47.958387 42.172
 20   -18.243 52914.76217455 49.80  46.133919  47.961627 42.172
 20   -18.288 52914.76217519 51.14  46.132589  47.964867 42.172
 20   -18.257 52914.76217584 51.30  46.131259  47.968117 42.172
 20   -18.358 52914.76217648 53.20  46.129939  47.971357 42.172
 22   -18.224 52984.76215408 34.70  46.140503  47.932680 28.172
 22   -18.147 52984.76215473 39.06  46.139173  47.935930 28.172
 22   -18.021 52984.76215537 36.18  46.137843  47.939170 28.172
 22   -18.257 52984.76215602 30.25  46.136523  47.942410 28.172
 22   -18.306 52984.76215666 24.26  46.135193  47.945650 28.172
 22   -17.021 52984.76215731 24.26  46.133863  47.948900 28.172
 22   -16.837 52984.76215795 21.22  46.132533  47.952140 28.172
 22   -17.712 52984.76215859 16.49  46.131203  47.955380 28.172
 22   -18.159 52984.76215924 16.99  46.129883  47.958630 28.172
 22   -18.233 52984.76215988 16.99  46.128553  47.961870 28.172
 23   -17.199 53019.76214286 36.57  46.147086  47.920089 34.024
 23   -17.385 53019.76214351 37.57  46.145766  47.923329 34.024
 23   -17.017 53019.76214544 40.54  46.141786  47.933059 34.024
 23   -17.292 53019.76214609 38.63  46.140456  47.936309 34.024
 23   -17.383 53019.76214673 36.69  46.139126  47.939549 34.024
 23   -17.292 53019.76214738 38.22  46.137806  47.942789 34.024
 23   -17.408 53019.76214802 40.64  46.136476  47.946039 34.024
 23   -17.276 53019.76214867 39.98  46.135146  47.949279 34.024
 23   -17.369 53019.76214931 36.93  46.133816  47.952519 34.024
 23   -17.286 53019.76214996 40.84  46.132496  47.955759 34.024
 23   -17.212 53019.76215060 36.81  46.131166  47.959009 34.024
 23   -17.309 53019.76215125 37.78  46.129836  47.962249 34.024
 23   -17.211 53019.76215189 39.22  46.128506  47.965489 34.024
 23   -17.165 53019.76215253 39.00  46.127176  47.968739 34.024
 24   -16.809 53054.76213377 30.09  46.131859  47.945369 14.341
 24   -16.772 53054.76213442 28.33  46.130529  47.948609 14.341
 24   -16.628 53054.76213506 25.63  46.129199  47.951849 14.341
 24   -17.166 53054.76213571 24.62  46.127869  47.955089 14.341
 28   -17.369 53194.76219507 46.25  46.139169  47.934241 39.311
 28   -17.236 53194.76219636 43.18  46.136519  47.940731 39.311
 28   -17.464 53194.76219700 38.83  46.135189  47.943971 39.311
 28   -17.626 53194.76219765 38.36  46.133859  47.947221 39.311
 28   -17.325 53194.76219829 38.27  46.132529  47.950461 39.311
 28   -17.428 53194.76219894 39.95  46.131209  47.953701 39.311
 28   -17.374 53194.76219958 45.36  46.129879  47.956951 39.311
 28   -17.331 53194.76220023 49.96  46.128549  47.960191 39.311
 29   -17.451 53229.76218121 43.17  46.149456  47.916925 20.264
 29   -17.351 53229.76218186 44.55  46.148136  47.920165 20.264
 29   -17.838 53229.76218250 42.62  46.146806  47.923405 20.264
 29   -17.691 53229.76218315 36.46  46.145476  47.926655 20.264
 29   -17.881 53229.76218379 33.84  46.144156  47.929895 20.264
 29   -17.810 53229.76218444 29.69  46.142826  47.933135 20.264
 29   -17.728 53229.76218508 31.63  46.141496  47.936385 20.264
 29   -17.687 53229.76218573 31.21  46.140166  47.939625 20.264
 29   -17.775 53229.76218637 30.45  46.138846  47.942865 20.264
 29   -17.574 53229.76218702 32.11  46.137516  47.946115 20.264
 29   -17.415 53229.76218766 30.56  46.136186  47.949355 20.264
 29   -17.615 53229.76218831 31.00  46.134856  47.952595 20.264
 29   -17.543 53229.76218895 31.49  46.133536  47.955835 20.264
 29   -17.572 53229.76218960 29.72  46.132206  47.959085 20.264
 29   -17.605 53229.76219024 27.97  46.130876  47.962325 20.264
 29   -17.660 53229.76219088 29.21  46.129546  47.965565 20.264
 29   -17.712 53229.76219153 28.68  46.128216  47.968815 20.264
 30   -18.068 53264.76215321 44.86  46.147131  47.920483 39.125
 30   -17.730 53264.76215385 45.54  46.145801  47.923723 39.125
 30   -18.218 53264.76215514 51.22  46.143151  47.930213 39.125
 30   -18.343 53264.76215579 50.89  46.141831  47.933453 39.125
 30   -18.339 53264.76215643 46.24  46.140501  47.936703 39.125
 30   -18.284 53264.76215708 46.03  46.139171  47.939943 39.125
 30   -18.311 53264.76215772 52.55  46.137851  47.943183 39.125
 30   -18.145 53264.76215837 48.66  46.136521  47.946433 39.125
 30   -18.202 53264.76215901 47.21  46.135191  47.949673 39.125
 30   -18.221 53264.76215966 50.74  46.133861  47.952913 39.125
 30   -18.165 53264.76216030 53.48  46.132541  47.956153 39.125
 30   -18.155 53264.76216094 49.70  46.131211  47.959403 39.125
 30   -18.217 53264.76216159 46.69  46.129881  47.962643 39.125
 30   -18.269 53264.76216223 51.00  46.128551  47.965883 39.125
 30   -18.139 53264.76216288 50.12  46.127231  47.969133 39.125
 32  -108.004 53334.76217521 45.35  46.130663  47.947833 38.881
 32  -107.814 53334.76217585 45.35  46.129333  47.951073 38.881
 32  -107.872 53334.76217650 47.61  46.128013  47.954313 38.881
 33   -14.721 53369.76210830 20.49  46.153423  47.914761 15.811
 33   -15.066 53369.76210894 20.54  46.152103  47.918011 15.811
 33   -17.312 53369.76210959 20.33  46.150773  47.921251 15.811
 33   -17.338 53369.76211023 26.59  46.149453  47.924491 15.811
 33   -17.515 53369.76211088 32.37  46.148123  47.927741 15.811
 33   -17.793 53369.76211152 30.07  46.146793  47.930981 15.811
 33   -17.408 53369.76211217 28.11  46.145473  47.934221 15.811
 33   -17.333 53369.76211281 29.07  46.144143  47.937471 15.811
 33   -17.266 53369.76211346 35.19  46.142813  47.940711 15.811
 33   -17.345 53369.76211410 38.45  46.141493  47.943951 15.811
 33   -17.378 53369.76211475 33.68  46.140163  47.947201 15.811
 33   -17.478 53369.76211539 24.64  46.138833  47.950441 15.811
 33   -17.865 53369.76211604 21.44  46.137513  47.953681 15.811
 33   -18.217 53369.76211668 22.28  46.136183  47.956921 15.811
 33   -18.211 53369.76211732 22.71  46.134853  47.960171 15.811
 33   -18.089 53369.76211797 23.57  46.133523  47.963411 15.811
 33   -18.207 53369.76211861 23.74  46.132203  47.966651 15.811
 33   -17.771 53369.76211926 22.66  46.130873  47.969901 15.811
 35   -14.121 53439.76212882 29.67  46.149852  47.916507 20.830
 35   -14.414 53439.76212947 43.32  46.148522  47.919747 20.830
 35   -13.973 53439.76213011 32.48  46.147202  47.922987 20.830
 35   -14.425 53439.76213076 41.19  46.145872  47.926237 20.830
 35   -14.284 53439.76213140 29.75  46.144542  47.929477 20.830
 35   -14.507 53439.76213205 29.33  46.143222  47.932717 20.830
 35   -14.365 53439.76213269 32.11  46.141892  47.935957 20.830
 35   -14.399 53439.76213333 36.64  46.140562  47.939207 20.830
 35   -14.387 53439.76213398 33.72  46.139242  47.942447 20.830
 35   -14.309 53439.76213462 35.67  46.137912  47.945697 20.830
 35   -14.451 53439.76213527 30.40  46.136582  47.948937 20.830
 35   -14.420 53439.76213591 27.28  46.135262  47.952177 20.830
 35   -14.462 53439.76213656 27.13  46.133932  47.955417 20.830
 35   -14.458 53439.76213720 27.14  46.132602  47.958667 20.830
 35   -14.423 53439.76213785 27.73  46.131272  47.961907 20.830
 35   -14.382 53439.76213849 28.74  46.129952  47.965147 20.830
 35   -14.395 53439.76213914 28.47  46.128622  47.968397 20.830
 37   -11.698 53509.76221509 24.13  46.129437  47.947735  8.518
 37   -12.014 53509.76221573 18.81  46.128107  47.950975  8.518
 39   -18.070 53579.76220800 46.82  46.133896  47.945335 41.393
 39   -18.060 53579.76220865 39.24  46.132566  47.948575 41.393
 39   -18.014 53579.76220929 36.71  46.131236  47.951815 41.393
 39   -17.922 53579.76220994 40.86  46.129916  47.955055 41.393
 39   -17.791 53579.76221058 45.90  46.128586  47.958305 41.393
 40   -17.991 53614.76215968 50.71  46.139939  47.933177 46.184
 40   -17.992 53614.76216033 51.54  46.138609  47.936427 46.184
 40   -18.079 53614.76216097 50.36  46.137279  47.939667 46.184
 40   -17.968 53614.76216162 50.35  46.135959  47.942907 46.184
 40   -18.098 53614.76216226 54.82  46.134629  47.946157 46.184
 40   -18.057 53614.76216290 52.99  46.133299  47.949397 46.184
 40   -17.970 53614.76216355 51.46  46.131979  47.952637 46.184
 40   -17.884 53614.76216419 54.24  46.130649  47.955877 46.184
 40   -17.901 53614.76216484 57.04  46.129319  47.959127 46.184
 40   -17.925 53614.76216548 51.25  46.127989  47.962367 46.184
 41   -17.585 53649.76217130 31.87  46.128985  47.947567 25.712
 41   -17.745 53649.76217195 29.24  46.127655  47.950807 25.712
 43   -14.965 53719.76210337 20.23  46.151981  47.917144 14.171
 43   -16.137 53719.76210401 22.93  46.150651  47.920394 14.171
 43   -19.110 53719.76210466 24.45  46.149331  47.923634 14.171
 43   -19.085 53719.76210530 26.72  46.148001  47.926884 14.171
 43   -19.017 53719.76210595 26.95  46.146671  47.930124 14.171
 43   -18.693 53719.76210659 26.35  46.145351  47.933364 14.171
 43   -18.804 53719.76210724 29.68  46.144021  47.936604 14.171
 43   -18.953 53719.76210788 30.20  46.142691  47.939854 14.171
 43   -18.684 53719.76210853 25.81  46.141371  47.943094 14.171
 43   -18.256 53719.76210917 19.67  46.140041  47.946334 14.171
 43   -18.624 53719.76210981 19.90  46.138711  47.949584 14.171
 43   -18.828 53719.76211046 18.90  46.137391  47.952824 14.171
 43   -19.283 53719.76211110 19.65  46.136061  47.956064 14.171
 43   -19.393 53719.76211175 19.07  46.134731  47.959314 14.171
 43   -19.272 53719.76211239 19.34  46.133401  47.962554 14.171
 43   -19.120 53719.76211304 19.56  46.132081  47.965794 14.171
 43   -18.928 53719.76211368 21.66  46.130751  47.969044 14.171
 44   -16.482 53754.76203237 34.89  46.134164  47.944362 10.412
 44   -16.500 53754.76203301 33.24  46.132834  47.947602 10.412
 44   -16.625 53754.76203366 25.56  46.131504  47.950852 10.412
 44   -17.007 53754.76203430 25.40  46.130174  47.954092 10.412
 44   -16.933 53754.76203495 25.20  46.128844  47.957332 10.412
 45   -16.180 53789.76205727 15.07  46.148012  47.919121  4.850
 45   -16.522 53789.76205791 15.28  46.146682  47.922361  4.850
 45   -16.555 53789.76205985 16.97  46.142702  47.932091  4.850
 45   -16.570 53789.76206049 17.35  46.141372  47.935341  4.850
 45   -16.444 53789.76206114 19.38  46.140042  47.938581  4.850
 45   -16.394 53789.76206178 19.14  46.138722  47.941821  4.850
 45   -16.486 53789.76206243 19.10  46.137392  47.945071  4.850
 45   -16.521 53789.76206307 19.91  46.136062  47.948311  4.850
 45   -16.591 53789.76206372 17.75  46.134732  47.951551  4.850
 45   -16.634 53789.76206436 16.94  46.133412  47.954791  4.850
 45   -16.674 53789.76206501 17.18  46.132082  47.958041  4.850
 45   -16.594 53789.76206565 16.81  46.130752  47.961281  4.850
 45   -16.619 53789.76206629 17.39  46.129422  47.964521  4.850
 45   -16.629 53789.76206694 17.11  46.128092  47.967771  4.850
 48   -14.904 53894.76212984 46.62  46.131130  47.946625 30.816
 48   -14.933 53894.76213048 46.65  46.129800  47.949865 30.816
 48   -14.794 53894.76213113 47.28  46.128470  47.953105 30.816
 52   -18.786 54034.76216289 49.35  46.130927  47.946878 34.151
 52   -18.640 54034.76216353 50.35  46.129597  47.950128 34.151
 52   -18.740 54034.76216418 49.55  46.128267  47.953368 34.151
 53   -18.282 54069.76215415 29.77  46.138677  47.933854 20.752
 53   -18.269 54069.76215608 26.98  46.134697  47.943584 20.752
 53   -18.378 54069.76215672 24.45  46.133367  47.946834 20.752
 53   -18.477 54069.76215737 21.48  46.132037  47.950074 20.752
 53   -18.374 54069.76215801 17.47  46.130707  47.953314 20.752
 53   -18.854 54069.76215866 17.16  46.129387  47.956554 20.752
 53   -19.316 54069.76215930 18.50  46.128057  47.959804 20.752
 54   -17.564 54104.76210639 19.65  46.148504  47.919240 16.305
 54   -17.701 54104.76210703 24.14  46.147174  47.922480 16.305
 54   -17.888 54104.76210768 32.16  46.145854  47.925720 16.305
 54   -17.581 54104.76210832 28.20  46.144524  47.928970 16.305
 54   -18.157 54104.76210897 28.03  46.143194  47.932210 16.305
 54   -18.010 54104.76210961 24.84  46.141874  47.935450 16.305
 54   -17.964 54104.76211026 28.65  46.140544  47.938690 16.305
 54   -17.810 54104.76211090 28.53  46.139214  47.941940 16.305
 54   -17.920 54104.76211155 27.66  46.137894  47.945180 16.305
 54   -17.886 54104.76211219 21.47  46.136564  47.948430 16.305
 54   -18.291 54104.76211284 22.22  46.135234  47.951670 16.305
 54   -19.035 54104.76211348 24.12  46.133904  47.954910 16.305
 54   -18.907 54104.76211413 24.53  46.132584  47.958150 16.305
 54   -18.855 54104.76211477 27.48  46.131254  47.961400 16.305
 54   -18.374 54104.76211542 28.53  46.129924  47.964640 16.305
 54   -18.105 54104.76211606 27.07  46.128604  47.967880 16.305
 56   -16.571 54174.76208864 50.02  46.139926  47.932765 41.790
 56   -16.478 54174.76208928 53.80  46.138596  47.936015 41.790
 56   -16.467 54174.76209057 52.00  46.135946  47.942495 41.790
 56   -16.502 54174.76209122 53.50  46.134616  47.945745 41.790
 56   -16.515 54174.76209186 52.87  46.133286  47.948985 41.790
 56   -16.388 54174.76209251 54.39  46.131956  47.952225 41.790
 56   -16.329 54174.76209315 53.14  46.130636  47.955465 41.790
 56   -16.455 54174.76209379 47.33  46.129306  47.958715 41.790
 56   -16.459 54174.76209444 49.61  46.127976  47.961955 41.790
 58   -13.907 54244.76212588 16.88  46.129744  47.947541 17.762
 58   -13.763 54244.76212652 15.85  46.128414  47.950781 17.762
 59   -17.955 54279.76213759 22.46  46.129988  47.947786 17.267
 59   -17.344 54279.76213823 18.08  46.128658  47.951026 17.267
 60   -18.023 54314.76213444 48.67  46.138487  47.935540 37.693
 60   -18.020 54314.76213573 51.22  46.135837  47.942030 37.693
 60   -18.051 54314.76213637 53.39  46.134507  47.945270 37.693
 60   -17.951 54314.76213702 53.92  46.133177  47.948520 37.693
 60   -17.967 54314.76213766 51.43  46.131847  47.951760 37.693
 60   -17.937 54314.76213831 49.17  46.130527  47.955000 37.693
 60   -17.877 54314.76213895 50.21  46.129197  47.958250 37.693
 60   -18.016 54314.76213960 47.01  46.127867  47.961490 37.693
 61   -13.001 54349.76210054 21.41  46.147089  47.920292 15.526
 61   -18.142 54349.76210118 31.54  46.145769  47.923532 15.526
 61   -17.980 54349.76210247 26.68  46.143109  47.930022 15.526
 61   -18.307 54349.76210311 26.13  46.141789  47.933262 15.526
 61   -18.294 54349.76210376 24.92  46.140459  47.936502 15.526
 61   -18.324 54349.76210440 25.23  46.139129  47.939752 15.526
 61   -18.115 54349.76210505 26.64  46.137809  47.942992 15.526
 61   -18.045 54349.76210569 24.25  46.136479  47.946232 15.526
 61   -18.185 54349.76210634 22.42  46.135149  47.949482 15.526
 61   -18.067 54349.76210698 19.44  46.133819  47.952722 15.526
 61   -18.260 54349.76210763 17.02  46.132499  47.955962 15.526
 61   -18.476 54349.76210827 16.98  46.131169  47.959212 15.526
 61   -18.464 54349.76210892 15.26  46.129839  47.962452 15.526
 61   -18.416 54349.76210956 15.56  46.128509  47.965692 15.526
 61   -18.272 54349.76211021 16.06  46.127179  47.968942 15.526
 63   -18.774 54419.76205240 29.91  46.140474  47.932042 17.778
 63   -18.192 54419.76205304 25.59  46.139154  47.935282 17.778
 63   -18.385 54419.76205433 29.79  46.136494  47.941772 17.778
 63   -18.154 54419.76205498 25.82  46.135174  47.945012 17.778
 63   -18.647 54419.76205562 30.17  46.133844  47.948262 17.778
 63   -18.567 54419.76205627 22.81  46.132514  47.951502 17.778
 63   -18.658 54419.76205691 20.39  46.131184  47.954742 17.778
 63   -18.787 54419.76205756 15.17  46.129864  47.957982 17.778
 63   -18.814 54419.76205820 14.85  46.128534  47.961232 17.778
 65   -16.399 54489.76205229 26.57  46.140216  47.932252  9.203
 65   -16.424 54489.76205294 26.32  46.138886  47.935502  9.203
 65   -16.407 54489.76205423 26.16  46.136236  47.941982  9.203
 65   -16.417 54489.76205487 26.34  46.134906  47.945222  9.203
 65   -16.445 54489.76205552 26.80  46.133576  47.948472  9.203
 65   -16.600 54489.76205616 25.59  46.132246  47.951712  9.203
 65   -16.649 54489.76205681 25.11  46.130926  47.954952  9.203
 65   -16.592 54489.76205745 25.55  46.129596  47.958202  9.203
 65   -16.433 54489.76205810 24.84  46.128266  47.961442  9.203
 66   -16.889 54524.76205948 31.86  46.129968  47.947105 16.155
 66   -16.753 54524.76206013 30.81  46.128638  47.950355 16.155
 67   -18.496 54559.76206151 30.78  46.140536  47.932331 30.041
 67   -18.382 54559.76206216 33.17  46.139216  47.935571 30.041
 67   -18.511 54559.76206280 36.27  46.137886  47.938811 30.041
 67   -18.385 54559.76206345 37.89  46.136556  47.942061 30.041
 67   -18.576 54559.76206409 40.84  46.135236  47.945301 30.041
 67   -18.488 54559.76206473 40.97  46.133906  47.948541 30.041
 67   -18.257 54559.76206538 38.73  46.132576  47.951791 30.041
 67   -18.617 54559.76206602 32.53  46.131246  47.955031 30.041
 67   -18.631 54559.76206667 33.80  46.129916  47.958271 30.041
 67   -18.501 54559.76206731 30.19  46.128596  47.961521 30.041
 68   -13.087 54594.76205580 36.38  46.130062  47.947214 31.799
 68   -13.085 54594.76205645 35.49  46.128732  47.950464 31.799
 68   -13.066 54594.76205709 37.52  46.127402  47.953704 31.799
 69   -18.071 54629.76206993 48.63  46.130230  47.947354 33.892
 69   -18.005 54629.76207058 52.11  46.128900  47.950604 33.892
 69   -18.065 54629.76207122 48.18  46.127570  47.953844 33.892
 71   -18.387 54699.76204162 34.60  46.149855  47.916756 23.719
 71   -18.508 54699.76204226 39.37  46.148535  47.920006 23.719
 71   -18.142 54699.76204291 41.34  46.147205  47.923246 23.719
 71   -18.147 54699.76204355 39.59  46.145885  47.926486 23.719
 71   -18.468 54699.76204420 38.66  46.144555  47.929726 23.719
 71   -18.371 54699.76204484 35.02  46.143225  47.932976 23.719
 71   -18.440 54699.76204549 35.76  46.141905  47.936216 23.719
 71   -18.546 54699.76204613 32.18  46.140575  47.939456 23.719
 71   -18.467 54699.76204677 32.56  46.139245  47.942706 23.719
 71   -18.490 54699.76204742 30.64  46.137925  47.945946 23.719
 71   -18.373 54699.76204806 29.46  46.136595  47.949186 23.719
 71   -18.510 54699.76204871 31.06  46.135265  47.952436 23.719
 71   -18.502 54699.76204935 21.37  46.133935  47.955676 23.719
 71   -18.483 54699.76205000 20.14  46.132615  47.958916 23.719
 71   -18.395 54699.76205064 30.09  46.131285  47.962166 23.719
 71   -18.369 54699.76205129 27.78  46.129955  47.965406 23.719
 71   -18.425 54699.76205193 19.65  46.128623  47.968650 27.343
 73   -18.658 54769.76202524 26.31  46.138419  47.935408 25.111
 73   -18.765 54769.76202653 28.56  46.135759  47.941898 25.111
 73   -18.711 54769.76202718 25.74  46.134439  47.945138 25.111
 73   -18.714 54769.76202782 25.51  46.133109  47.948378 25.111
 73   -18.472 54769.76202846 21.74  46.131779  47.951628 25.111
 73   -18.865 54769.76202911 17.57  46.130449  47.954868 25.111
 73   -19.097 54769.76202975 18.28  46.129119  47.958108 25.111
 73   -19.245 54769.76203040 13.88  46.127799  47.961358 25.111
 75   -15.016 54839.76202226 32.34  46.131943  47.946570 22.126
 75   -15.169 54839.76202291 30.61  46.130623  47.949810 22.126
 75   -15.151 54839.76202355 27.92  46.129293  47.953060 22.126
 75   -15.128 54839.76202420 27.58  46.127963  47.956300 22.126
 77   -16.760 54909.76202526 26.85  46.140508  47.932464 34.654
 77   -16.628 54909.76202591 39.21  46.139188  47.935704 34.654
 77   -16.559 54909.76202655 50.07  46.137858  47.938954 34.654
 77   -15.980 54909.76202720 46.43  46.136528  47.942194 34.654
 77   -16.543 54909.76202784 36.60  46.135208  47.945434 34.654
 77   -16.504 54909.76202849 36.02  46.133878  47.948674 34.654
 77   -16.618 54909.76202913 39.66  46.132548  47.951924 34.654
 77   -16.484 54909.76202978 37.23  46.131218  47.955164 34.654
 77   -16.434 54909.76203042 42.37  46.129898  47.958404 34.654
 77   -16.533 54909.76203107 38.29  46.128568  47.961654 34.654
 79   -14.272 54979.76204896 21.27  46.129918  47.947107 23.630
 79   -13.876 54979.76204960 17.41  46.128588  47.950357 23.630
 80   -18.460 55014.76205256 42.17  46.130315  47.948425 30.199
 80   -18.301 55014.76205321 37.24  46.128985  47.951675 30.199
 80   -18.338 55014.76205385 42.35  46.127655  47.954915 30.199
 81   -18.431 55049.76204636 32.07  46.131343  47.947812 28.328
 81   -18.467 55049.76204700 34.63  46.130013  47.951062 28.328
 81   -18.240 55049.76204765 32.70  46.128683  47.954302 28.328
 82   -19.320 55084.76200763 23.39  46.149386  47.917087 21.153
 82   -18.766 55084.76200827 23.80  46.148066  47.920337 21.153
 82   -18.279 55084.76200892 28.85  46.146736  47.923577 21.153
 82   -18.161 55084.76200956 33.87  46.145416  47.926817 21.153
 82   -18.177 55084.76201020 25.38  46.144086  47.930067 21.153
 82   -18.185 55084.76201085 23.08  46.142756  47.933307 21.153
 82   -18.388 55084.76201149 24.64  46.141436  47.936547 21.153
 82   -18.374 55084.76201214 29.13  46.140106  47.939797 21.153
 82   -18.467 55084.76201278 31.64  46.138776  47.943037 21.153
 82   -18.383 55084.76201343 33.02  46.137456  47.946277 21.153
 82   -18.180 55084.76201407 38.93  46.136126  47.949517 21.153
 82   -17.766 55084.76201472 32.34  46.134796  47.952767 21.153
 82   -18.560 55084.76201536 25.82  46.133466  47.956007 21.153
 82   -18.431 55084.76201601 28.86  46.132146  47.959257 21.153
 82   -18.404 55084.76201665 35.30  46.130816  47.962497 21.153
 82   -18.391 55084.76201730 24.27  46.129486  47.965737 21.153
 82   -18.393 55084.76201794 26.09  46.128157  47.968982 13.702
 84   -18.515 55154.76197251 33.55  46.133243  47.945311 27.113
 84   -18.772 55154.76197315 27.47  46.131923  47.948551 27.113
 84   -18.937 55154.76197380 25.67  46.130593  47.951801 27.113
 84   -18.656 55154.76197444 26.86  46.129263  47.955041 27.113
 84   -18.707 55154.76197509 41.70  46.127933  47.958281 27.113
 86   -15.669 55224.76197270 26.43  46.132319  47.947080 13.498
 86   -15.917 55224.76197334 22.37  46.130999  47.950320 13.498
 86   -16.031 55224.76197398 23.46  46.129669  47.953570 13.498
 86   -16.198 55224.76197463 23.24  46.128339  47.956810 13.498
 87   -16.019 55259.76196352 30.48  46.130602  47.947361 13.088
 87   -16.196 55259.76196416 30.19  46.129272  47.950611 13.088
 88   -13.118 55294.76195364 19.87  46.146670  47.919815 20.537
 88   -18.696 55294.76195622 25.25  46.141360  47.932795 20.537
 88   -18.674 55294.76195687 26.87  46.140040  47.936035 20.537
 88   -18.407 55294.76195751 29.75  46.138710  47.939275 20.537
 88   -18.579 55294.76195816 29.01  46.137380  47.942525 20.537
 88   -18.650 55294.76195880 29.81  46.136060  47.945765 20.537
 88   -18.489 55294.76195945 30.40  46.134730  47.949005 20.537
 88   -18.597 55294.76196009 25.24  46.133400  47.952255 20.537
 88   -18.836 55294.76196074 19.39  46.132070  47.955495 20.537
 88   -19.183 55294.76196138 17.21  46.130750  47.958735 20.537
 88   -19.169 55294.76196203 16.43  46.129420  47.961985 20.537
 88   -19.143 55294.76196267 17.64  46.128090  47.965225 20.537
 88   -19.050 55294.76196331 17.04  46.126759  47.968467  6.097
 90   -18.676 55364.76193729 46.20  46.138699  47.935518 28.538
 90   -18.793 55364.76193858 31.10  46.136039  47.942008 28.538
 90   -18.745 55364.76193922 30.08  46.134709  47.945248 28.538
 90   -18.695 55364.76193987 26.51  46.133389  47.948488 28.538
 90   -18.864 55364.76194051 28.25  46.132059  47.951738 28.538
 90   -18.857 55364.76194116 22.74  46.130729  47.954978 28.538
 90   -18.589 55364.76194180 23.09  46.129399  47.958218 28.538
 90   -18.672 55364.76194244 31.97  46.128079  47.961468 28.538
 92   -19.117 55434.76195535 42.46  46.135607  47.942391 31.543
 92   -19.041 55434.76195600 37.25  46.134277  47.945631 31.543
 92   -18.789 55434.76195664 32.26  46.132957  47.948871 31.543
 92   -19.008 55434.76195729 26.21  46.131627  47.952121 31.543
 92   -19.280 55434.76195793 22.22  46.130297  47.955361 31.543
 92   -19.058 55434.76195858 30.52  46.128967  47.958601 31.543
 92   -19.053 55434.76195922 35.17  46.127637  47.961851 31.543
 93   -19.637 55469.76190396 21.04  46.152160  47.914564 19.842
 93   -19.445 55469.76190461 21.40  46.150830  47.917804 19.842
 93   -19.279 55469.76190525 25.04  46.149510  47.921054 19.842
 93   -19.173 55469.76190590 27.57  46.148180  47.924294 19.842
 93   -19.043 55469.76190654 26.20  46.146860  47.927534 19.842
 93   -19.257 55469.76190719 23.42  46.145530  47.930784 19.842
 93   -19.343 55469.76190783 27.39  46.144200  47.934024 19.842
 93   -19.170 55469.76190848 27.94  46.142880  47.937264 19.842
 93   -19.336 55469.76190912 28.35  46.141550  47.940514 19.842
 93   -19.108 55469.76190977 32.80  46.140220  47.943754 19.842
 93   -19.253 55469.76191041 35.02  46.138900  47.946994 19.842
 93   -19.249 55469.76191106 33.45  46.137570  47.950234 19.842
 93   -18.877 55469.76191170 27.07  46.136240  47.953484 19.842
 93   -19.508 55469.76191235 16.84  46.134920  47.956724 19.842
 93   -19.598 55469.76191299 17.62  46.133590  47.959964 19.842
 93   -19.581 55469.76191363 15.97  46.132260  47.963214 19.842
 93   -19.620 55469.76191428 18.16  46.130930  47.966454 19.842
 93   -19.572 55469.76191492 21.06  46.129602  47.969698  6.920
