-209896.935   145.882     0.00    5.47
-209521.349   144.076    -4.81    5.85
-209145.811   141.772    -6.14    5.20
-208770.324   141.146    -1.67    4.27
-208394.886   141.828     1.82    3.58
-208019.498   143.935     5.62    3.46
-207644.159   146.866     7.81    3.45
-207268.869   149.458     6.91    4.22
-206893.630   152.486     8.07    4.03
-206518.439   154.397     5.10    2.86
-206143.298   156.587     5.84    2.95
-205768.207   157.921     3.56    3.39
-205393.164   159.286     3.64    3.49
-205018.171   160.069     2.09    3.58
-204643.228   160.023    -0.12    4.17
-204268.334   158.444    -4.21    5.34
-203893.489   154.443   -10.68    8.15
-203518.693   148.382   -16.18   10.09
-203143.947   142.632   -15.35    9.74
-202769.250   138.866   -10.05    8.29
-202394.602   138.794    -0.19    8.07
-202020.003   142.529     9.97    8.55
-201645.454   145.985     9.23    6.19
-201270.953   147.527     4.12    5.61
-200896.502   146.096    -3.82    7.23
-200522.100   142.087   -10.71    8.60
-200147.747   136.826   -14.06   10.13
-199773.443   131.988   -12.93   10.72
-199399.189   128.444    -9.47    8.57
-199024.983   127.182    -3.37    7.05
-198650.826   127.412     0.62    6.38
-198276.718   128.120     1.89    6.67
-197902.659   130.501     6.37    7.33
-197528.650   132.474     5.28    7.20
-197154.689   133.489     2.72    6.36
-196780.777   132.731    -2.03    6.12
-196406.914   130.073    -7.11    7.45
-196033.099   127.698    -6.35    7.66
-195659.334   126.471    -3.28    8.10
-195285.618   125.821    -1.74    8.30
-194911.950   124.905    -2.45    7.51
-194538.331   121.751    -8.44    8.45
-194164.761   117.135   -12.36    9.50
-193791.239   110.755   -17.09    8.88
-193417.767   106.520   -11.34    7.96
-193044.343   104.028    -6.68    7.53
-192670.967   104.397     0.99    8.09
-192297.641   106.897     6.70    8.76
-191924.363   111.398    12.06    8.77
-191551.134   116.220    12.92    8.54
-191177.953   120.236    10.77    7.74
-190804.821   121.212     2.62    6.68
-190431.737   119.089    -5.69    7.75
-190058.702   116.215    -7.71    8.44
-189685.716   111.882   -11.62    9.15
-189312.778   108.274    -9.68   10.04
-188939.888   104.182   -10.98   10.79
-188567.048   100.874    -8.87   11.49
-188194.255    96.397   -12.01   11.69
-187821.511    92.223   -11.20   12.61
-187448.815    87.058   -13.86   13.31
-187076.168    83.069   -10.71   12.87
-186703.569    78.048   -13.48   13.07
-186331.018    72.715   -14.32   11.49
-185958.516    67.690   -13.49    8.78
-185586.062    63.365   -11.62    4.47
-185213.657    61.874    -4.00    1.61
-184841.299    61.412    -1.24    1.62
-184468.990    61.135    -0.74    1.69
-184096.729    61.120    -0.04    1.64
-183724.516    61.274     0.41    2.02
-183352.352    61.904     1.69    2.49
-182980.236    61.889    -0.04    2.54
-182608.167    61.821    -0.18    2.39
-182236.147    61.366    -1.22    2.53
-181864.175    60.957    -1.10    2.55
-181492.252    61.236     0.75    3.21
-181120.376    62.323     2.92    4.57
-180748.548    63.778     3.92    6.74
-180376.768    67.086     8.90    9.38
-180005.037    70.640     9.56   11.42
-179633.353    72.735     5.64   12.67
-179261.717    74.175     3.88   12.35
-178890.130    70.791    -9.11   12.23
-178518.590    65.913   -13.13   11.12
-178147.098    61.551   -11.74    8.13
-177775.654    58.685    -7.72    3.98
-177404.258    58.396    -0.78    2.00
-177032.909    59.043     1.74    1.96
-176661.609    59.319     0.74    1.78
-176290.356    59.305    -0.04    1.89
-175919.151    59.258    -0.12    1.92
-175547.994    59.262     0.01    1.78
-175176.885    59.556     0.79    2.61
-174805.823    60.975     3.83    4.61
-174434.809    62.640     4.49    5.99
-174063.843    64.553     5.16    6.68
-173692.925    64.736     0.49    7.25
-173322.054    63.058    -4.53    6.27
-172951.231    61.140    -5.17    4.67
-172580.455    58.612    -6.82    2.71
-172209.727    57.204    -3.80    2.37
-171839.047    56.427    -2.10    2.33
-171468.414    56.461     0.09    3.04
-171097.828    57.260     2.16    4.05
-170727.291    57.991     1.97    4.16
-170356.800    58.551     1.51    3.76
-169986.358    59.210     1.78    3.76
-169615.962    59.182    -0.08    3.77
-169245.614    59.307     0.34    3.77
-168875.314    59.228    -0.21    3.71
-168505.061    59.289     0.17    3.69
-168134.855    59.225    -0.17    4.06
-167764.697    59.674     1.21    4.32
-167394.586    60.607     2.52    5.14
-167024.522    61.396     2.13    6.15
-166654.506    62.620     3.31    6.61
-166284.537    63.494     2.36    6.58
-165914.615    64.817     3.58    7.27
-165544.740    66.235     3.83    7.93
-165174.913    66.582     0.94    7.57
-164805.133    68.444     5.04    7.83
-164435.400    70.464     5.46    9.26
-164065.714    72.366     5.15   10.63
-163696.076    74.350     5.37   11.28
-163326.484    75.609     3.41   12.86
-162956.940    77.505     5.13   14.67
-162587.443    77.243    -0.71   14.14
-162217.992    77.413     0.46   14.21
-161848.589    75.643    -4.79   13.07
-161479.233    74.033    -4.36   12.08
-161109.924    73.228    -2.18   10.97
-160740.662    72.225    -2.72   10.42
-160371.447    71.096    -3.06   11.05
-159998.628    70.828    -0.72   11.66
-159619.827    71.763     2.47   13.45
-159241.075    74.043     6.02   15.70
-158862.373    77.011     7.84   16.69
-158483.720    79.382     6.26   16.10
-158105.117    75.413   -10.48   18.05
-157726.564    66.397   -23.82   18.77
-157348.060    58.770   -20.15   16.91
-156969.606    53.643   -13.55   12.12
-156591.201    48.720   -13.01    1.95
-156212.846    48.234    -1.28    2.26
-155834.540    47.624    -1.61    2.03
-155456.284    47.201    -1.12    1.70
-155078.077    47.882     1.80    1.68
-154699.919    49.022     3.02    1.38
-154321.811    49.553     1.41    1.25
-153943.753    49.997     1.17    1.31
-153565.743    50.429     1.14    1.35
-153187.783    50.808     1.00    1.46
-152809.873    51.301     1.30    1.46
-152432.011    51.921     1.64    1.24
-152054.199    52.443     1.38    1.27
-151676.437    53.079     1.68    1.30
-151298.723    53.551     1.25    1.19
-150921.059    53.951     1.06    1.58
-150543.443    55.225     3.38    2.10
-150165.877    56.444     3.23    2.51
-149788.361    58.247     4.78    2.45
-149410.893    59.832     4.20    2.07
-149033.474    61.169     3.55    2.06
-148656.105    62.349     3.13    1.75
-148278.784    63.058     1.88    1.77
-147901.513    64.197     3.02    1.78
-147524.291    65.058     2.28    1.71
-147147.117    65.889     2.20    1.75
-146769.993    66.913     2.71    1.68
-146392.918    68.064     3.05    1.51
-146015.891    69.204     3.02    1.60
-145638.914    70.602     3.71    2.15
-145261.985    72.572     5.23    3.15
-144885.105    75.028     6.52    3.78
-144508.275    77.969     7.81    3.99
-144131.493    80.585     6.94    3.84
-143754.759    82.828     5.95    4.28
-143378.075    84.509     4.46    4.57
-143001.439    85.897     3.69    4.06
-142624.853    87.398     3.99    4.14
-142248.315    88.889     3.96    4.02
-141871.825    91.204     6.15    4.90
-141495.385    94.128     7.77    5.48
-141118.993    97.428     8.77    5.39
-140742.650   100.274     7.56    4.78
-140366.355   102.928     7.06    3.19
-139990.109   104.412     3.94    2.73
-139613.912   105.576     3.09    3.03
-139237.763   106.624     2.79    3.24
-138861.663   107.978     3.60    3.37
-138485.611   108.906     2.47    3.44
-138109.608   109.897     2.63    3.93
-137733.653   111.398     3.99    3.52
-137357.747   112.120     1.92    2.73
-136981.889   111.710    -1.09    2.92
-136606.080   109.477    -5.94    4.47
-136230.319   105.427   -10.78    5.78
-135854.607   101.785    -9.70    5.68
-135478.943    99.594    -5.83    5.69
-135103.327    99.048    -1.45    5.95
-134727.760   100.107     2.82    5.67
-134352.241   100.778     1.79    4.82
-133976.770    99.322    -3.88    4.72
-133601.348    96.382    -7.83    5.49
-133225.974    93.163    -8.58    4.85
-132850.648    91.585    -4.21    3.16
-132475.370    92.553     2.58    4.13
-132100.141    97.609    13.47    7.26
-131724.959   103.588    15.94    7.79
-131349.826   109.647    16.15    7.06
-130974.741   114.188    12.11    4.50
-130599.705   115.551     3.63    2.97
-130224.716   114.527    -2.73    4.42
-129849.775   111.048    -9.28    6.18
-129474.883   106.715   -11.56    6.15
-129100.038   103.982    -7.29    6.70
-128725.242   102.382    -4.27    7.28
-128350.493   101.797    -1.56    8.27
-127975.793   100.135    -4.43    8.17
-127601.140    97.812    -6.20    7.05
-127226.536    96.143    -4.46    4.64
-126851.979    96.575     1.15    3.73
-126477.470    99.293     7.26    5.00
-126103.010   103.382    10.92    5.80
-125728.597   107.505    11.01    6.58
-125354.232   111.921    11.80    5.95
-124979.914   115.751    10.23    5.01
-124605.645   118.874     8.35    4.13
-124231.423   121.154     6.09    3.55
-123857.249   123.012     4.97    3.43
-123483.123   123.159     0.39    4.11
-123109.045   122.569    -1.58    4.97
-122735.014   121.582    -2.64    5.81
-122361.031   120.382    -3.21    6.49
-121987.096   120.269    -0.30    6.92
-121613.208   121.842     4.21    6.59
-121239.368   123.632     4.79    5.91
-120865.576   124.597     2.58    4.66
-120491.831   124.612     0.04    4.42
-120118.134   123.053    -4.17    7.68
-119744.484   119.305   -10.03   12.19
-119370.882   118.207    -2.94   13.97
-118997.328   119.889     4.50   13.71
-118623.820   123.382     9.35   10.93
-118250.361   125.491     5.65    6.74
-117876.949   123.005    -6.66    7.72
-117503.584   117.022   -16.02    9.59
-117130.267   109.265   -20.78    9.77
-116756.997   102.249   -18.80   11.37
-116383.774    95.085   -19.20   11.30
-116010.599    91.085   -10.72   10.20
-115637.471    89.429    -4.44   11.08
-115264.391    89.966     1.44   11.65
-114891.358    88.566    -3.75   11.13
-114518.372    86.223    -6.28    9.55
-114145.433    80.350   -15.75   11.08
-113772.542    72.788   -20.28   11.68
-113399.698    64.695   -21.71   11.45
-113026.901    58.048   -17.83    9.58
-112654.152    52.658   -14.46    9.66
-112281.449    48.086   -12.27    7.54
-111908.794    45.444    -7.09    6.50
-111536.185    44.978    -1.25    8.25
-111163.624    48.715    10.03   12.86
-110791.110    54.366    15.17   16.80
-110418.643    59.843    14.71   18.76
-110046.224    62.725     7.74   19.30
-109673.851    62.935     0.56   19.12
-109301.525    57.397   -14.88   17.78
-108929.246    53.382   -10.79   14.87
-108557.014    49.270   -11.05   11.49
-108184.829    45.350   -10.54    9.26
-107812.691    41.793    -9.56    7.03
-107440.600    39.032    -7.42    5.36
-107068.556    36.741    -6.16    4.28
-106696.559    35.464    -3.43    2.94
-106324.609    35.147    -0.85    2.74
-105952.705    35.043    -0.28    2.72
-105580.849    35.074     0.08    2.53
-105209.039    34.826    -0.67    2.68
-104837.276    34.678    -0.40    2.71
-104465.560    34.913     0.63    2.82
-104093.890    35.305     1.05    2.85
-103722.267    35.505     0.54    2.76
-103350.691    35.414    -0.24    2.70
-102979.162    35.163    -0.68    2.92
-102607.679    35.493     0.89    3.41
-102236.243    35.543     0.14    4.07
-101864.854    35.478    -0.18    4.21
-101493.511    34.930    -1.48    3.51
-101122.215    35.648     1.93    4.11
-100750.965    37.033     3.73    5.20
-100379.762    38.748     4.62    5.86
-100008.606    40.132     3.73    5.87
 -99637.496    40.477     0.93    5.81
 -99266.433    41.147     1.81    5.19
 -98895.416    41.166     0.05    5.40
 -98524.445    41.991     2.22    7.20
 -98153.521    45.678     9.94    9.61
 -97782.644    50.461    12.90   10.87
 -97411.813    55.241    12.89   11.15
 -97041.028    59.350    11.08   10.86
 -96670.289    60.582     3.32   10.33
 -96299.597    60.991     1.10    9.64
 -95928.952    60.969    -0.06    9.02
 -95558.352    61.543     1.55    9.74
 -95187.799    65.352    10.28   10.13
 -94817.293    69.482    11.15   10.26
 -94446.832    72.882     9.18   10.17
 -94076.418    76.103     8.70    9.89
 -93706.050    79.741     9.82    8.14
 -93335.728    82.398     7.17    7.80
 -92965.453    84.912     6.79    7.20
 -92595.223    88.826    10.57    6.91
 -92225.040    92.540    10.03    7.30
 -91854.903    98.616    16.42    6.73
 -91484.812   103.163    12.29    6.38
 -91114.767   108.258    13.77    4.98
 -90744.768   112.159    10.54    5.24
 -90374.815   116.763    12.44    6.00
 -90004.909   120.751    10.78    6.77
 -89635.048   124.228     9.40    6.69
 -89265.233   126.720     6.74    6.59
 -88895.465   127.272     1.49    6.40
 -88525.742   127.285     0.03    6.90
 -88156.065   125.788    -4.05    7.47
 -87786.434   124.300    -4.03    8.17
 -87416.850   123.022    -3.46    8.82
 -87047.311   121.168    -5.02    9.48
 -86677.817   116.913   -11.52   10.94
 -86308.370   111.398   -14.93   11.67
 -85938.969   103.337   -21.82   14.72
 -85569.613    93.011   -27.96   16.32
 -85198.029    82.191   -29.12   18.28
 -84819.329    70.429   -31.06   20.77
 -84440.677    62.028   -22.19   22.87
 -84062.074    55.151   -18.17   22.63
 -83683.519    52.882    -5.99   20.58
 -83305.012    51.477    -3.71   17.86
 -82926.554    50.054    -3.76   15.03
 -82548.144    48.264    -4.73   11.55
 -82169.782    44.778    -9.21    8.00
 -81791.468    42.038    -7.24    5.65
 -81413.202    39.720    -6.13    3.70
 -81034.985    39.458    -0.69    4.00
 -80656.816    39.751     0.77    4.75
 -80278.695    42.350     6.87    5.27
 -79900.622    45.591     8.57    6.16
 -79522.597    50.882    14.00    9.64
 -79144.621    58.624    20.49   12.89
 -78766.692    67.962    24.71   13.53
 -78388.812    75.522    20.01   13.71
 -78010.979    79.741    11.17   13.33
 -77633.195    81.731     5.27   13.21
 -77255.459    81.412    -0.84   12.73
 -76877.770    81.682     0.71   10.88
 -76500.130    80.604    -2.85    9.39
 -76122.537    77.955    -7.01   10.12
 -75744.993    73.600   -11.54   11.90
 -75367.496    67.022   -17.43   11.61
 -74990.047    63.710    -8.78    9.16
 -74612.646    65.475     4.68    8.46
 -74235.293    70.301    12.79    9.63
 -73857.988    76.210    15.66    7.25
 -73480.730    77.032     2.18    8.25
 -73103.520    70.889   -16.28   12.50
 -72726.358    61.201   -25.69   14.28
 -72349.244    53.889   -19.39   12.39
 -71972.178    50.053   -10.17    8.36
 -71595.159    51.397     3.56    8.76
 -71218.188    56.413    13.31   10.44
 -70841.265    61.429    13.31   10.06
 -70464.389    67.100    15.05   10.96
 -70087.561    72.198    13.53   10.49
 -69710.780    76.563    11.59   10.06
 -69334.047    81.201    12.31    9.07
 -68957.362    84.022     7.49    9.03
 -68580.724    87.207     8.46    8.01
 -68204.134    89.350     5.69    7.59
 -67827.591    91.069     4.57    7.46
 -67451.096    92.445     3.65    6.97
 -67074.648    94.694     5.97    6.55
 -66698.247    97.448     7.32    6.16
 -66321.895   100.806     8.92    6.38
 -65945.589   105.119    11.46    5.76
 -65569.331   109.445    11.50    5.88
 -65193.120   111.032     4.22    7.00
 -64816.957   108.236    -7.43   12.65
 -64440.841   103.350   -12.99   15.78
 -64064.772    97.842   -14.65   16.19
 -63688.751    93.303   -12.07   14.23
 -63312.777    84.021   -24.69   18.29
 -62936.850    70.720   -35.38   20.28
 -62560.970    62.195   -22.68   14.17
 -62185.138    64.128     5.14   14.39
 -61809.353    72.462    22.18   15.57
 -61433.615    80.616    21.70   14.34
 -61057.924    89.520    23.70   11.58
 -60682.280    94.607    13.54   10.90
 -60306.684   100.178    14.83    8.34
 -59931.134   103.636     9.21    5.42
 -59555.632   104.911     3.40    3.21
 -59180.177   102.715    -5.85    4.75
 -58804.768    96.898   -15.50    9.32
 -58429.407    90.972   -15.79    9.01
 -58054.093    87.951    -8.05    7.53
 -57678.826    90.366     6.44    9.30
 -57303.606    98.493    21.66   10.36
 -56928.432   107.132    23.03    8.87
 -56553.306   113.112    15.94    7.04
 -56178.227   117.966    12.94    4.97
 -55803.194   119.478     4.03    4.94
 -55428.209   118.430    -2.80    5.84
 -55053.270   116.482    -5.20    6.59
 -54678.378   115.412    -2.85    5.56
 -54303.533   111.914    -9.33    7.48
 -53928.735   103.935   -21.29   13.96
 -53553.983    89.620   -38.20   20.54
 -53179.279    71.678   -47.88   23.28
 -52804.621    58.632   -34.83   16.72
 -52430.009    55.960    -7.13   13.23
 -52055.445    62.241    16.77   15.83
 -51680.927    73.562    30.23   12.82
 -51306.456    83.043    25.32   10.03
 -50932.031    90.182    19.07    7.51
 -50557.654    94.772    12.26    8.92
 -50183.322   100.204    14.51    9.80
 -49809.038   105.460    14.04    9.50
 -49434.800   109.085     9.69    8.58
 -49060.608   111.335     6.02    7.92
 -48686.463   108.159    -8.49   11.29
 -48312.365   105.588    -6.87   12.72
 -47938.313   107.569     5.30   14.80
 -47564.308   112.769    13.90   17.81
 -47190.349   124.366    31.01   17.23
 -46816.436   136.965    33.70   12.22
 -46442.570   145.172    21.95    8.22
 -46068.751   149.220    10.83    6.25
 -45694.977   150.720     4.01    4.60
 -45321.251   146.462   -11.39    9.14
 -44947.570   138.191   -22.14   14.55
 -44573.936   123.460   -39.43   19.19
 -44200.348   112.335   -29.78   18.68
 -43826.806   102.678   -25.85   15.36
 -43453.311    95.350   -19.62   17.02
 -43079.862    87.188   -21.86   20.50
 -42706.459    83.798    -9.08   22.47
 -42333.103    77.321   -17.35   19.99
 -41959.793    71.314   -16.09   15.63
 -41586.529    67.159   -11.13   12.46
 -41213.311    67.898     1.98   11.88
 -40840.139    72.428    12.14   13.46
 -40467.013    80.575    21.83   10.81
 -40093.934    86.366    15.52    6.37
 -39720.900    87.715     3.62    6.95
 -39347.913    87.651    -0.17    7.56
 -38974.972    87.303    -0.93    7.92
 -38602.076    87.832     1.42    7.83
 -38229.227    85.556    -6.10   10.56
 -37856.424    80.754   -12.88   13.63
 -37483.667    70.573   -27.32   17.68
 -37110.955    60.515   -26.99   17.11
 -36738.290    50.511   -26.85   15.58
 -36365.671    44.070   -17.29   10.74
 -35993.097    42.913    -3.11    9.35
 -35620.570    43.763     2.28   12.78
 -35248.088    52.080    22.33   19.02
 -34875.652    65.027    34.76   27.11
 -34503.262    78.810    37.01   32.94
 -34130.918    94.382    41.82   32.77
 -33758.620   102.462    21.71   29.82
 -33386.367    99.048    -9.17   26.39
 -33014.160    84.218   -39.85   29.24
 -32641.999    62.624   -58.02   30.59
 -32269.884    44.848   -47.77   22.78
 -31897.815    32.817   -32.34   13.66
 -31525.791    25.250   -20.34    4.71
 -31153.812    23.225    -5.44    5.32
 -30781.880    18.898   -11.64    6.40
 -30409.993    13.975   -13.24    6.69
 -30038.152     9.591   -11.79    4.84
 -29666.356     7.413    -5.86    2.97
 -29294.606     6.966    -1.20    2.46
 -28922.902     6.850    -0.31    2.32
 -28551.243     7.116     0.71    2.35
 -28179.629     6.493    -1.68    2.80
 -27808.061     5.194    -3.50    3.08
 -27436.539     3.632    -4.21    3.42
 -27065.062     2.135    -4.03    3.06
 -26693.630     0.948    -3.20    1.36
 -26322.244     0.640    -0.83    0.96
 -25950.904    15.201    39.21   37.86
 -25579.609    47.413    86.76   64.85
 -25208.359    85.172   101.71   76.86
 -24837.154    97.143    32.25   66.86
 -24465.995   100.317     8.55   61.67
 -24094.882   103.688     9.08   60.86
 -23723.813   124.969    57.35   61.84
 -23352.790   141.778    45.31   58.75
 -22981.812   157.572    42.57   45.45
 -22610.880   170.865    35.84   40.77
 -22239.992   186.585    42.38   38.53
 -21869.150   194.865    22.33   35.68
 -21498.353   210.930    43.33   28.61
 -21127.602   223.298    33.36   20.30
 -20756.895   222.079    -3.29   17.35
 -20386.234   221.229    -2.29   16.78
 -20015.618   215.753   -14.78   17.74
 -19645.047   211.890   -10.42   17.70
 -19274.521   216.745    13.10   16.27
 -18904.040   218.591     4.98   12.42
 -18533.604   215.445    -8.49   10.55
 -18163.213   208.624   -18.42   12.49
 -17792.867   198.937   -26.16   16.26
 -17422.567   190.413   -23.02   15.35
 -17052.311   187.349    -8.27   15.15
 -16682.100   189.663     6.25   14.73
 -16311.934   195.124    14.75   12.41
 -15941.813   197.016     5.11   11.32
 -15571.737   196.448    -1.54    9.84
 -15201.706   193.937    -6.79    9.26
 -14831.720   187.915   -16.28   13.13
 -14461.779   175.471   -33.64   19.76
 -14091.883   162.265   -35.70   20.37
 -13722.031   151.086   -30.22   18.56
 -13352.224   143.232   -21.24   15.43
 -12982.462   136.791   -17.42   15.04
 -12612.745   132.753   -10.92   15.37
 -12243.073   128.075   -12.65   15.65
 -11873.445   124.509    -9.65   14.63
 -11503.862   120.819    -9.98   13.50
 -11134.324   112.890   -21.46   12.46
 -10764.831   101.975   -29.54   15.45
 -10394.338    87.624   -38.74   19.61
 -10015.739    74.349   -35.06   21.30
  -9637.187    55.493   -49.81   25.43
  -9258.682    36.865   -49.21   23.64
  -8880.224    21.742   -39.96   15.11
  -8501.813    13.932   -20.64    4.44
  -8123.449    11.678    -5.95    1.59
  -7745.133    11.096    -1.54    1.42
  -7366.863    11.239     0.38    1.41
  -6988.640    11.731     1.30    3.87
  -6610.464    11.218    -1.36    5.65
  -6232.335     9.321    -5.02    6.64
  -5854.253     6.761    -6.77    6.05
  -5476.218     5.086    -4.43    2.67
  -5098.230     5.782     1.84    2.93
  -4720.289     5.810     0.08    2.52
  -4342.395     5.944     0.35    2.40
  -3964.547     5.833    -0.29    2.24
  -3586.746     5.763    -0.19    1.92
  -3208.992     5.559    -0.54    2.14
  -2831.285     5.927     0.97    2.33
  -2453.625     6.280     0.93    2.41
  -2076.011     6.223    -0.15    2.18
  -1698.444     6.333     0.29    2.04
  -1320.923     6.059    -0.73    2.19
   -943.450     4.969    -2.89    2.87
   -566.023     3.445    -4.04    3.43
   -188.643     1.413    -5.38    3.10
    188.691    -0.418    -4.85    0.90
    565.978     0.382     2.12    3.04
    943.219     2.119     4.61    4.27
   1320.413     3.477     3.60    4.23
   1697.560     4.494     2.70    3.96
   2074.661     4.962     1.24    3.58
   2451.715     4.991     0.08    3.53
   2828.723     5.624     1.68    3.63
   3205.684     6.069     1.18    3.01
   3582.599     6.282     0.56    2.56
   3959.468     6.091    -0.51    2.12
   4336.290     5.660    -1.14    2.13
   4713.065     5.778     0.31    2.28
   5089.795     6.085     0.81    2.45
   5466.478     6.163     0.21    2.50
   5843.114     6.429     0.71    2.50
   6219.704     6.148    -0.75    2.85
   6596.248     6.260     0.30    3.11
   6972.746     6.332     0.19    2.91
   7349.197     6.011    -0.85    2.83
   7725.602     5.565    -1.18    2.66
   8101.961     5.223    -0.91    2.55
   8478.274     6.159     2.49    3.42
   8854.540     8.445     6.07    5.45
   9230.761    11.429     7.93    6.79
   9606.935    13.923     6.63    7.60
   9983.063    16.305     6.33    7.27
  10359.144    18.295     5.29    6.22
  10735.180    20.152     4.94    4.84
  11111.170    21.721     4.17    3.80
  11487.113    22.858     3.02    3.73
  11863.011    24.906     5.45    3.78
  12238.862    26.709     4.80    3.89
  12614.668    29.286     6.86    6.26
  12990.427    31.930     7.04    6.82
  13366.141    35.007     8.19    7.77
  13741.808    37.704     7.18    8.55
  14117.430    40.054     6.26    9.77
  14493.006    43.315     8.68   11.05
  14868.535    46.225     7.75   12.66
  15244.019    48.833     6.95   13.72
  15619.457    48.842     0.02   12.61
  15994.849    48.850     0.02   11.87
  16370.196    46.382    -6.58   10.98
  16745.496    43.461    -7.78    9.91
  17120.751    40.086    -8.99    8.37
  17495.960    39.672    -1.10    7.50
  17871.123    42.148     6.60    9.01
  18246.240    46.640    11.97    9.80
  18621.312    51.624    13.29    9.61
  18996.338    54.772     8.40    8.88
  19371.318    58.128     8.95    7.86
  19746.253    60.475     6.26    7.21
  20121.142    62.143     4.45    5.96
  20495.985    63.672     4.08    5.71
  20870.783    67.178     9.36    6.64
  21245.535    71.282    10.95    7.67
  21620.242    76.267    13.30    7.59
  21994.903    82.636    17.00    7.56
  22369.518    89.022    17.05    7.30
  22744.088    95.124    16.29    7.11
  23118.612   100.303    13.83    6.20
  23493.091   103.656     8.95    4.00
  23867.525   104.397     1.98    2.74
  24241.913   102.946    -3.88    3.29
  24616.255   100.248    -7.21    3.68
  24990.552    98.080    -5.79    4.24
  25364.804    96.657    -3.80    4.76
  25739.010    96.725     0.18    4.63
  26113.171    97.416     1.85    4.44
  26487.287    98.636     3.26    4.04
  26861.357   100.185     4.14    3.22
  27235.382   101.027     2.25    2.57
  27609.362   101.460     1.16    3.34
  27983.296   101.962     1.34    4.59
  28357.186   102.319     0.95    6.44
  28731.030   101.769    -1.47    8.65
  29104.828   102.413     1.72    8.06
  29478.582   102.958     1.46    5.93
  29852.290   102.054    -2.42    4.77
  30225.953    98.532    -9.43    5.51
  30599.571    91.897   -17.76    9.15
  30973.144    81.785   -27.07   13.13
  31346.672    71.921   -26.41   15.44
  31720.154    59.091   -34.35   15.46
  32093.592    50.753   -22.33   14.81
  32466.984    45.826   -13.19   14.01
  32840.332    44.978    -2.27   15.40
  33213.634    45.522     1.46   16.80
  33586.892    45.172    -0.94   18.32
  33960.104    42.253    -7.82   17.86
  34333.272    40.726    -4.09   17.67
  34706.394    38.446    -6.11   17.68
  35079.472    33.172   -14.14   17.48
  35452.504    28.699   -11.99   14.98
  35825.492    23.672   -13.48   12.92
  36198.435    18.985   -12.57   10.56
  36571.333    14.688   -11.52    7.38
  36944.186    11.972    -7.28    4.54
  37316.994    10.540    -3.84    1.87
  37689.758    11.890     3.62    2.25
  38062.476    12.953     2.85    2.64
  38435.150    14.468     4.06    2.52
  38807.779    16.021     4.17    2.08
  39180.364    17.175     3.10    2.40
  39552.903    18.858     4.52    3.60
  39925.398    21.611     7.39    4.62
  40297.849    25.604    10.72    5.89
  40670.254    31.462    15.73    7.49
  41042.615    38.070    17.75    9.94
  41414.931    47.591    25.57   13.20
  41787.203    58.124    28.29   15.24
  42159.430    71.334    35.49   15.97
  42531.613    80.693    25.15   12.78
  42903.750    86.772    16.34    8.34
  43275.844    89.721     7.92    6.49
  43647.893    91.168     3.89    6.19
  44019.897    92.175     2.70    5.15
  44391.857    92.836     1.78    5.11
  44763.772    93.670     2.24    5.80
  45135.643    90.969    -7.26    8.76
  45507.469    87.882    -8.30    9.53
  45879.251    84.939    -7.91    9.43
  46250.989    83.946    -2.67    7.79
  46622.682    86.775     7.61    7.69
  46994.330    91.239    12.01    9.26
  47365.935    97.001    15.50   10.58
  47737.495   103.794    18.28    9.99
  48109.011   110.027    16.77    9.70
  48480.482   115.969    16.00    7.96
  48851.909   120.232    11.48    5.35
  49223.292   123.302     8.27    4.35
  49594.630   124.830     4.11    4.94
  49965.925   125.865     2.79    5.25
  50337.175   126.285     1.13    5.35
  50708.381   125.683    -1.62    5.34
  51079.542   122.720    -7.98    6.54
  51450.660   118.207   -12.16    8.33
  51821.733   112.286   -15.95   10.16
  52192.762   104.255   -21.65   12.18
  52563.748    99.096   -13.90    8.73
  52934.689    98.414    -1.84    6.89
  53305.585   101.677     8.80    8.46
  53676.438   108.246    17.71    8.49
  54047.247   113.175    13.29    6.73
  54418.012   115.110     5.22    4.37
  54788.732   112.028    -8.31    7.29
  55159.409   107.330   -12.67    7.67
  55530.042   105.119    -5.96    7.05
  55900.631   104.704    -1.12    8.82
  56271.175   107.445     7.40    9.82
  56641.676   110.948     9.45    8.02
  57012.133   112.636     4.55    4.89
  57382.546   112.091    -1.47    4.65
  57752.915   110.562    -4.13    5.60
  58123.241   107.775    -7.53    6.55
  58493.522   105.005    -7.48    7.61
  58863.760   101.096   -10.56    8.31
  59233.954    99.688    -3.80    7.95
  59604.104    98.032    -4.47    7.75
  59974.210    96.656    -3.72    7.32
  60344.272    92.091   -12.33    8.58
  60714.291    82.726   -25.31   12.38
  61084.266    71.874   -29.33   13.96
  61454.197    64.314   -20.44    9.59
  61824.085    61.527    -7.53    4.84
  62193.928    61.232    -0.80    3.17
  62563.729    62.319     2.94    2.11
  62933.485    62.399     0.21    2.14
  63303.198    63.285     2.40    3.34
  63672.867    66.070     7.53    5.40
  64042.493    69.849    10.22    7.12
  64412.075    75.414    15.06    8.35
  64790.521    81.478    16.02    8.77
  65168.976    87.059    14.74    8.09
  65547.385    91.865    12.70    7.32
  65925.748    96.333    11.81    7.42
  66304.065   100.209    10.24    8.15
  66682.336   105.207    13.21    9.14
  67060.562   111.086    15.54    8.56
  67438.742   115.382    11.36    7.62
  67816.876   119.043     9.68    4.15
  68194.964   120.218     3.11    1.99
  68573.007   118.475    -4.61    3.52
  68951.003   115.433    -8.05    4.54
  69328.954   111.365   -10.76    5.43
  69706.860   107.283   -10.80    4.93
  70084.720   102.785   -11.90    5.95
  70462.534    97.446   -14.13    7.18
  70840.302    92.220   -13.83    8.46
  71218.025    88.140   -10.80    6.80
  71595.703    86.382    -4.65    5.86
  71973.335    86.611     0.61    6.53
  72350.921    87.557     2.51    6.02
  72728.462    84.969    -6.85    5.95
  73105.957    82.332    -6.99    6.09
  73483.407    79.640    -7.13    5.62
  73860.811    79.445    -0.52    6.94
  74238.170    82.168     7.22    9.05
  74615.483    86.803    12.28    9.39
  74992.751    90.778    10.53    6.98
  75369.973    92.817     5.40    5.36
  75747.151    93.136     0.84    5.09
  76124.282    93.349     0.57    5.44
  76501.369    93.511     0.43    6.74
  76878.410    95.107     4.23    7.36
  77255.406    97.644     6.73    8.10
  77632.356    99.432     4.74    8.17
  78009.261   100.591     3.08    8.39
  78386.121   100.778     0.50    8.41
  78762.936    99.257    -4.04    8.96
  79139.706    97.636    -4.30    9.55
  79516.430    94.080    -9.44   11.24
  79893.109    89.556   -12.01   12.30
  80269.743    85.672   -10.31   11.72
  80646.332    82.747    -7.77   10.47
  81022.875    78.754   -10.60    9.17
  81399.374    75.140    -9.60    8.57
  81775.827    72.632    -6.66    9.15
  82152.235    70.333    -6.11    8.14
  82528.599    67.172    -8.40    7.09
  82904.917    65.318    -4.93    6.10
  83281.190    64.496    -2.18    5.77
  83657.418    64.698     0.54    6.15
  84033.601    66.159     3.88    6.33
  84409.740    67.261     2.93    6.02
  84785.833    66.913    -0.93    6.69
  85161.881    64.830    -5.54    6.91
  85537.884    62.382    -6.51    5.72
  85913.843    62.348    -0.09    5.37
  86289.756    66.464    10.95    8.63
  86665.625    73.397    18.45   10.30
  87041.449    78.414    13.35    9.34
  87417.228    82.699    11.40    6.48
  87792.962    84.672     5.25    5.31
  88168.651    87.704     8.07    6.13
  88544.296    92.640    13.14    7.88
  88919.896    99.559    18.42    9.05
  89295.451   105.704    16.36    7.60
  89670.961   110.720    13.36    7.74
  90046.427   114.611    10.36    8.19
  90421.848   117.775     8.43    7.53
  90797.224   121.562    10.09    6.73
  91172.556   123.907     6.25    6.41
  91547.842   125.817     5.09    5.79
  91923.085   126.882     2.84    5.60
  92298.282   127.569     1.83    4.63
  92673.436   127.882     0.83    3.80
  93048.544   127.556    -0.87    3.13
  93423.608   126.315    -3.31    3.84
  93798.627   124.930    -3.69    4.72
  94173.602   122.494    -6.49    5.49
  94548.533   120.462    -5.42    6.28
  94923.419   116.540   -10.46    7.29
  95298.260   112.830    -9.90    7.98
  95673.057   108.316   -12.04    9.31
  96047.809   103.978   -11.57    9.87
  96422.517    98.636   -14.26   10.99
  96797.181    91.771   -18.32   10.81
  97171.800    84.445   -19.55   11.12
  97546.375    79.128   -14.19    8.06
  97920.906    81.736     6.96   10.86
  98295.392    89.188    19.90   13.94
  98669.834    97.753    22.87   11.69
  99044.232   106.236    22.66    7.10
  99418.585   111.082    12.94    5.55
  99792.894   115.043    10.58    4.58
 100167.159   116.941     5.07    3.58
 100541.380   117.220     0.75    3.42
 100915.556   117.043    -0.47    3.68
 101289.688   116.191    -2.28    4.17
 101663.776   113.873    -6.20    5.61
 102037.820   108.882   -13.34    8.44
 102411.820   101.415   -19.96   11.00
 102785.775    91.432   -26.69   13.13
 103159.687    80.972   -27.97   12.02
 103533.554    77.192   -10.11    9.31
 103907.377    80.747     9.51   12.29
 104281.156    87.882    19.09   12.67
 104654.892    94.255    17.05    9.77
 105028.583    99.315    13.54    7.43
 105402.230   102.496     8.51    6.10
 105775.833   104.478     5.30    7.11
 106149.392   104.624     0.39    8.97
 106522.907   105.817     3.20    8.75
 106896.378   107.898     5.57    8.17
 107269.806   111.285     9.07    8.37
 107643.189   115.830    12.17    6.11
 108016.529   117.699     5.01    4.14
 108389.824   118.551     2.28    3.17
 108763.076   117.270    -3.43    3.91
 109136.284   115.282    -5.33    4.35
 109509.448   113.578    -4.56    4.80
 109882.568   110.923    -7.12    5.60
 110255.645   106.611   -11.56    7.38
 110628.678   100.753   -15.70    8.61
 111001.667    93.898   -18.38    9.00
 111374.612    91.414    -6.66    7.56
 111747.513    91.313    -0.27    8.31
 112120.371    95.810    12.06   10.47
 112493.185   102.082    16.82    7.63
 112865.956   105.672     9.63    6.35
 113238.682   107.624     5.24    5.73
 113611.366   108.136     1.37    4.95
 113984.005   108.607     1.27    3.90
 114356.601   107.946    -1.77    4.28
 114729.153   105.704    -6.02    5.45
 115101.662   102.648    -8.20    6.04
 115474.127    98.529   -11.06    6.49
 115846.549    92.748   -15.52    9.55
 116218.927    85.124   -20.47   12.28
 116591.262    76.451   -23.29   13.10
 116963.553    69.556   -18.52   11.66
 117335.800    65.754   -10.21    9.29
 117708.005    65.559    -0.53    9.16
 118080.165    66.267     1.90    9.53
 118452.283    67.801     4.12    9.14
 118824.357    69.480     4.51    7.91
 119196.387    70.704     3.29    7.78
 119568.374    70.148    -1.49    8.13
 119940.318    67.248    -7.80    8.58
 120312.219    62.493   -12.79    7.99
 120684.076    59.127    -9.05    7.11
 121055.890    54.683   -11.95    9.47
 121427.660    51.645    -8.17   11.19
 121799.388    46.562   -13.67   12.18
 122171.072    40.399   -16.58   11.01
 122542.712    33.817   -17.71   10.38
 122914.310    28.098   -15.39    8.48
 123285.864    23.191   -13.21    7.80
 123657.375    17.988   -14.00    6.38
 124028.843    14.005   -10.72    6.39
 124400.268    10.300    -9.97    5.45
 124771.650     8.398    -5.12    4.68
 125142.988     6.732    -4.49    4.08
 125514.284     6.704    -0.08    3.50
 125885.536     7.334     1.70    2.95
 126256.745     7.161    -0.47    2.44
 126627.912     7.319     0.43    2.32
 126999.035     7.606     0.77    2.14
 127370.115     7.841     0.63    1.93
 127741.152     8.043     0.54    1.40
 128112.146     8.204     0.44    1.08
 128483.097     8.065    -0.38    0.97
 128854.006     8.191     0.34    0.88
 129224.871     8.168    -0.06    0.86
 129595.693     8.382     0.57    0.97
 129966.473     9.204     2.22    1.47
 130337.209     9.753     1.48    1.63
 130707.903    10.693     2.54    1.51
 131078.554    11.280     1.58    1.42
 131449.161    11.874     1.60    1.34
 131819.727    12.226     0.95    1.31
 132190.249    12.585     0.97    1.26
 132560.728    12.744     0.43    1.22
 132931.165    12.972     0.62    1.45
 133301.559    13.175     0.55    1.56
 133671.910    13.494     0.86    1.73
 134042.219    14.026     1.43    1.68
 134412.484    14.509     1.30    1.52
 134782.707    14.965     1.23    1.90
 135152.888    15.082     0.32    2.02
 135523.025    15.021    -0.16    1.92
 135893.120    14.873    -0.40    1.77
 136263.173    14.775    -0.27    1.74
 136633.183    15.048     0.74    1.56
 137003.150    15.270     0.60    1.45
 137373.074    15.399     0.35    1.24
 137742.956    15.915     1.40    1.46
 138112.796    16.364     1.22    1.36
 138482.593    16.546     0.49    1.21
 138852.347    16.985     1.19    1.30
 139222.059    17.588     1.63    1.70
 139599.429    18.520     2.47    1.80
 139977.787    19.445     2.45    1.88
 140356.101    20.365     2.43    2.19
 140734.370    21.086     1.91    2.45
 141112.595    22.001     2.42    2.43
 141490.775    23.278     3.38    2.57
 141868.910    24.636     3.59    2.52
 142247.000    25.916     3.39    2.47
 142625.046    27.334     3.75    2.27
 143003.048    27.815     1.27    2.13
 143381.005    27.748    -0.18    2.02
 143758.917    27.349    -1.06    1.92
 144136.785    27.218    -0.35    1.67
 144514.609    27.091    -0.33    1.57
 144892.388    26.951    -0.37    1.74
 145270.122    27.720     2.04    1.98
 145647.812    28.873     3.05    2.06
 146025.458    29.932     2.80    1.96
 146403.059    30.824     2.36    1.73
 146780.616    31.693     2.30    1.72
 147158.128    32.720     2.72    1.54
 147535.597    33.449     1.93    1.63
 147913.020    34.255     2.13    1.58
 148290.400    35.469     3.22    1.90
 148667.735    36.930     3.87    2.19
 149045.026    38.285     3.59    2.47
 149422.273    39.667     3.66    2.47
 149799.475    40.921     3.32    2.79
 150176.633    42.297     3.65    2.90
 150553.747    43.532     3.27    2.86
 150930.817    44.882     3.58    2.89
 151307.843    45.414     1.41    3.46
 151684.824    45.132    -0.75    4.56
 152061.761    44.332    -2.12    4.82
 152438.654    44.267    -0.17    4.27
 152815.503    44.182    -0.23    3.63
 153192.308    45.348     3.10    3.24
 153569.069    46.830     3.93    3.74
 153945.786    48.546     4.55    4.58
 154322.459    50.295     4.64    4.64
 154699.087    51.923     4.32    4.96
 155075.672    53.693     4.70    4.77
 155452.213    55.720     5.38    4.44
 155828.710    58.798     8.17    4.16
 156205.162    60.498     4.52    3.48
 156581.571    60.220    -0.74    3.59
 156957.936    57.873    -6.24    4.94
 157334.257    53.569   -11.43    5.51
 157710.534    49.709   -10.26    4.76
 158086.768    47.096    -6.94    4.72
 158462.957    45.865    -3.27    3.73
 158839.102    46.298     1.15    3.68
 159215.204    48.640     6.22    5.31
 159591.262    51.198     6.80    5.33
 159967.276    54.152     7.85    4.88
 160343.246    56.313     5.75    3.77
 160719.173    58.218     5.07    3.58
 161095.056    60.778     6.81    3.13
 161470.895    63.448     7.10    3.20
 161846.690    65.732     6.08    2.89
 162222.442    67.431     4.52    2.84
 162598.150    68.948     4.04    2.84
 162973.814    70.568     4.31    3.25
 163349.435    72.543     5.26    3.74
 163725.012    74.136     4.24    3.22
 164100.546    73.841    -0.79    3.70
 164476.036    71.399    -6.50    5.09
 164851.482    67.747    -9.73    5.97
 165226.885    62.498   -13.98    7.46
 165602.244    56.698   -15.45    8.68
 165977.560    49.611   -18.88    9.08
 166352.832    45.152   -11.88    6.45
 166728.061    44.267    -2.36    5.65
 167103.246    46.709     6.51    6.85
 167478.388    50.201     9.31    6.06
 167853.486    53.244     8.11    5.58
 168228.541    54.585     3.58    5.23
 168603.552    56.648     5.50    5.34
 168978.521    59.204     6.82    4.79
 169353.445    61.253     5.46    4.32
 169728.327    62.103     2.27    3.97
 170103.165    61.043    -2.83    5.44
 170477.959    59.178    -4.97    6.41
 170852.711    55.775    -9.08    6.11
 171227.419    52.537    -8.64    5.59
 171602.084    49.365    -8.46    5.69
 171976.705    46.721    -7.06    5.00
 172351.284    48.263     4.12    7.03
 172725.819    51.464     8.54    9.80
 173100.311    55.857    11.73   10.62
 173474.759    60.232    11.68    9.18
 173849.165    60.665     1.16    8.69
 174223.527    59.946    -1.92    7.54
 174597.847    57.846    -5.61    6.69
 174972.123    55.103    -7.33    7.01
 175346.356    50.246   -12.98    7.25
 175720.546    46.140   -10.97    7.39
 176094.692    41.682   -11.91    6.34
 176468.796    38.965    -7.26    4.98
 176842.857    36.644    -6.20    2.46
 177216.874    35.513    -3.02    1.63
 177590.849    35.032    -1.29    1.68
 177964.781    34.698    -0.89    1.52
 178338.669    34.801     0.27    1.69
 178712.515    35.596     2.13    2.10
 179086.318    37.948     6.29    4.75
 179460.078    42.958    13.40    8.59
 179833.795    48.842    15.74   10.14
 180207.469    54.665    15.58    8.52
 180581.100    57.898     8.65    7.22
 180954.688    59.693     4.80    7.28
 181328.233    60.644     2.54    7.65
 181701.736    63.748     8.31    7.35
 182075.196    67.248     9.37    6.33
 182448.613    69.250     5.36    4.72
 182821.987    70.013     2.04    3.88
 183195.318    69.140    -2.34    4.87
 183568.607    67.975    -3.12    4.62
 183941.853    67.874    -0.27    4.43
 184315.056    68.032     0.42    4.86
 184688.216    68.856     2.21    5.70
 185061.334    70.011     3.09    6.74
 185434.409    71.315     3.50    6.59
 185807.442    71.178    -0.37    6.65
 186180.432    70.738    -1.18    6.37
 186553.379    70.267    -1.26    5.13
 186926.283    70.640     1.00    4.15
 187299.145    72.720     5.58    3.69
 187671.965    74.382     4.46    3.38
 188044.742    75.075     1.86    4.04
 188417.476    75.082     0.02    5.44
 188790.168    74.515    -1.52    7.06
 189162.817    72.906    -4.32    7.99
 189535.424    71.704    -3.23    6.85
 189907.988    72.043     0.91    5.38
 190280.510    73.653     4.32    4.64
 190652.989    76.447     7.50    5.11
 191025.426    79.778     8.94    4.99
 191397.821    82.529     7.39    4.63
 191770.173    84.575     5.49    2.88
 192142.483    83.027    -4.16    4.78
 192514.750    78.015   -13.46    8.49
 192886.975    70.265   -20.82   10.62
 193259.158    61.644   -23.16    9.18
 193631.298    55.808   -15.68    6.21
 194003.396    52.009   -10.21    3.28
 194375.452    51.865    -0.39    3.80
 194747.465    53.914     5.51    5.88
 195119.437    58.182    11.47    7.62
 195491.366    63.798    15.10    7.92
 195863.252    70.096    16.93    5.45
 196235.097    73.660     9.58    4.47
 196606.899    75.024     3.67    3.38
 196978.660    72.817    -5.94    5.43
 197350.378    66.832   -16.10    8.00
 197722.053    62.415   -11.88    6.84
 198093.687    60.890    -4.10    4.74
 198465.279    62.152     3.40    5.46
 198836.828    66.316    11.20    5.69
 199208.336    70.246    10.58    4.85
 199579.801    73.218     8.00    4.62
 199951.225    75.822     7.01    5.04
 200322.606    77.464     4.42    4.92
 200693.945    77.226    -0.64    5.54
 201065.242    77.152    -0.20    4.50
 201436.498    75.487    -4.48    4.14
 201807.711    69.665   -15.68    9.44
 202178.882    62.432   -19.48   10.78
 202550.012    56.334   -16.43    8.73
 202921.099    51.832   -12.13    3.73
 203292.145    52.110     0.75    2.72
 203663.149    53.791     4.53    3.31
 204034.110    55.775     5.35    3.30
 204405.030    57.076     3.51    3.34
 204775.908    58.992     5.16    3.64
 205146.745    61.833     7.66    4.31
 205517.539    64.916     8.31    4.41
 205888.292    68.168     8.77    4.20
 206259.003    71.257     8.33    3.52
 206629.672    73.382     5.73    3.09
 207000.299    75.192     4.88    2.20
 207370.885    76.808     4.36    2.21
 207741.428    78.398     4.29    2.10
 208111.931    79.398     2.70    1.96
 208482.391    80.483     2.93    1.54
 208852.810    81.037     1.50    1.09
 209223.187    81.136     0.27    0.99
 209593.522    80.841    -0.80    1.21
 209963.816    79.982    -2.32    1.84
 210334.069    78.615    -3.69    2.51
 210704.279    77.578    -2.80    2.72
 211074.448    76.692    -2.39    2.75
 211444.576    75.365    -3.58    3.34
 211814.662    74.435    -2.51    3.87
 212184.706    71.513    -7.90    5.67
 212554.709    68.537    -8.04    6.02
 212924.670    64.693   -10.39    7.07
 213294.590    60.754   -10.64    7.23
 213664.469    57.832    -7.90    6.05
 214034.306    56.365    -3.96    5.38
 214410.719    56.365     0.00    5.82
 214788.986    55.815    -1.46    6.14
 215167.209    55.127    -1.82    5.78
 215545.389    54.204    -2.44    5.99
 215923.526    53.557    -1.71    6.15
 216301.619    52.398    -3.07    5.57
 216679.668    50.958    -3.81    5.09
 217057.674    49.921    -2.74    4.75
 217435.637    48.832    -2.88    4.49
 217813.556    48.682    -0.40    5.32
 218191.432    47.946    -1.95    5.22
 218569.265    48.066     0.32    5.57
 218947.054    47.124    -2.49    5.89
 219324.800    46.175    -2.51    6.11
 219702.502    44.382    -4.75    5.47
 220080.162    41.513    -7.59    3.79
 220457.778    39.759    -4.64    2.79
 220835.350    38.667    -2.89    2.14
 221212.880    38.856     0.50    2.79
 221590.366    41.204     6.22    5.54
 221967.809    44.697     9.25    6.32
 222345.209    47.898     8.48    6.68
 222722.565    51.015     8.26    6.53
 223099.879    52.098     2.87    6.37
 223477.149    50.994    -2.93    6.19
 223854.376    48.848    -5.69    6.23
 224231.560    44.648   -11.13    7.05
 224608.701    39.539   -13.54    5.22
 224985.798    36.660    -7.63    2.82
 225362.853    35.229    -3.79    1.40
 225739.865    35.009    -0.58    1.24
 226116.833    35.267     0.68    1.20
 226493.759    36.298     2.74    2.13
 226870.642    38.110     4.81    3.37
 227247.481    41.278     8.40    4.25
 227624.278    45.480    11.15    5.30
 228001.031    49.623    10.99    5.49
 228377.742    53.432    10.11    5.44
 228754.410    56.515     8.18    4.01
 229131.035    57.982     3.89    3.08
 229507.617    58.399     1.11    3.39
 229884.156    58.115    -0.75    3.42
 230260.652    58.269     0.41    3.14
 230637.105    58.330     0.16    2.92
 231013.516    58.198    -0.35    3.22
 231389.883    58.792     1.58    3.25
 231766.208    58.848     0.15    2.73
 232142.490    57.924    -2.46    3.05
 232518.730    57.432    -1.31    3.14
 232894.926    57.946     1.37    3.05
 233271.080    59.175     3.27    3.21
 233647.191    60.348     3.12    2.75
 234023.260    61.845     3.98    2.45
 234399.286    63.496     4.39    2.48
 234775.269    64.788     3.44    2.76
 235151.209    66.096     3.48    2.88
 235527.107    67.856     4.68    2.53
 235902.962    69.229     3.65    2.33
 236278.775    70.548     3.51    2.17
 236654.545    71.417     2.31    1.69
 237030.272    71.715     0.79    1.74
 237405.957    71.330    -1.02    2.17
 237781.599    70.817    -1.36    2.60
 238157.199    70.297    -1.38    2.69
 238532.756    70.738     1.17    2.43
 238908.271    70.632    -0.28    2.32
 239283.743    69.742    -2.37    2.90
 239659.173    67.830    -5.09    3.41
 240034.560    65.246    -6.88    3.42
 240409.905    63.332    -5.10    3.51
 240785.208    62.364    -2.58    4.70
 241160.468    62.738     1.00    4.62
 241535.686    62.551    -0.50    4.63
 241910.861    59.921    -7.01    5.92
 242285.994    54.992   -13.14    6.99
 242661.085    50.548   -11.84    6.31
 243036.133    49.461    -2.90    5.47
 243411.139    51.314     4.94    6.21
 243786.103    55.398    10.89    6.47
 244161.025    58.685     8.76    3.88
 244535.904    59.070     1.03    3.77
 244910.741    59.636     1.51    3.44
 245285.536    60.805     3.12    3.52
 245660.288    62.627     4.86    2.61
 246034.999    63.283     1.75    1.89
 246409.667    63.195    -0.24    1.92
 246784.293    62.280    -2.44    2.22
 247158.877    60.446    -4.89    2.75
 247533.419    58.917    -4.08    2.71
 247907.918    57.086    -4.89    3.02
 248282.376    55.096    -5.31    2.55
 248656.791    53.330    -4.72    2.54
 249031.165    51.665    -4.45    2.40
 249405.496    49.988    -4.48    2.89
 249779.785    48.165    -4.87    3.52
 250154.033    46.524    -4.38    4.05
 250528.238    44.431    -5.59    4.52
 250902.401    42.489    -5.19    4.50
 251276.523    40.054    -6.51    4.67
 251650.602    37.468    -6.91    4.39
 252024.639    34.890    -6.89    3.88
 252398.635    32.602    -6.12    2.40
 252772.589    31.856    -1.99    2.00
 253146.500    31.093    -2.04    2.26
 253520.370    30.687    -1.09    2.15
 253894.198    30.026    -1.77    1.52
 254267.984    29.439    -1.57    1.32
 254641.728    29.298    -0.38    1.23
