-178442.830    62.343     0.00    6.36
-178073.141    56.249   -16.49   10.85
-177703.497    47.809   -22.84   15.09
-177333.900    36.671   -30.14   13.96
-176964.349    29.183   -20.27    9.66
-176594.844    24.343   -13.10    5.08
-176225.385    22.270    -5.61    1.68
-175855.971    21.968    -0.82    0.00
-175486.604    21.968     0.00    0.00
-175113.320    21.968     0.00    0.00
-174734.593    21.968     0.00    0.00
-174355.916    21.968     0.00    0.00
-173977.286    21.968     0.00    0.00
-173598.705    21.968     0.00    0.00
-173220.172    21.968     0.00    0.00
-172841.688    22.014     0.12    0.28
-172463.252    26.874    12.84   14.37
-172084.864    43.476    43.88   35.93
-171706.525    65.983    59.50   49.84
-171328.234    90.901    65.88   53.34
-170949.991   110.656    52.23   48.10
-170571.797   123.920    35.08   36.89
-170193.650   128.809    12.93   29.02
-169815.552   112.968   -41.90   36.05
-169437.502    99.508   -35.61   33.30
-169059.501    98.046    -3.87   29.00
-168681.547   101.085     8.04   27.49
-168303.642   120.406    51.13   29.38
-167925.785   139.726    51.14   25.46
-167547.976   157.214    46.30   21.70
-167170.214   169.565    32.70   12.40
-166792.501   173.081     9.31    8.50
-166414.837   170.343    -7.25    9.35
-166037.220   162.775   -20.05    9.37
-165659.651   156.577   -16.42    8.05
-165282.130   153.318    -8.64    6.05
-164904.657   152.516    -2.12    6.47
-164527.232   152.000    -1.37    7.08
-164149.855   147.076   -13.05   11.53
-163772.525   130.890   -42.90   24.41
-163395.244   113.016   -47.38   29.40
-163018.011    94.312   -49.59   24.55
-162640.825    82.404   -31.58   12.61
-162263.687    81.789    -1.63   10.44
-161886.597    86.818    13.34   10.89
-161509.555    91.397    12.15    9.02
-161132.561    92.629     3.27    7.34
-160755.614    88.718   -10.38   10.26
-160378.715    76.353   -32.81   16.42
-160001.864    66.904   -25.08   15.23
-159625.060    62.515   -11.65   10.60
-159248.305    64.778     6.01   12.42
-158871.596    74.836    26.70   15.81
-158494.936    84.201    24.87   14.69
-158118.323    92.081    20.93   12.60
-157741.758   101.033    23.78    9.96
-157365.240   108.031    18.59   10.87
-156988.769   116.202    21.71   12.14
-156612.347   124.968    23.29   12.21
-156235.972   137.222    32.56   12.82
-155859.644   146.762    25.35   13.42
-155483.364   156.147    24.95   13.64
-155107.131   161.901    15.30   13.76
-154730.946   155.387   -17.32   17.87
-154354.808   142.804   -33.46   23.62
-153978.717   124.984   -47.39   26.59
-153602.674   103.109   -58.18   20.43
-153226.678    88.202   -39.65   15.08
-152850.730    77.640   -28.10   10.79
-152474.829    74.710    -7.80    8.53
-152098.975    73.031    -4.47    9.92
-151723.169    73.501     1.25   10.48
-151347.410    72.781    -1.92    9.77
-150971.698    70.435    -6.24    9.04
-150596.033    75.421    13.28   10.57
-150220.415    80.984    14.81   12.70
-149844.845    90.045    24.13   14.58
-149469.322   101.873    31.50   11.30
-149093.846   109.646    20.70    8.96
-148718.417   116.476    18.20    8.44
-148343.035   121.194    12.57    6.94
-147967.700   125.077    10.35    5.72
-147592.413   128.935    10.28    5.43
-147217.172   130.629     4.52    4.83
-146841.979   129.775    -2.28    6.82
-146466.832   125.832   -10.51    9.08
-146091.733   120.889   -13.18    7.73
-145716.680   120.730    -0.42    6.94
-145341.675   124.124     9.05    6.79
-144966.716   127.312     8.50    5.43
-144591.804   127.265    -0.13    9.10
-144216.940   124.657    -6.96   13.65
-143842.122   116.726   -21.16   20.37
-143467.351   106.551   -27.15   19.65
-143092.627   104.748    -4.81   15.14
-142717.949   108.081     8.90   14.19
-142343.319   117.603    25.42   15.68
-141968.735   128.339    28.67   13.41
-141594.198   134.183    15.61    8.38
-141219.708   134.091    -0.25    9.12
-140845.264   131.549    -6.79   12.18
-140470.868   131.428    -0.32   12.42
-140096.518   132.549     2.99   11.39
-139722.214   138.939    17.07   12.24
-139347.957   146.335    19.76   12.46
-138973.747   152.484    16.44   10.82
-138599.584   156.657    11.15    7.95
-138225.467   157.546     2.38    7.49
-137851.397   159.333     4.78    9.01
-137477.373   166.624    19.50   15.97
-137103.396   176.662    26.84   17.09
-136729.465   186.825    27.18   14.91
-136355.581   196.609    26.17   15.46
-135981.744   204.533    21.20   19.66
-135607.952   214.033    25.42   19.83
-135234.208   225.951    31.89   19.27
-134860.509   235.544    25.67   14.68
-134486.858   241.001    14.61   10.05
-134113.252   242.687     4.51    7.73
-133739.693   240.936    -4.69    8.76
-133366.180   238.593    -6.27   12.55
-132992.714   230.749   -21.01   19.22
-132619.294   223.230   -20.14   25.44
-132245.920   212.651   -28.34   29.93
-131872.593   202.428   -27.38   30.95
-131499.312   189.718   -34.05   30.61
-131126.077   180.710   -24.14   29.00
-130752.888   167.593   -35.15   26.97
-130379.746   154.201   -35.89   23.02
-130006.649   146.258   -21.29   19.06
-129633.599   143.280    -7.99   22.12
-129260.595   138.843   -11.90   20.63
-128887.637   130.726   -21.77   17.33
-128514.726   120.778   -26.68   18.03
-128141.860   114.031   -18.10   16.45
-127769.041   109.468   -12.24   16.72
-127396.267   103.265   -16.64   16.20
-127023.540   101.762    -4.03   13.94
-126650.858   102.031     0.72   10.35
-126278.223   105.597     9.57   10.38
-125905.634   112.241    17.83    9.57
-125533.090   114.085     4.95   12.71
-125160.593   115.066     2.64   16.12
-124788.141   116.801     4.66   17.72
-124415.736   116.600    -0.54   16.13
-124043.376   117.694     2.94   11.57
-123671.062   119.540     4.96    8.95
-123298.795   125.081    14.89    9.97
-122926.572   132.168    19.04   11.89
-122554.396   142.230    27.04   12.66
-122182.266   154.887    34.02   16.99
-121810.181   172.825    48.21   22.76
-121438.142   185.758    34.77   20.98
-121066.149   196.286    28.30   18.07
-120694.202   200.118    10.30   20.70
-120322.300   199.066    -2.83   24.43
-119950.444   193.968   -13.71   28.43
-119578.634   189.135   -13.00   29.17
-119206.869   184.099   -13.55   27.42
-118835.150   176.936   -19.27   24.89
-118463.477   165.746   -30.11   21.93
-118091.849   156.265   -25.51   17.82
-117720.267   148.187   -21.74   14.45
-117348.730   142.687   -14.81   10.76
-116977.239   138.952   -10.05    7.42
-116605.794   137.307    -4.43    6.19
-116234.394   134.640    -7.18    7.34
-115863.039   128.710   -15.97    9.10
-115491.731   120.905   -21.02   12.90
-115120.467   109.116   -31.76   16.65
-114749.249    93.276   -42.67   20.58
-114378.076    78.135   -40.80   18.84
-114006.949    67.687   -28.15   14.88
-113635.867    58.218   -25.52   11.90
-113264.831    50.857   -19.84    9.59
-112893.840    46.758   -11.05    7.99
-112522.894    43.765    -8.07    4.83
-112151.994    41.484    -6.15    2.50
-111781.138    40.156    -3.58    2.58
-111410.329    38.531    -4.38    2.45
-111039.564    36.714    -4.90    2.49
-110668.845    35.111    -4.32    2.18
-110298.171    33.873    -3.34    1.66
-109927.542    33.230    -1.74    1.16
-109556.958    33.597     0.99    1.85
-109186.419    35.218     4.38    4.11
-108815.926    38.378     8.53    7.03
-108445.478    44.307    16.01   10.04
-108075.075    50.768    17.45   11.79
-107704.717    59.423    23.37   12.82
-107334.404    68.085    23.39   13.25
-106964.136    76.726    23.34   14.19
-106593.913    83.985    19.61   14.78
-106223.736    87.281     8.91   12.29
-105853.603    83.444   -10.37   13.53
-105483.515    74.159   -25.09   16.36
-105113.472    64.742   -25.45   10.88
-104743.475    64.920     0.48   11.97
-104373.522    73.937    24.37   16.15
-104003.614    85.307    30.74   14.33
-103633.751    97.555    33.12   11.93
-103263.933   107.662    27.33   12.13
-102894.160   117.397    26.33   12.62
-102524.431   125.673    22.39   11.88
-102154.748   132.333    18.02    9.97
-101785.109   136.247    10.59    8.61
-101415.515   136.774     1.43    8.18
-101045.966   136.668    -0.29    7.87
-100676.462   134.755    -5.18    8.39
-100304.295   134.368    -1.04    8.75
 -99925.666   135.359     2.62    8.29
 -99547.085   135.178    -0.48    8.14
 -99168.550   134.174    -2.65    7.95
 -98790.063   134.381     0.55    7.39
 -98411.623   134.694     0.83    6.37
 -98033.230   132.983    -4.52    5.49
 -97654.884   129.209    -9.98    6.89
 -97276.585   122.706   -17.19    9.02
 -96898.333   113.394   -24.62   10.96
 -96520.128   102.857   -27.86   13.50
 -96141.971    90.333   -33.12   14.35
 -95763.860    79.387   -28.95   12.72
 -95385.796    68.374   -29.13   10.36
 -95007.780    60.081   -21.94    8.12
 -94629.810    52.801   -19.26    7.97
 -94251.887    49.087    -9.83    5.76
 -93874.011    53.984    12.96   11.43
 -93496.182    62.484    22.50   14.46
 -93118.400    70.339    20.79   10.97
 -92740.664    71.906     4.15    8.61
 -92362.976    66.174   -15.18   11.83
 -91985.334    57.222   -23.71   11.26
 -91607.739    50.518   -17.76    6.39
 -91230.191    49.604    -2.42    3.59
 -90852.690    51.368     4.67    4.00
 -90475.235    53.746     6.30    4.09
 -90097.827    55.493     4.63    3.12
 -89720.466    55.968     1.26    2.36
 -89343.152    56.190     0.59    2.06
 -88965.884    56.111    -0.21    2.28
 -88588.663    56.031    -0.21    3.16
 -88211.488    56.168     0.36    4.45
 -87834.360    55.714    -1.20    5.43
 -87457.279    54.099    -4.28    6.58
 -87080.244    51.515    -6.85    7.01
 -86703.256    48.047    -9.20    7.83
 -86326.314    43.140   -13.02    8.95
 -85949.419    37.587   -14.73    7.99
 -85572.570    34.247    -8.86    5.74
 -85195.768    32.691    -4.13    4.95
 -84819.013    32.901     0.56    6.08
 -84442.303    29.920    -7.92    7.06
 -84065.640    27.146    -7.37    6.54
 -83689.024    26.047    -2.92    6.67
 -83312.454    26.906     2.28    8.50
 -82935.930    29.413     6.66    9.72
 -82559.453    31.190     4.72    9.02
 -82183.022    33.318     5.65    7.17
 -81806.637    34.044     1.93    6.20
 -81430.299    33.072    -2.58    6.77
 -81054.007    28.000   -13.48    9.26
 -80677.761    21.801   -16.48   10.30
 -80301.562    16.952   -12.89    9.43
 -79925.408    13.065   -10.34    7.31
 -79549.301     9.904    -8.41    6.83
 -79173.240     6.682    -8.57    6.99
 -78797.225     4.771    -5.08    6.14
 -78421.257     3.938    -2.22    4.89
 -78045.334     3.606    -0.88    3.51
 -77669.458     5.280     4.45    4.87
 -77293.627     5.714     1.16    4.37
 -76917.843     5.312    -1.07    4.33
 -76542.105     4.345    -2.57    3.71
 -76166.413     3.791    -1.48    2.71
 -75790.767     4.095     0.81    3.47
 -75415.167     4.936     2.24    4.32
 -75039.613     5.077     0.38    4.93
 -74664.104     5.285     0.55    6.13
 -74288.642     5.468     0.49    8.48
 -73913.226     5.418    -0.13   10.94
 -73537.856     6.343     2.46   13.64
 -73162.531     8.500     5.75   16.56
 -72787.253    10.841     6.24   18.37
 -72412.020    13.718     7.67   20.37
 -72036.833    15.936     5.91   21.55
 -71661.692    19.749    10.16   23.89
 -71286.597    27.033    19.42   27.72
 -70911.547    35.374    22.24   30.02
 -70536.543    43.868    22.65   32.20
 -70161.585    51.129    19.37   30.22
 -69786.673    59.083    21.22   29.47
 -69411.807    61.508     6.47   28.38
 -69036.986    56.546   -13.24   31.04
 -68662.211    54.874    -4.46   30.31
 -68287.481    52.516    -6.29   28.85
 -67912.797    51.662    -2.28   28.69
 -67538.159    49.365    -6.13   27.25
 -67163.566    49.452     0.23   26.21
 -66789.019    48.597    -2.28   23.77
 -66414.518    52.168     9.54   23.19
 -66040.062    55.249     8.23   21.28
 -65665.651    54.162    -2.91   20.73
 -65291.287    52.343    -4.86   18.56
 -64916.967    51.936    -1.09   18.23
 -64542.693    54.265     6.22   17.58
 -64168.465    56.823     6.84   15.58
 -63794.282    60.394     9.55   14.15
 -63420.144    68.905    22.75   16.02
 -63046.052    78.002    24.32   18.85
 -62672.005    89.452    30.61   20.08
 -62298.004    99.485    26.83   19.12
 -61924.048   109.629    27.13   17.83
 -61550.137   117.501    21.05   16.98
 -61176.272   123.920    17.17   18.07
 -60802.451   132.099    21.88   18.36
 -60428.677   139.113    18.77   18.38
 -60054.947   149.190    26.97   16.96
 -59681.263   158.047    23.70   12.91
 -59307.624   164.687    17.77    8.85
 -58934.030   168.201     9.41    5.23
 -58560.481   169.242     2.79    3.55
 -58186.978   169.518     0.74    3.90
 -57813.519   169.847     0.88    5.69
 -57440.106   172.392     6.82   10.43
 -57066.738   180.857    22.67   18.98
 -56693.415   189.607    23.44   19.90
 -56320.137   190.181     1.54   22.56
 -55946.904   174.413   -42.25   34.71
 -55573.716   152.968   -57.47   38.23
 -55200.573   133.254   -52.84   24.63
 -54827.476   124.984   -22.17   15.77
 -54454.423   128.047     8.21   17.40
 -54081.415   134.853    18.25   22.75
 -53708.452   136.111     3.37   26.08
 -53335.534   134.651    -3.91   24.60
 -52962.662   136.000     3.62   16.22
 -52589.834   147.198    30.03   22.60
 -52217.050   162.936    42.22   27.54
 -51844.312   178.603    42.03   26.09
 -51471.619   193.765    40.68   23.27
 -51098.970   209.920    43.35   21.25
 -50726.366   216.871    18.66   19.08
 -50353.807   210.807   -16.28   25.03
 -49981.293   200.788   -26.90   30.31
 -49608.824   182.613   -48.80   30.95
 -49236.399   169.209   -35.99   28.97
 -48864.019   159.014   -27.38   27.82
 -48491.684   153.635   -14.45   23.20
 -48119.394   153.516    -0.32   25.37
 -47747.148   154.085     1.53   26.99
 -47374.947   148.546   -14.88   29.85
 -47002.790   135.190   -35.89   25.08
 -46630.678   126.714   -22.78   19.50
 -46258.611   131.936    14.03   23.53
 -45886.588   150.646    50.29   31.39
 -45514.610   176.624    69.84   36.40
 -45142.677   199.263    60.87   29.52
 -44770.788   215.063    42.49   16.10
 -44398.943   219.087    10.82    5.63
 -44027.143   211.353   -20.80   12.34
 -43655.388   200.761   -28.49   14.94
 -43283.677   189.853   -29.35   15.41
 -42912.010   178.477   -30.61   11.19
 -42540.388   170.983   -20.16    9.62
 -42168.811   164.205   -18.24    9.48
 -41797.277   159.667   -12.22   10.09
 -41425.788   153.214   -17.37   12.71
 -41054.344   147.307   -15.90   14.65
 -40682.944   139.762   -20.32   15.48
 -40311.588   134.116   -15.20   14.73
 -39940.276   130.937    -8.56   15.70
 -39569.009   128.162    -7.48   17.31
 -39197.786   125.809    -6.34   18.05
 -38826.608   120.618   -13.99   17.91
 -38455.473   116.065   -12.27   17.82
 -38084.383   113.885    -5.88   17.97
 -37713.337   117.593     9.99   19.93
 -37342.335   129.849    33.04   14.00
 -36971.378   137.742    21.28   13.12
 -36600.464   143.226    14.79   11.74
 -36229.595   147.063    10.35    8.69
 -35858.770   147.678     1.66    7.69
 -35487.989   143.667   -10.82    8.47
 -35117.252   137.000   -17.98    8.89
 -34746.559   129.726   -19.62    9.68
 -34375.910   120.841   -23.97   11.54
 -34005.305   113.016   -21.11   11.69
 -33634.745   104.952   -21.76   10.09
 -33264.228    98.607   -17.12    8.56
 -32893.755    93.355   -14.18    6.86
 -32523.326    89.520   -10.35    4.96
 -32152.941    87.845    -4.52    3.95
 -31782.601    87.385    -1.24    4.30
 -31412.304    90.807     9.24    8.47
 -31042.051    95.748    13.35   12.25
 -30671.841   102.531    18.32   15.33
 -30301.676   109.436    18.66   14.49
 -29931.555   113.889    12.03   12.23
 -29561.477   113.968     0.21   10.87
 -29191.443   109.936   -10.90   11.66
 -28821.453   103.662   -16.96   11.08
 -28451.507    97.889   -15.61    9.33
 -28081.605    92.146   -15.53    6.10
 -27711.746    90.835    -3.54    4.48
 -27341.931    92.476     4.44    5.24
 -26972.160    96.886    11.93    7.94
 -26602.433   106.730    26.63   12.43
 -26232.749   114.951    22.24   12.04
 -25863.109   121.546    17.84    9.56
 -25491.922   126.158    12.42    7.93
 -25113.394   123.329    -7.47   16.36
 -24734.912   116.851   -17.11   25.89
 -24356.476   109.903   -18.36   33.04
 -23978.086   103.952   -15.73   34.98
 -23599.741   101.804    -5.68   35.72
 -23221.443    99.619    -5.78   38.43
 -22843.191    96.581    -8.03   44.02
 -22464.984    92.694   -10.28   46.42
 -22086.823    86.768   -15.67   47.91
 -21708.708    85.143    -4.30   47.91
 -21330.639    78.413   -17.80   50.04
 -20952.616    76.238    -5.75   52.04
 -20574.638    74.286    -5.17   52.14
 -20196.707    70.900    -8.96   51.09
 -19818.820    67.476    -9.06   50.79
 -19440.980    69.278     4.77   52.22
 -19063.185    74.016    12.54   56.28
 -18685.436    84.053    26.57   60.09
 -18307.733    88.509    11.80   61.76
 -17930.075    89.444     2.48   63.82
 -17552.463    92.837     8.98   65.47
 -17174.897    85.428   -19.62   64.34
 -16797.376    73.263   -32.22   61.47
 -16419.901    56.791   -43.64   57.61
 -16042.471    38.731   -47.85   48.72
 -15665.087    22.571   -42.82   35.81
 -15287.748     7.651   -39.54   16.95
 -14910.455     1.698   -15.78    5.55
 -14533.207     0.047    -4.38    0.63
 -14156.005    -0.032    -0.21    0.00
 -13778.848    -0.032     0.00    0.00
 -13401.737    -0.032     0.00    0.00
 -13024.671    -0.032     0.00    0.00
 -12647.650    -0.032     0.00    0.00
 -12270.675    -0.032     0.00    0.00
 -11893.745    -0.032     0.00    0.00
 -11516.860    -0.032     0.00    0.00
 -11140.021    -0.032     0.00    0.00
 -10763.227    -0.032     0.00    0.00
 -10386.479    -0.032     0.00    0.00
 -10009.775    -0.032     0.00    0.00
  -9633.117    -0.032     0.00    0.00
  -9256.504    -0.032     0.00    0.00
  -8879.937    -0.032     0.00    0.00
  -8503.414    -0.032     0.00    0.00
  -8126.937    -0.032     0.00    0.00
  -7750.505    -0.032     0.00    0.00
  -7374.118    -0.032     0.00    0.00
  -6997.776    -0.032     0.00    0.00
  -6621.479    -0.032     0.00    0.00
  -6245.228    -0.032     0.00    0.00
  -5869.021    -0.032     0.00    0.00
  -5492.860    -0.032     0.00    0.00
  -5116.743    -0.032     0.00    0.00
  -4740.672    -0.032     0.00    0.00
  -4364.645    -0.032     0.00    0.00
  -3988.664    -0.032     0.00    0.00
  -3612.727    -0.032     0.00    0.00
  -3236.836    -0.032     0.00    0.00
  -2860.989    -0.032     0.00    0.00
  -2485.187    -0.032     0.00    0.00
  -2109.431    -0.032     0.00    0.00
  -1733.719    -0.032     0.00    0.00
  -1358.052    -0.032     0.00    0.00
   -982.429    -0.032     0.00    0.00
   -606.852    -0.032     0.00    0.00
   -231.319    -0.032     0.00    0.00
    144.168    -0.032     0.00    0.00
    519.611     0.097     0.34    0.74
    895.010     0.771     1.80    2.54
   1270.363     2.920     5.72    6.85
   1645.672     6.065     8.38    9.92
   2020.936    11.444    14.33   15.11
   2396.155    21.312    26.30   23.48
   2771.330    36.087    39.38   33.18
   3146.460    52.710    44.31   36.57
   3521.546    64.617    31.75   35.48
   3896.587    66.046     3.81   30.24
   4271.583    62.330    -9.91   24.43
   4646.534    52.714   -25.65   20.78
   5021.441    46.296   -17.12   18.52
   5396.304    43.607    -7.17   17.73
   5771.122    36.280   -19.55   15.96
   6145.896    29.312   -18.59   16.70
   6520.624    20.726   -22.91   16.63
   6895.309    13.194   -20.10   13.21
   7269.949     7.646   -14.81   10.18
   7644.545     4.865    -7.42    8.13
   8019.096     4.097    -2.05    7.50
   8393.603     3.823    -0.73    6.82
   8768.065     4.301     1.28    6.40
   9142.483     6.312     5.37    7.72
   9516.857     8.460     5.74    9.14
   9891.186     9.230     2.06    9.11
  10265.471    10.868     4.38   10.21
  10639.711    12.619     4.68   12.82
  11013.908    15.036     6.46   15.56
  11388.060    16.499     3.91   16.25
  11762.168    17.209     1.90   15.56
  12136.231    17.129    -0.21   14.08
  12510.251    16.901    -0.61   13.63
  12884.226    15.525    -3.68   12.00
  13258.157    13.049    -6.62   10.84
  13632.044    11.771    -3.42   10.54
  14005.886     8.801    -7.94   10.17
  14379.685     5.985    -7.54    8.68
  14753.439     2.775    -8.59    5.43
  15127.150     0.714    -5.51    2.41
  15500.816    -0.017    -1.95    0.12
  15874.438    -0.032    -0.04    0.00
  16248.016    -0.032     0.00    0.00
  16621.550    -0.032     0.00    0.00
  16995.040    -0.032     0.00    0.00
  17368.486    -0.032     0.00    0.00
  17741.888    -0.032     0.00    0.00
  18115.246    -0.032     0.00    0.00
  18488.561    -0.032     0.00    0.00
  18861.831    -0.032     0.00    0.00
  19235.057    -0.032     0.00    0.00
  19608.239    -0.032     0.00    0.00
  19981.378    -0.032     0.00    0.00
  20354.473    -0.032     0.00    0.00
  20727.523    -0.032     0.00    0.00
  21100.530    -0.032     0.00    0.00
  21473.494    -0.032     0.00    0.00
  21846.413    -0.032     0.00    0.00
  22219.289    -0.032     0.00    0.00
  22592.120    -0.032     0.00    0.00
  22964.908    -0.032     0.00    0.00
  23337.653    -0.032     0.00    0.00
  23710.353    -0.032     0.00    0.00
  24083.010    -0.032     0.00    0.00
  24455.624    -0.032     0.00    0.00
  24828.193    -0.032     0.00    0.00
  25200.719    -0.032     0.00    0.00
  25573.201    -0.032     0.00    0.00
  25945.640    -0.032     0.00    0.00
  26318.035    -0.032     0.00    0.00
  26690.387    -0.032     0.00    0.00
  27062.695    -0.032     0.00    0.00
  27434.959    -0.032     0.00    0.00
  27807.180    -0.032     0.00    0.00
  28179.357    -0.032     0.00    0.00
  28551.491    -0.032     0.00    0.00
  28923.582    -0.032     0.00    0.00
  29295.629    -0.032     0.00    0.00
  29667.632     0.089     0.32    0.59
  30039.592     0.301     0.57    0.90
  30411.509     0.731     1.15    1.36
  30783.382     1.349     1.66    1.79
  31155.212     1.985     1.71    1.85
  31526.999     2.755     2.07    1.84
  31898.742     3.206     1.21    1.54
  32270.442     3.329     0.33    1.34
  32642.098     3.755     1.15    1.83
  33013.711     4.001     0.66    1.92
  33385.281     4.500     1.34    1.84
  33756.808     4.778     0.75    1.71
  34128.291     4.920     0.38    1.47
  34499.732     5.192     0.73    1.24
  34871.129     5.099    -0.25    1.31
  35242.482     4.641    -1.24    1.43
  35613.793     4.201    -1.18    1.35
  35985.060     3.951    -0.67    1.16
  36356.285     3.444    -1.37    1.19
  36727.466     3.301    -0.38    1.22
  37098.604     3.268    -0.09    1.31
  37469.699     3.000    -0.72    1.29
  37840.751     2.968    -0.09    1.38
  38211.760     2.839    -0.35    1.52
  38582.725     3.050     0.57    1.73
  38953.648     3.371     0.87    1.78
  39324.528     3.527     0.42    1.47
  39695.365     3.746     0.59    1.36
  40066.158     4.141     1.06    1.55
  40436.909     4.468     0.88    1.78
  40807.617     4.796     0.88    1.81
  41178.282     4.778    -0.05    1.92
  41548.904     4.883     0.29    2.16
  41919.483     5.032     0.40    2.56
  42290.019     5.493     1.24    3.35
  42660.512     7.476     5.35    6.93
  43030.963     8.509     2.79    6.79
  43401.370     8.509     0.00    5.77
  43771.735     8.033    -1.29    4.31
  44142.057     8.066     0.09    2.29
  44512.336     8.968     2.43    2.23
  44882.573     9.883     2.47    2.63
  45252.767    10.920     2.80    2.98
  45622.917    12.261     3.62    2.35
  45993.026    13.427     3.15    1.85
  46363.091    14.793     3.69    2.40
  46733.114    17.049     6.10    3.05
  47103.094    18.468     3.84    2.22
  47473.032    18.613     0.39    1.86
  47842.926    17.801    -2.19    2.44
  48212.779    16.148    -4.47    2.19
  48582.588    14.551    -4.32    1.83
  48952.355    13.247    -3.53    1.70
  49322.667    12.146    -2.97    1.72
  49701.101    11.201    -2.49    1.83
  50079.491     9.952    -3.30    1.93
  50457.836     9.021    -2.46    1.60
  50836.136     8.387    -1.67    1.40
  51214.391     8.651     0.70    1.63
  51592.601     9.365     1.89    1.73
  51970.767    10.493     2.98    2.08
  52348.888    11.804     3.47    2.09
  52726.965    12.739     2.47    1.74
  53104.997    12.324    -1.10    2.25
  53482.984    10.230    -5.54    3.44
  53860.927     7.692    -6.72    3.42
  54238.825     5.549    -5.67    3.07
  54616.678     3.362    -5.79    2.00
  54994.487     2.436    -2.45    1.48
  55372.252     2.268    -0.44    1.51
  55749.971     2.561     0.78    1.55
  56127.647     3.132     1.51    1.70
  56505.278     3.727     1.57    1.63
  56882.864     3.613    -0.30    1.59
  57260.406     3.494    -0.32    1.77
  57637.904     2.794    -1.85    1.70
  58015.357     2.001    -2.10    1.54
  58392.766     1.901    -0.26    1.26
  58770.130     1.952     0.13    1.57
  59147.450     2.123     0.45    1.61
  59524.726     1.921    -0.54    1.55
  59901.957     1.324    -1.58    1.31
  60279.144     1.111    -0.56    1.24
  60656.287     0.985    -0.33    1.11
  61033.386     0.768    -0.57    1.15
  61410.440     0.678    -0.24    1.31
  61787.450     0.385    -0.78    1.24
  62164.416    -0.015    -1.06    1.06
  62541.337     0.020     0.09    1.03
  62918.215    -0.145    -0.44    1.09
  63295.048    -0.252    -0.29    1.05
  63671.837    -0.549    -0.79    1.11
  64048.582    -0.835    -0.76    1.11
  64425.283    -0.852    -0.04    1.10
  64801.940    -1.016    -0.44    0.97
  65178.552    -1.589    -1.52    1.66
  65555.121    -2.338    -1.99    2.68
  65931.645    -2.997    -1.75    3.03
  66308.126    -3.532    -1.42    3.16
  66684.562    -3.915    -1.02    3.68
  67060.955    -4.274    -0.95    3.69
  67437.303    -4.655    -1.01    3.61
  67813.608    -5.132    -1.27    3.17
  68189.868    -4.671     1.22    3.27
  68566.085    -3.744     2.47    3.61
  68942.257    -2.145     4.25    3.59
  69318.386    -0.066     5.53    1.66
  69694.471     0.646     1.89    1.17
  70070.512     1.280     1.69    1.12
  70446.509     1.607     0.87    1.05
  70822.463     1.968     0.96    1.01
  71198.372     2.068     0.27    0.97
  71574.238     2.275     0.55    0.93
  71950.060     2.188    -0.23    0.91
  72325.838     2.214     0.07    0.87
  72701.572     2.254     0.11    0.95
  73077.263     2.081    -0.46    1.13
  73452.910     2.083     0.00    1.18
  73828.513     1.968    -0.31    1.18
  74204.073     1.870    -0.26    0.93
  74579.589     1.818    -0.14    0.80
  74955.061     1.851     0.09    0.87
  75330.490     1.951     0.26    1.07
  75705.875     2.460     1.36    1.31
  76081.216     3.020     1.49    1.38
  76456.514     3.411     1.04    1.35
  76831.768     4.312     2.40    1.60
  77206.979     5.000     1.83    1.75
  77582.146     5.735     1.96    1.81
  77957.270     6.101     0.98    1.74
  78332.350     6.571     1.25    1.66
  78707.387     7.273     1.87    1.57
  79082.380     7.968     1.85    1.26
  79457.330     8.503     1.43    1.22
  79832.236     8.771     0.72    1.29
  80207.099     8.785     0.04    1.30
  80581.919     8.351    -1.16    1.49
  80956.695     7.853    -1.33    1.54
  81331.428     7.920     0.18    1.46
  81706.117     8.085     0.44    1.40
  82080.763     8.629     1.45    1.97
  82455.366     8.755     0.34    2.08
  82829.925     8.709    -0.12    2.35
  83204.442     8.629    -0.21    2.24
  83578.915     8.278    -0.94    1.96
  83953.344     8.129    -0.40    2.04
  84327.731     8.188     0.16    1.97
  84702.074     8.368     0.48    2.09
  85076.374     8.116    -0.67    2.61
  85450.631     7.635    -1.28    2.78
  85824.844     7.501    -0.36    2.53
  86199.015     7.358    -0.38    2.11
  86573.142     7.591     0.62    1.60
  86947.227     8.089     1.33    1.36
  87321.268     9.146     2.82    1.64
  87695.266    10.477     3.56    2.64
  88069.221    11.936     3.90    2.76
  88443.133    13.468     4.10    2.35
  88817.002    14.885     3.79    1.91
  89190.828    16.178     3.46    1.95
  89564.610    17.468     3.45    2.60
  89938.350    19.001     4.10    2.73
  90312.047    20.727     4.62    2.51
  90685.701    22.542     4.86    2.06
  91059.312    24.141     4.28    2.16
  91432.880    26.301     5.78    3.22
  91806.406    29.799     9.36    4.51
  92179.888    34.694    13.11    7.50
  92553.327    43.853    24.53   11.32
  92926.724    52.198    22.34   11.72
  93300.078    62.194    26.77    9.54
  93673.388    69.701    20.11    7.76
  94046.656    76.185    17.37    7.50
  94419.882    81.882    15.26    5.68
  94793.064    85.870    10.69    3.40
  95166.204    87.847     5.30    1.74
  95539.301    88.168     0.86    1.70
  95912.355    87.705    -1.24    2.70
  96285.367    87.033    -1.80    3.15
  96658.336    86.218    -2.18    3.73
  97031.262    85.558    -1.77    4.51
  97404.145    84.837    -1.93    4.73
  97776.986    83.485    -3.63    5.17
  98149.785    81.239    -6.02    6.82
  98522.540    78.951    -6.14    9.02
  98895.253    77.629    -3.55    8.15
  99267.924    78.520     2.39    6.89
  99640.551    80.258     4.67    5.36
 100013.137    82.810     6.85    4.78
 100385.680    85.739     7.86    3.43
 100758.180    87.358     4.35    2.61
 101130.638    87.113    -0.66    2.71
 101503.053    85.837    -3.43    3.51
 101875.426    84.689    -3.08    3.38
 102247.756    82.551    -5.74    3.41
 102620.044    81.001    -4.16    3.46
 102992.289    78.775    -5.98    3.36
 103364.492    76.917    -4.99    2.46
 103736.653    76.113    -2.16    1.93
 104108.771    76.129     0.04    1.76
 104480.847    76.214     0.23    1.79
 104852.881    75.868    -0.93    2.02
 105224.872    74.791    -2.90    2.16
 105596.821    73.635    -3.11    2.06
 105968.728    72.748    -2.38    2.02
 106340.592    71.837    -2.45    1.53
 106712.414    71.722    -0.31    1.68
 107084.194    71.751     0.08    1.98
 107455.932    71.751     0.00    2.00
 107827.627    71.694    -0.15    1.80
 108199.280    71.520    -0.47    1.76
 108570.891    70.673    -2.28    1.88
 108942.460    69.709    -2.59    1.74
 109313.987    68.804    -2.44    1.81
 109685.471    67.744    -2.85    1.71
 110056.914    66.835    -2.45    1.88
 110428.314    66.285    -1.48    1.63
 110799.672    65.794    -1.32    1.40
 111170.988    65.345    -1.21    1.32
 111542.262    65.181    -0.44    1.16
 111913.495    64.646    -1.44    1.33
 112284.685    64.085    -1.51    1.52
 112655.833    63.835    -0.67    1.46
 113026.939    63.544    -0.78    1.29
 113398.003    63.394    -0.40    1.41
 113769.025    63.623     0.62    1.28
 114140.005    63.640     0.05    1.43
 114510.943    63.772     0.35    1.63
 114881.839    64.565     2.14    2.07
 115252.694    65.070     1.36    1.94
 115623.506    65.235     0.44    2.04
 115994.277    65.673     1.18    2.39
 116365.005    66.818     3.09    3.22
 116735.692    68.307     4.02    3.88
 117106.337    69.735     3.85    3.57
 117476.941    70.468     1.98    2.96
 117847.502    70.392    -0.21    2.41
 118218.022    69.148    -3.36    2.73
 118588.500    67.266    -5.08    2.71
 118958.936    66.181    -2.93    2.34
 119329.331    66.175    -0.02    2.59
 119699.683    66.214     0.11    2.60
 120069.994    65.915    -0.81    2.56
 120440.264    65.001    -2.47    2.50
 120810.491    63.765    -3.34    2.39
 121180.678    62.619    -3.09    1.89
 121550.822    61.835    -2.12    1.35
 121920.925    61.494    -0.92    1.19
 122290.986    61.053    -1.19    1.41
 122661.006    60.591    -1.25    1.29
 123030.984    60.680     0.24    1.30
 123400.920    60.551    -0.35    1.25
 123770.815    60.524    -0.08    1.09
 124140.668    60.121    -1.09    1.54
 124518.723    59.533    -1.56    1.58
 124897.019    59.108    -1.12    1.72
 125275.271    58.694    -1.10    1.60
 125653.480    58.612    -0.22    1.32
 126031.645    58.868     0.68    1.13
 126409.767    59.404     1.42    1.21
 126787.845    59.785     1.01    1.30
 127165.880    60.268     1.28    1.29
 127543.871    60.582     0.83    1.21
 127921.818    60.739     0.41    1.22
 128299.723    60.544    -0.51    1.32
 128677.583    60.218    -0.86    1.40
 129055.401    60.001    -0.57    1.09
 129433.174    59.851    -0.40    1.01
 129810.905    59.751    -0.26    1.08
 130188.592    59.916     0.44    1.23
 130566.236    60.378     1.22    1.38
 130943.836    61.341     2.55    2.08
 131321.393    62.460     2.96    2.42
 131698.907    63.558     2.91    2.69
 132076.377    64.036     1.27    2.83
 132453.805    64.866     2.20    3.35
 132831.188    65.748     2.34    3.81
 133208.529    66.525     2.06    4.07
 133585.827    67.468     2.50    4.33
 133963.081    68.785     3.49    4.54
 134340.292    70.510     4.57    4.60
 134717.460    72.444     5.12    5.01
 135094.584    75.019     6.83    5.06
 135471.666    76.268     3.31    4.38
 135848.704    76.758     1.30    3.57
 136225.699    76.054    -1.87    3.24
 136602.652    74.280    -4.71    3.46
 136979.561    72.389    -5.01    3.17
 137356.427    70.935    -3.86    2.65
 137733.250    69.813    -2.98    1.83
 138110.029    70.239     1.13    2.43
 138486.766    71.492     3.32    3.44
 138863.460    72.833     3.56    3.42
 139240.111    74.985     5.71    3.40
 139616.719    76.647     4.41    2.94
 139993.284    77.823     3.12    2.50
 140369.806    79.209     3.68    1.86
 140746.285    79.635     1.13    1.64
 141122.722    79.345    -0.77    2.03
 141499.115    78.201    -3.04    2.91
 141875.465    76.141    -5.48    3.47
 142251.773    74.075    -5.49    2.75
 142628.038    73.558    -1.37    2.80
 143004.260    73.629     0.19    3.07
 143380.439    73.952     0.86    2.85
 143756.575    73.358    -1.58    2.94
 144132.669    72.087    -3.38    2.85
 144508.719    70.168    -5.10    2.86
 144884.727    68.509    -4.41    3.20
 145260.693    66.460    -5.45    3.10
 145636.615    65.290    -3.11    3.21
 146012.495    64.689    -1.60    3.61
 146388.333    63.641    -2.79    4.39
 146764.127    62.002    -4.36    4.78
 147139.879    59.435    -6.83    4.91
 147515.588    56.444    -7.96    4.70
 147891.255    53.510    -7.81    4.45
 148266.879    51.451    -5.48    3.91
 148642.461    49.533    -5.11    3.17
 149018.000    48.004    -4.07    2.57
 149393.496    46.886    -2.98    2.64
 149768.950    45.658    -3.27    2.34
 150144.361    44.381    -3.40    2.07
 150519.730    43.618    -2.03    1.86
 150895.056    42.765    -2.27    1.87
 151270.340    42.097    -1.78    2.35
 151645.582    42.409     0.83    2.51
 152020.781    43.595     3.16    3.41
 152395.937    45.354     4.69    3.34
 152771.051    47.017     4.43    2.75
 153146.123    48.261     3.32    2.72
 153521.152    50.089     4.87    3.54
 153896.139    52.612     6.73    3.57
 154271.084    54.411     4.80    3.56
 154645.986    57.155     7.32    3.63
 155020.846    60.118     7.90    4.19
 155395.664    63.452     8.89    4.66
 155770.440    65.799     6.26    3.55
 156145.173    66.460     1.76    2.64
 156519.864    65.077    -3.69    3.49
 156894.512    62.296    -7.42    4.43
 157269.119    60.141    -5.75    4.13
 157643.683    57.585    -6.82    5.07
 158018.205    53.509   -10.88    5.90
 158392.685    51.185    -6.21    5.36
 158767.123    49.070    -5.65    3.34
 159141.519    49.182     0.30    2.82
 159515.872    50.788     4.29    3.26
 159890.183    52.432     4.39    2.90
 160264.453    53.821     3.71    2.96
 160638.680    55.510     4.52    3.35
 161012.865    57.256     4.66    3.59
 161387.008    59.651     6.40    3.38
 161761.109    61.493     4.92    3.07
 162135.168    63.341     4.94    3.11
 162509.186    65.278     5.18    3.08
 162883.161    67.404     5.68    3.39
 163257.094    69.416     5.38    2.93
 163630.985    70.268     2.28    1.99
 164004.834    69.951    -0.85    1.99
 164378.642    68.722    -3.29    2.48
 164752.407    67.188    -4.10    2.19
 165126.131    66.290    -2.40    2.11
 165499.812    65.624    -1.78    2.27
 165873.452    65.612    -0.03    2.13
 166247.050    65.382    -0.62    2.09
 166620.606    65.121    -0.70    1.85
 166994.121    65.500     1.02    1.41
 167367.593    65.554     0.14    1.44
 167741.024    65.368    -0.50    1.48
 168114.413    64.604    -2.04    2.33
 168487.760    62.935    -4.47    2.93
 168861.066    61.106    -4.90    2.95
 169234.329    58.984    -5.68    3.38
 169607.552    56.527    -6.58    3.63
 169980.732    53.866    -7.13    4.36
 170353.871    49.601   -11.43    5.70
 170726.968    46.460    -8.42    5.32
 171100.023    43.601    -7.66    3.67
 171473.037    42.744    -2.30    3.22
 171846.009    43.837     2.93    3.92
 172218.940    46.589     7.38    4.58
 172591.829    49.796     8.60    4.56
 172964.676    52.612     7.55    3.89
 173337.482    55.065     6.58    2.97
 173710.247    56.341     3.42    2.25
 174082.970    56.251    -0.24    2.05
 174455.651    55.079    -3.14    2.76
 174828.291    53.239    -4.94    2.99
 175200.889    50.205    -8.14    3.81
 175573.446    48.040    -5.81    3.13
 175945.962    47.903    -0.37    2.99
 176318.436    48.968     2.86    3.57
 176690.869    51.673     7.26    2.75
 177063.260    52.934     3.39    1.61
 177435.610    53.089     0.42    1.61
 177807.919    52.188    -2.42    2.17
 178180.186    51.132    -2.84    2.20
 178552.412    50.510    -1.67    2.75
 178924.596    50.897     1.04    3.11
 179296.740    51.280     1.03    2.95
 179668.842    51.126    -0.41    2.56
 180040.902    50.951    -0.47    2.11
 180412.922    50.985     0.09    2.01
 180784.900    52.525     4.14    2.95
 181156.837    54.951     6.52    3.16
 181528.733    56.727     4.77    2.61
 181900.588    57.527     2.15    1.82
 182272.401    56.968    -1.50    2.18
 182644.173    55.158    -4.87    2.36
 183015.904    53.358    -4.84    2.20
 183387.594    51.651    -4.59    2.18
 183759.243    50.209    -3.88    2.05
 184130.851    48.935    -3.43    2.14
 184502.418    47.859    -2.89    1.83
 184873.943    46.818    -2.80    1.88
 185245.428    45.611    -3.25    2.05
 185616.871    43.821    -4.82    2.72
 185988.274    41.365    -6.61    3.21
 186359.635    39.003    -6.36    3.20
 186730.956    37.351    -4.45    2.68
 187102.235    35.662    -4.55    2.61
 187473.473    33.765    -5.11    2.30
 187844.671    32.222    -4.15    2.26
 188215.828    30.524    -4.58    2.45
 188586.943    29.151    -3.70    2.01
 188958.018    28.544    -1.64    1.76
 189329.052    28.399    -0.39    1.94
 189700.045    28.394    -0.01    2.18
 190070.997    28.022    -1.00    2.17
 190441.908    27.235    -2.12    2.07
 190812.779    26.768    -1.26    1.98
 191183.609    26.409    -0.97    1.62
 191554.397    26.141    -0.72    1.46
 191925.145    26.317     0.48    1.68
 192295.853    26.680     0.98    1.63
 192666.519    27.089     1.10    1.44
 193037.145    27.218     0.35    1.70
 193407.730    27.138    -0.22    2.03
 193778.274    27.171     0.09    2.03
 194148.778    27.443     0.73    1.92
 194519.241    27.739     0.80    1.64
 194889.663    28.670     2.51    1.93
 195260.045    29.935     3.41    2.16
 195630.386    31.431     4.04    2.20
 196000.686    33.066     4.42    2.47
 196370.946    34.503     3.88    2.12
 196741.165    35.985     4.00    2.12
 197111.344    38.188     5.95    2.96
 197481.482    40.104     5.17    3.41
 197851.579    42.468     6.39    3.38
 198221.636    44.755     6.18    2.90
 198591.653    46.761     5.42    2.02
 198961.629    47.816     2.85    1.73
 199338.815    48.258     1.17    1.76
 199717.020    48.330     0.19    1.99
 200095.183    48.554     0.59    1.98
 200473.303    48.451    -0.27    2.10
 200851.381    48.887     1.15    1.70
 201229.416    49.426     1.42    1.34
 201607.409    49.765     0.90    1.14
 201985.360    50.047     0.75    0.83
 202363.268    50.053     0.01    0.82
 202741.134    50.101     0.13    0.96
 203118.957    50.386     0.75    1.37
 203496.739    50.624     0.63    1.54
 203874.478    50.915     0.77    1.87
 204252.174    51.155     0.63    1.93
 204629.828    51.083    -0.19    1.84
 205007.441    51.003    -0.21    1.55
 205385.010    50.385    -1.64    1.48
 205762.538    49.524    -2.28    1.90
 206140.023    48.451    -2.84    2.39
 206517.467    47.089    -3.61    2.56
 206894.868    46.081    -2.67    2.79
 207272.227    45.866    -0.57    2.44
 207649.543    46.108     0.64    2.08
 208026.818    46.823     1.89    1.93
 208404.050    47.718     2.37    1.65
 208781.241    48.002     0.75    1.67
 209158.389    48.121     0.31    2.01
 209535.495    48.095    -0.07    1.97
 209912.560    47.612    -1.28    2.02
 210289.582    47.036    -1.53    2.48
 210666.562    47.016    -0.05    2.31
 211043.500    47.290     0.73    2.00
 211420.396    47.235    -0.15    1.81
 211797.250    46.114    -2.97    2.79
 212174.062    43.657    -6.52    4.06
 212550.833    42.218    -3.82    3.52
 212927.561    42.518     0.80    3.07
 213304.247    42.855     0.89    3.11
 213680.892    41.796    -2.81    3.89
 214057.494    40.068    -4.59    4.10
 214434.055    38.524    -4.10    3.11
 214810.574    39.751     3.26    3.49
 215187.051    42.108     6.26    4.01
 215563.486    44.629     6.70    3.53
 215939.880    46.917     6.08    1.83
 216316.231    47.847     2.47    1.29
 216692.541    48.568     1.91    1.18
 217068.809    49.227     1.75    1.28
 217445.036    49.646     1.11    1.44
 217821.220    49.863     0.58    1.44
 218197.363    49.607    -0.68    1.52
 218573.465    49.382    -0.60    1.36
 218949.524    49.192    -0.50    1.43
 219325.542    49.263     0.19    1.74
 219701.518    49.917     1.74    2.12
 220077.453    50.424     1.35    2.21
 220453.346    50.968     1.45    2.46
 220829.197    51.755     2.09    2.32
 221205.007    52.325     1.52    2.04
 221580.775    53.034     1.88    1.54
 221956.502    53.731     1.86    1.09
 222332.187    54.002     0.72    0.91
 222707.831    54.020     0.05    0.94
 223083.433    53.915    -0.28    1.03
 223458.993    53.568    -0.92    1.14
 223834.513    53.504    -0.17    1.32
 224209.990    53.476    -0.07    1.34
 224585.426    53.347    -0.34    1.37
 224960.821    53.313    -0.09    1.40
 225336.174    53.324     0.03    1.44
 225711.486    53.612     0.77    1.42
 226086.757    54.106     1.32    1.29
 226461.986    54.101    -0.01    1.75
 226837.174    53.394    -1.88    2.31
 227212.320    52.249    -3.05    2.23
 227587.426    51.001    -3.32    1.67
 227962.489    49.968    -2.75    1.33
 228337.512    49.503    -1.24    1.10
 228712.493    49.126    -1.00    1.00
 229087.433    49.401     0.73    1.29
 229462.332    49.849     1.19    1.59
 229837.189    49.807    -0.11    1.70
 230212.006    48.903    -2.41    2.45
 230586.781    47.404    -4.00    2.47
 230961.515    46.054    -3.60    2.05
 231336.207    45.003    -2.81    1.49
 231710.859    44.371    -1.68    1.43
 232085.469    44.104    -0.71    1.24
 232460.039    44.141     0.10    1.17
 232834.567    44.312     0.46    1.15
 233209.054    44.368     0.15    1.25
 233583.500    44.617     0.67    1.23
 233957.905    44.718     0.27    1.10
 234332.268    44.629    -0.24    1.09
 234706.591    44.522    -0.29    1.13
 235080.873    43.853    -1.79    1.36
 235455.114    42.629    -3.27    1.69
 235829.313    41.416    -3.24    1.83
 236203.472    40.101    -3.51    1.70
 236577.590    39.104    -2.67    1.38
 236951.667    38.209    -2.39    1.47
 237325.703    37.451    -2.03    1.85
 237699.698    36.214    -3.31    2.00
 238073.652    34.950    -3.38    1.71
 238447.565    33.916    -2.76    1.49
 238821.438    33.057    -2.30    1.42
 239195.269    32.444    -1.64    1.46
 239569.060    31.813    -1.69    1.66
 239942.810    31.121    -1.85    1.70
 240316.519    30.329    -2.12    1.54
 240690.187    29.687    -1.72    1.44
 241063.814    29.451    -0.63    1.49
 241437.401    28.986    -1.24    1.37
 241810.947    28.722    -0.71    1.23
 242184.452    28.600    -0.33    1.13
 242557.916    28.083    -1.38    1.03
 242931.340    27.680    -1.08    1.05
 243304.723    27.038    -1.72    1.08
 243678.065    26.460    -1.55    1.07
 244051.367    25.951    -1.36    1.14
 244424.628    25.261    -1.85    1.14
 244797.848    24.692    -1.52    1.20
 245171.028    24.329    -0.97    1.21
 245544.167    23.968    -0.97    1.21
 245917.266    23.748    -0.59    1.37
 246290.324    23.695    -0.14    1.35
 246663.341    23.951     0.68    1.30
 247036.318    23.968     0.05    1.27
 247409.254    24.065     0.26    1.20
 247782.150    24.709     1.73    1.47
 248155.005    24.899     0.51    1.49
 248527.820    24.920     0.06    1.28
 248900.595    24.782    -0.37    1.43
 249273.329    23.899    -2.37    1.35
 249646.022    23.077    -2.20    1.01
 250018.675    22.663    -1.11    1.09
 250391.288    22.290    -1.00    1.18
 250763.860    21.886    -1.08    1.02
 251136.392    21.612    -0.74    0.92
 251508.883    21.141    -1.27    1.17
 251881.334    20.268    -2.34    1.37
 252253.745    19.731    -1.44    1.39
 252626.115    19.623    -0.29    1.38
 252998.445    20.020     1.06    1.56
 253370.735    20.591     1.53    1.55
 253742.985    21.459     2.33    0.95
 254115.194    21.525     0.18    0.98
 254487.363    21.616     0.24    1.12
 254859.492    21.901     0.77    1.09
 255231.580    22.284     1.03    1.28
 255603.629    22.651     0.99    1.27
 255975.637    23.290     1.72    1.11
 256347.605    23.434     0.39    1.06
 256719.532    23.595     0.43    1.02
 257091.420    23.561    -0.09    1.00
 257463.268    23.512    -0.13    0.93
 257835.075    23.658     0.39    0.99
 258206.842    23.853     0.53    1.02
 258578.569    23.790    -0.17    1.16
 258950.257    23.218    -1.54    1.78
 259321.904    22.623    -1.60    1.90
 259693.511    21.641    -2.64    1.64
 260065.077    20.863    -2.09    1.32
 260436.604    20.575    -0.78    1.14
 260808.091    20.561    -0.04    1.12
 261179.538    20.727     0.45    1.17
 261550.945    21.035     0.83    1.04
 261922.312    21.188     0.41    0.89
 262293.639    21.284     0.26    0.93
 262664.926    21.658     1.01    1.14
 263036.173    22.181     1.41    1.32
 263407.381    22.647     1.25    1.03
 263778.548    22.901     0.69    0.97
 264149.676    22.895    -0.02    1.05
 264520.763    22.675    -0.59    1.03
 264891.811    22.612    -0.17    0.96
 265262.819    22.558    -0.15    0.97
 265633.787    22.296    -0.71    1.07
 266004.716    22.313     0.05    1.13
 266375.604    22.323     0.03    1.36
 266746.453    22.192    -0.35    1.17
 267117.262    22.038    -0.42    0.90
 267488.031    21.665    -1.01    1.01
 267858.761    21.697     0.09    1.22
 268229.451    21.736     0.11    1.40
 268600.101    22.019     0.76    1.50
 268970.711    21.825    -0.52    2.02
 269341.282    20.512    -3.54    2.67
 269711.813    18.663    -4.99    2.94
 270082.304    16.722    -5.24    2.13
 270452.756    15.227    -4.04    1.68
 270823.168    14.365    -2.33    1.39
 271193.541    13.668    -1.88    1.15
 271563.874    13.188    -1.29    1.08
 271934.167    12.778    -1.11    1.03
 272304.421    12.423    -0.96    0.79
 272674.635    12.104    -0.86    0.75
 273044.810    11.932    -0.46    0.79
 273414.946    11.624    -0.83    0.91
 273785.041    11.379    -0.66    0.95
 274161.469    10.652    -1.93    1.80
 274539.585    10.256    -1.05    1.74
 274917.661     9.968    -0.76    1.68
 275295.695     9.744    -0.59    1.49
 275673.688     9.830     0.23    0.98
 276051.639     9.701    -0.34    0.92
 276429.549     9.647    -0.14    0.92
 276807.418     9.785     0.37    1.05
 277185.246     9.782    -0.01    1.04
 277563.032     9.670    -0.30    0.84
 277940.777     9.641    -0.08    0.66
 278318.481     9.600    -0.11    0.67
 278696.144     9.714     0.30    0.78
 279073.765     9.695    -0.05    0.76
 279451.345     9.788     0.24    0.76
 279828.884     9.865     0.20    0.72
 280206.382     9.951     0.23    1.03
 280583.839     9.751    -0.53    1.29
 280961.255     9.629    -0.32    1.52
 281338.630     9.845     0.57    1.46
 281715.963     9.801    -0.12    1.02
 282093.255     9.816     0.04    0.98
 282470.507     9.830     0.04    1.02
 282847.717     9.739    -0.24    0.99
 283224.886     9.612    -0.34    0.98
 283602.015     9.572    -0.11    0.99
 283979.102     9.578     0.02    0.95
 284356.148     9.540    -0.10    0.97
 284733.154     9.503    -0.10    0.98
 285110.118     9.499    -0.01    1.08
