# NaN NaN NaN ;Mean Elev.(m), Avg Gradient(m/km), RMS Gradient(m/km) - SRTM1     
#  -15.948   0.013   3.966 ;Mean Elev.(m), Avg Gradient(m/km), RMS Gradient(m/km) - ASTER GDEM
#   -9.585   0.192   1.732 ;Mean Elev.(m), Avg Gradient(m/km), RMS Gradient(m/km) - GMTED2010 
  8  44.908809  48.479213   -11.308   -11.377  4 52499.31897896 23.294
 11  44.905463  48.478452   -11.871   -11.589  5 52604.31897990 18.794
 12  44.914437  48.477862    -9.344    -9.354  4 52639.31896039 43.339
 13  44.908073  48.478263    -9.498   -10.299  4 52674.31895655 26.149
 14  44.914329  48.477348   -10.778   -10.773  4 52709.31897125 47.430
 16  44.916260  48.476512    -5.812    -5.821  4 52779.31893576 29.568
 17  44.914088  48.476588    -9.371    -9.481  4 52814.31902000 19.774
 18  44.914846  48.475777    -9.984   -10.051  4 52849.31907300 16.314
 19  44.907875  48.479300   -12.271   -12.319  4 52884.31910809 37.343
 20  44.907670  48.478252   -10.767   -10.697  4 52919.31906469 15.248
 21  44.922756  48.477889    -9.916    -9.910  3 52954.31902760 27.157
 22  44.920240  48.475611   -10.483   -10.373  3 52989.31903712 21.115
 23  44.914835  48.478312   -11.450   -11.475  4 53024.31901962 50.996
 24  44.921244  48.476222   -11.834   -11.860  4 53059.31901702 51.957
 25  44.899443  48.479845   -11.592   -12.205  5 53094.31905479 24.227
 26  44.919931  48.475776    -5.688    -5.687  4 53129.31902651 39.377
 28  44.912254  48.478349   -10.642   -10.591  4 53199.31909575 41.450
 29  44.916721  48.477345   -10.042    -9.955  4 53234.31906589 17.518
 30  44.917529  48.475636   -10.587   -10.433  4 53269.31903212 16.357
 31  44.907965  48.478702   -12.250   -12.238  4 53304.31909308 35.776
 32  44.907827  48.477929   -11.833   -12.012  4 53339.31906211 16.534
 33  44.906741  48.478685   -11.923   -11.961  5 53374.31899389 35.401
 34  44.915956  48.477453    -8.499    -8.493  4 53409.31903579 48.768
 35  44.903696  48.478628   -10.714   -10.786  4 53444.31901945 22.655
 36  44.908730  48.478227    -9.980   -10.010  4 53479.31909749 20.899
 37  44.910588  48.477333    -5.215    -5.193  4 53514.31910520 48.280
 38  44.904316  48.479320   -11.691   -11.740  5 53549.31912395 45.422
 39  44.909440  48.477203   -12.013   -11.974  4 53584.31908752 34.163
 40  44.900011  48.478936   -11.944   -12.011  5 53619.31904402 32.668
 41  44.912710  48.476245    -8.097    -7.959  4 53654.31906958 14.900
 42  44.906976  48.477987   -12.234   -12.505  4 53689.31906538 23.247
 43  44.905877  48.478110   -12.165   -12.190  4 53724.31898989 53.737
 44  44.923487  48.476057    -9.909    -9.901  3 53759.31893136 27.063
 45  44.911909  48.478282   -11.629   -11.682  4 53794.31895079 16.549
 46  44.921480  48.476139    -9.762    -9.993  4 53829.31892566 21.863
 47  44.912013  48.478091    -7.656    -7.624  4 53864.31900570 42.174
 48  44.911976  48.477237   -10.535   -10.514  4 53899.31903098 43.408
 49  44.900976  48.478158   -12.260   -12.268  5 53934.31907511 43.917
 50  44.903373  48.478769   -12.483   -12.485  5 53969.31904562 46.614
 51  44.920882  48.475584   -10.930   -10.693  3 54004.31901876 16.717
 52  44.917034  48.476757   -12.646   -12.623  3 54039.31905166 28.120
 53  44.910104  48.476822   -12.065   -12.073  4 54074.31904646 46.697
 54  44.902037  48.479351   -12.449   -12.803  5 54109.31899146 25.771
 55  44.914573  48.477644   -12.086   -12.012  4 54144.31898363 18.233
 57  44.913182  48.478553    -5.917    -5.859  4 54214.31899118 39.067
 58  44.911495  48.476888    -7.811    -7.803  4 54249.31901914 25.219
 59  44.911001  48.477299    -9.961    -9.972  4 54284.31902707 18.010
 60  44.912186  48.478941   -10.999   -11.092  4 54319.31902422 19.369
 61  44.906938  48.478625   -11.408   -11.573  5 54354.31898775 13.747
 62  44.912131  48.476006   -11.533   -11.613  4 54389.31896507 12.228
 63  44.908377  48.478032   -11.956   -12.139  4 54424.31893790 17.352
 64  44.916818  48.477716   -12.539   -12.535  4 54459.31893997 48.729
 65  44.909515  48.478866   -10.496   -10.499  4 54494.31894240 32.317
 66  44.915587  48.476614    -9.677    -9.862  4 54529.31895306 16.504
 67  44.905359  48.478401   -12.221   -12.327  5 54564.31894930 15.538
 68  44.911307  48.476747    -7.627    -7.642  4 54599.31894843 25.301
 69  44.909664  48.477321   -12.308   -12.308  4 54634.31896123 45.107
 70  44.908863  48.478051   -11.465   -11.556  5 54669.31896577 19.077
 71  44.908242  48.477926   -11.832   -11.829  5 54704.31892945 19.666
 72  44.915308  48.478594   -12.400   -12.391  4 54739.31892801 24.012
 73  44.909430  48.477861   -12.493   -12.546  4 54774.31891096 18.834
 74  44.915268  48.475838   -11.393   -11.388  4 54809.31892200 27.997
 75  44.908825  48.477909    -9.495    -9.464  4 54844.31890899 35.861
 76  44.911691  48.477685   -10.590   -10.502  5 54879.31892524 33.528
 77  44.904614  48.479484   -12.270   -12.217  5 54914.31891288 43.702
 78  44.911055  48.476993    -6.636    -6.646  4 54949.31891729 51.283
 79  44.910340  48.478820    -8.439    -8.429  4 54984.31894220 50.861
 80  44.911502  48.478076   -10.429   -10.470  4 55019.31893849 16.090
 81  44.910301  48.477559   -12.386   -12.331  4 55054.31893456 38.354
 82  44.905493  48.479108   -13.270   -13.212  5 55089.31889507 21.651
 83  44.914064  48.477234   -12.541   -12.555  4 55124.31887203 44.097
 84  44.907280  48.478645   -12.712   -12.679  4 55159.31885622 25.424
 85  44.916096  48.478222   -12.342   -12.345  4 55194.31886167 30.760
 86  44.905518  48.477855    -8.644    -8.667  5 55229.31885873 21.741
 87  44.912735  48.477573   -10.015    -9.995  4 55264.31885729 17.976
 88  44.906876  48.478278   -12.413   -12.897  5 55299.31884110 26.352
 89  44.908844  48.477978    -7.307    -7.358  4 55334.31883458 29.868
 90  44.910696  48.478614    -9.945    -9.991  4 55369.31882576 17.951
 91  44.914583  48.476171   -11.364   -11.502  4 55404.31884282 20.053
 92  44.910299  48.478336   -11.517   -11.563  5 55439.31884393 17.613
 93  44.906226  48.478511   -12.747   -13.043  4 55474.31879055 15.829
