# NaN NaN NaN ;Mean Elev.(m), Avg Gradient(m/km), RMS Gradient(m/km) - SRTM1     
#  -27.643  -2.188   4.145 ;Mean Elev.(m), Avg Gradient(m/km), RMS Gradient(m/km) - ASTER GDEM
#  -19.868  -1.714   3.391 ;Mean Elev.(m), Avg Gradient(m/km), RMS Gradient(m/km) - GMTED2010 
  7   -16.818 52459.76209458 31.10  46.119196  47.981103 11.479
  7   -16.727 52459.76209523 28.46  46.117876  47.984343 11.479
  7   -16.530 52459.76209587 28.54  46.116536  47.987583 11.479
  7   -16.520 52459.76209652 33.27  46.115206  47.990833 11.479
  7   -16.456 52459.76209716 30.83  46.113886  47.994073 11.479
  7   -16.431 52459.76209845 34.40  46.111226  48.000553 11.479
 10   -18.546 52564.76208497 24.38  46.126004  47.970548 24.188
 10   -18.512 52564.76208561 22.58  46.124679  47.973788 10.866
 10   -18.596 52564.76208626 26.45  46.123349  47.977038 10.866
 10   -18.429 52564.76208690 33.46  46.122019  47.980278 10.866
 10   -18.292 52564.76208755 26.36  46.120689  47.983518 10.866
 10   -18.346 52564.76208819 18.40  46.119359  47.986758 10.866
 10   -16.134 52564.76208884 17.26  46.118029  47.990008 10.866
 10   -14.725 52564.76208948 15.30  46.116699  47.993248 10.866
 10   -14.410 52564.76209013 14.92  46.115369  47.996488 10.866
 10   -18.575 52564.76209077 23.14  46.114039  47.999738 10.866
 10   -18.293 52564.76209142 20.39  46.112709  48.002978 10.866
 10   -18.445 52564.76209206 24.35  46.111369  48.006218 10.866
 10   -18.292 52564.76209271 25.06  46.110039  48.009458 10.866
 16   -12.779 52774.76205422 40.74  46.125608  47.986526 28.410
 16   -12.765 52774.76205486 43.19  46.124278  47.989766 28.410
 16   -12.706 52774.76205551 46.22  46.122948  47.993006 28.410
 16   -12.649 52774.76205615 46.47  46.121618  47.996256 28.410
 16   -12.597 52774.76205680 44.88  46.120288  47.999496 28.410
 16   -12.539 52774.76205744 44.51  46.118958  48.002736 28.410
 16   -12.497 52774.76205809 47.70  46.117628  48.005976 28.410
 16   -12.456 52774.76205873 49.99  46.116298  48.009226 28.410
 16   -12.428 52774.76205938 49.59  46.114978  48.012466 28.410
 16   -12.422 52774.76206002 49.93  46.113638  48.015706 28.410
 16   -12.400 52774.76206067 46.43  46.112318  48.018956 28.410
 20   -18.270 52914.76217713 52.99  46.128612  47.974600 36.782
 20   -18.197 52914.76217777 51.74  46.127282  47.977840 36.782
 20   -18.348 52914.76217842 49.99  46.125952  47.981090 36.782
 20   -18.337 52914.76217906 52.11  46.124622  47.984330 36.782
 20   -18.288 52914.76217971 48.98  46.123292  47.987570 36.782
 20   -18.226 52914.76218035 46.65  46.121962  47.990820 36.782
 20   -18.187 52914.76218100 43.82  46.120632  47.994060 36.782
 20   -18.202 52914.76218164 44.69  46.119302  47.997300 36.782
 20   -18.162 52914.76218229 47.30  46.117972  48.000540 36.782
 20   -18.174 52914.76218293 48.79  46.116652  48.003790 36.782
 20   -18.131 52914.76218358 48.93  46.115322  48.007030 36.782
 20   -18.086 52914.76218422 49.22  46.113982  48.010270 36.782
 20   -18.062 52914.76218486 48.66  46.112662  48.013520 36.782
 22   -18.859 52984.76216182 18.83  46.124563  47.971600 28.172
 22   -19.294 52984.76216246 21.82  46.123232  47.974840  6.547
 22   -19.020 52984.76216311 23.51  46.121902  47.978090  6.547
 22   -18.663 52984.76216375 23.18  46.120572  47.981330  6.547
 22   -18.440 52984.76216440 22.60  46.119252  47.984570  6.547
 22   -18.202 52984.76216504 19.50  46.117912  47.987810  6.547
 22   -18.221 52984.76216569 20.09  46.116582  47.991060  6.547
 22   -18.327 52984.76216633 19.24  46.115252  47.994300  6.547
 22   -18.307 52984.76216698 18.80  46.113922  47.997540  6.547
 22   -18.095 52984.76216762 16.87  46.112602  48.000790  6.547
 22   -18.233 52984.76216826 16.55  46.111262  48.004030  6.547
 22   -18.205 52984.76216891 16.31  46.109932  48.007270  6.547
 23   -17.211 53019.76215318 38.70  46.125856  47.971979 34.024
 23   -17.293 53019.76215382 40.44  46.124526  47.975221 36.483
 23   -17.224 53019.76215447 42.24  46.123196  47.978461 36.483
 23   -17.123 53019.76215511 43.85  46.121866  47.981711 36.483
 23   -17.110 53019.76215576 45.11  46.120536  47.984951 36.483
 23   -17.104 53019.76215640 43.95  46.119206  47.988191 36.483
 23   -17.139 53019.76215705 43.41  46.117876  47.991441 36.483
 23   -17.166 53019.76215769 43.71  46.116546  47.994681 36.483
 23   -17.202 53019.76215834 45.92  46.115216  47.997921 36.483
 23   -17.206 53019.76215898 45.66  46.113896  48.001161 36.483
 23   -17.195 53019.76215963 44.29  46.112566  48.004411 36.483
 23   -17.148 53019.76216027 41.98  46.111236  48.007651 36.483
 23   -17.138 53019.76216092 39.81  46.109906  48.010891 36.483
 28   -17.338 53194.76220280 28.26  46.123232  47.973163 28.717
 28   -17.399 53194.76220345 37.93  46.121902  47.976403 28.717
 28   -17.182 53194.76220409 30.07  46.120572  47.979653 28.717
 28   -17.315 53194.76220474 29.63  46.119242  47.982893 28.717
 28   -17.231 53194.76220538 23.14  46.117912  47.986133 28.717
 28   -17.198 53194.76220603 24.49  46.116582  47.989383 28.717
 28   -17.252 53194.76220667 29.00  46.115252  47.992623 28.717
 28   -17.289 53194.76220732 42.15  46.113922  47.995863 28.717
 28   -16.804 53194.76220796 46.41  46.112602  47.999113 28.717
 28   -17.163 53194.76220861 45.30  46.111262  48.002353 28.717
 28   -17.168 53194.76220925 40.74  46.109932  48.005593 28.717
 29   -17.628 53229.76219217 28.31  46.126886  47.972055 20.264
 29   -17.673 53229.76219282 28.04  46.125561  47.975297 26.960
 29   -17.727 53229.76219346 30.95  46.124231  47.978537 26.960
 29   -17.678 53229.76219411 34.21  46.122901  47.981787 26.960
 29   -17.572 53229.76219475 33.48  46.121571  47.985027 26.960
 29   -17.477 53229.76219540 31.89  46.120241  47.988267 26.960
 29   -17.608 53229.76219604 33.40  46.118911  47.991517 26.960
 29   -17.560 53229.76219669 32.23  46.117581  47.994757 26.960
 29   -17.479 53229.76219733 36.65  46.116261  47.997997 26.960
 29   -17.473 53229.76219798 40.89  46.114931  48.001237 26.960
 29   -17.515 53229.76219862 43.16  46.113601  48.004487 26.960
 29   -17.579 53229.76219927 46.66  46.112271  48.007727 26.960
 29   -17.541 53229.76219991 47.33  46.110931  48.010967 26.960
 30   -18.309 53264.76216352 41.13  46.125901  47.972373 39.125
 30   -18.379 53264.76216417 35.26  46.124569  47.975616 15.051
 30   -18.384 53264.76216481 33.88  46.123249  47.978856 15.051
 30   -18.359 53264.76216546 33.95  46.121919  47.982106 15.051
 30   -18.230 53264.76216610 34.34  46.120589  47.985346 15.051
 30   -18.197 53264.76216675 31.04  46.119259  47.988586 15.051
 30   -18.212 53264.76216739 31.30  46.117929  47.991836 15.051
 30   -18.462 53264.76216804 32.49  46.116599  47.995076 15.051
 30   -18.465 53264.76216868 33.73  46.115269  47.998316 15.051
 30   -18.536 53264.76216933 36.86  46.113939  48.001566 15.051
 30   -18.553 53264.76216997 37.34  46.112619  48.004806 15.051
 30   -18.512 53264.76217061 37.91  46.111289  48.008046 15.051
 30   -18.382 53264.76217126 34.70  46.109949  48.011296 15.051
 33   -17.786 53369.76211990 22.46  46.129543  47.973141 15.811
 33   -17.539 53369.76212055 23.15  46.128210  47.976384 10.951
 33   -17.593 53369.76212119 23.95  46.126890  47.979624 10.951
 33   -17.584 53369.76212184 24.50  46.125560  47.982874 10.951
 33   -17.709 53369.76212248 23.73  46.124230  47.986114 10.951
 33   -17.801 53369.76212313 23.65  46.122900  47.989354 10.951
 33   -17.890 53369.76212377 24.47  46.121570  47.992604 10.951
 33   -18.521 53369.76212442 23.98  46.120240  47.995844 10.951
 33   -17.683 53369.76212506 22.57  46.118910  47.999084 10.951
 33   -17.770 53369.76212571 21.75  46.117580  48.002324 10.951
 33   -17.895 53369.76212635 22.83  46.116250  48.005574 10.951
 33   -18.042 53369.76212699 23.16  46.114930  48.008814 10.951
 33   -18.279 53369.76212764 23.92  46.113600  48.012054 10.951
 33   -18.483 53369.76212828 23.34  46.112270  48.015304 10.951
 35   -14.465 53439.76213978 29.12  46.127292  47.971637 20.830
 35   -14.424 53439.76214043 29.61  46.125958  47.974879 19.305
 35   -14.391 53439.76214107 28.37  46.124638  47.978129 19.305
 35   -14.292 53439.76214172 29.86  46.123308  47.981369 19.305
 35   -14.220 53439.76214236 33.15  46.121978  47.984609 19.305
 35   -14.222 53439.76214300 30.50  46.120648  47.987849 19.305
 35   -14.168 53439.76214365 29.66  46.119318  47.991099 19.305
 35   -14.193 53439.76214429 28.43  46.117988  47.994339 19.305
 35   -14.226 53439.76214494 30.65  46.116658  47.997579 19.305
 35   -14.181 53439.76214558 31.96  46.115328  48.000829 19.305
 35   -14.146 53439.76214623 34.46  46.113998  48.004069 19.305
 35   -14.093 53439.76214687 35.71  46.112678  48.007309 19.305
 35   -14.058 53439.76214752 43.22  46.111338  48.010559 19.305
 39   -17.792 53579.76221509 37.60  46.119286  47.981007 24.401
 39   -17.740 53579.76221574 36.85  46.117956  47.984247 24.401
 39   -17.784 53579.76221638 30.31  46.116626  47.987487 24.401
 39   -17.739 53579.76221703 32.59  46.115296  47.990737 24.401
 39   -17.884 53579.76221767 34.94  46.113966  47.993977 24.401
 39   -17.794 53579.76221896 34.00  46.111316  48.000467 24.401
 40   -18.000 53614.76216742 45.85  46.124009  47.972097 46.184
 40   -17.936 53614.76216806 51.74  46.122675  47.975340 34.278
 40   -17.816 53614.76216871 50.37  46.121355  47.978580 34.278
 40   -17.893 53614.76216935 51.61  46.120025  47.981830 34.278
 40   -17.960 53614.76217000 51.36  46.118695  47.985070 34.278
 40   -17.906 53614.76217064 51.62  46.117365  47.988310 34.278
 40   -17.831 53614.76217129 51.44  46.116035  47.991560 34.278
 40   -17.775 53614.76217193 53.25  46.114705  47.994800 34.278
 40   -17.800 53614.76217257 50.71  46.113375  47.998040 34.278
 40   -17.944 53614.76217322 47.47  46.112045  48.001280 34.278
 40   -17.929 53614.76217386 48.19  46.110715  48.004530 34.278
 40   -17.918 53614.76217451 42.67  46.109395  48.007770 34.278
 43   -18.894 53719.76211433 24.61  46.129421  47.972284 14.171
 43   -18.968 53719.76211497 25.00  46.128086  47.975526  9.690
 43   -18.926 53719.76211562 24.94  46.126766  47.978766  9.690
 43   -18.756 53719.76211626 24.20  46.125436  47.982016  9.690
 43   -18.681 53719.76211691 22.78  46.124106  47.985256  9.690
 43   -18.463 53719.76211755 22.12  46.122776  47.988496  9.690
 43   -17.964 53719.76211820 24.87  46.121446  47.991746  9.690
 43   -19.701 53719.76211884 21.48  46.120116  47.994986  9.690
 43   -18.930 53719.76211948 19.69  46.118786  47.998226  9.690
 43   -19.223 53719.76212013 21.99  46.117456  48.001476  9.690
 43   -19.047 53719.76212077 21.22  46.116126  48.004716  9.690
 43   -19.525 53719.76212142 19.34  46.114806  48.007956  9.690
 43   -19.657 53719.76212206 19.86  46.113466  48.011206  9.690
 43   -20.010 53719.76212271 20.57  46.112146  48.014446  9.690
 44   -16.703 53754.76203946 24.37  46.119542  47.980040  5.130
 44   -16.727 53754.76204010 23.74  46.118212  47.983280  5.130
 44   -16.683 53754.76204075 23.29  46.116882  47.986520  5.130
 44   -16.710 53754.76204139 23.57  46.115552  47.989760  5.130
 44   -16.712 53754.76204204 22.93  46.114222  47.993010  5.130
 45   -16.631 53789.76206758 16.77  46.126772  47.971011  4.850
 45   -16.664 53789.76206823 17.58  46.125439  47.974252  4.212
 45   -16.565 53789.76206887 16.98  46.124109  47.977502  4.212
 45   -16.451 53789.76206952 16.95  46.122779  47.980742  4.212
 45   -16.446 53789.76207016 16.60  46.121449  47.983982  4.212
 45   -16.341 53789.76207081 16.51  46.120119  47.987222  4.212
 45   -16.405 53789.76207145 15.95  46.118789  47.990472  4.212
 45   -16.373 53789.76207210 15.65  46.117459  47.993712  4.212
 45   -16.506 53789.76207274 15.69  46.116129  47.996952  4.212
 45   -16.438 53789.76207339 15.06  46.114809  48.000202  4.212
 45   -16.394 53789.76207403 14.88  46.113469  48.003442  4.212
 45   -16.407 53789.76207468 14.92  46.112149  48.006682  4.212
 45   -16.421 53789.76207532 14.87  46.110809  48.009932  4.212
 53   -19.016 54069.76216317 25.24  46.120080  47.979264  7.900
 53   -19.304 54069.76216382 24.40  46.118750  47.982504  7.900
 53   -19.032 54069.76216446 19.95  46.117420  47.985744  7.900
 53   -18.786 54069.76216511 22.92  46.116090  47.988984  7.900
 53   -18.871 54069.76216575 18.25  46.114770  47.992234  7.900
 53   -18.993 54069.76216639 17.42  46.113430  47.995474  7.900
 54   -17.980 54104.76211670 28.23  46.127274  47.971130 16.305
 54   -18.043 54104.76211735 30.17  46.125944  47.974370 16.305
 54   -18.207 54104.76211799 29.04  46.124609  47.977612  9.265
 54   -18.297 54104.76211864 27.34  46.123289  47.980862  9.265
 54   -18.606 54104.76211928 25.60  46.121959  47.984102  9.265
 54   -18.682 54104.76211993 25.15  46.120629  47.987342  9.265
 54   -18.404 54104.76212057 24.34  46.119299  47.990582  9.265
 54   -18.451 54104.76212122 23.19  46.117969  47.993832  9.265
 54   -18.922 54104.76212186 21.92  46.116639  47.997072  9.265
 54   -18.448 54104.76212251 20.67  46.115309  48.000312  9.265
 54   -18.834 54104.76212315 21.05  46.113979  48.003562  9.265
 54   -18.580 54104.76212380 20.01  46.112649  48.006802  9.265
 54   -18.520 54104.76212444 18.06  46.111329  48.010042  9.265
 56   -16.438 54174.76209702 48.89  46.122667  47.974927 36.620
 56   -16.432 54174.76209766 49.78  46.121337  47.978167 36.620
 56   -16.432 54174.76209831 50.49  46.120007  47.981417 36.620
 56   -16.424 54174.76209895 49.11  46.118677  47.984657 36.620
 56   -16.413 54174.76209960 48.90  46.117347  47.987897 36.620
 56   -16.294 54174.76210024 54.09  46.116017  47.991147 36.620
 56   -16.242 54174.76210089 54.75  46.114687  47.994387 36.620
 56   -16.232 54174.76210153 52.92  46.113357  47.997627 36.620
 56   -16.194 54174.76210218 46.58  46.112037  48.000877 36.620
 56   -16.213 54174.76210282 47.16  46.110697  48.004117 36.620
 56   -16.192 54174.76210347 43.48  46.109377  48.007357 36.620
 60   -17.868 54314.76214217 47.42  46.122552  47.974461 33.691
 60   -17.891 54314.76214282 48.42  46.121222  47.977701 33.691
 60   -17.972 54314.76214346 50.63  46.119892  47.980951 33.691
 60   -17.942 54314.76214411 50.06  46.118562  47.984191 33.691
 60   -17.917 54314.76214475 51.65  46.117232  47.987431 33.691
 60   -17.881 54314.76214540 51.53  46.115902  47.990681 33.691
 60   -17.842 54314.76214604 51.49  46.114572  47.993921 33.691
 60   -17.791 54314.76214669 49.75  46.113252  47.997161 33.691
 60   -17.755 54314.76214733 44.39  46.111922  48.000411 33.691
 61   -18.443 54349.76211085 16.85  46.125859  47.972182 15.526
 61   -18.221 54349.76211149 15.71  46.124531  47.975425  4.282
 61   -18.112 54349.76211214 16.02  46.123201  47.978665  4.282
 61   -17.927 54349.76211278 17.14  46.121871  47.981915  4.282
 61   -17.211 54349.76211343 16.37  46.120541  47.985155  4.282
 61   -17.072 54349.76211407 15.96  46.119211  47.988395  4.282
 61   -17.245 54349.76211472 15.78  46.117881  47.991645  4.282
 61   -17.591 54349.76211536 14.16  46.116551  47.994885  4.282
 61   -18.137 54349.76211601 13.81  46.115221  47.998125  4.282
 61   -18.399 54349.76211665 13.79  46.113901  48.001365  4.282
 61   -18.489 54349.76211730 13.07  46.112571  48.004615  4.282
 61   -18.383 54349.76211794 12.75  46.111241  48.007855  4.282
 61   -18.404 54349.76211859 13.39  46.109901  48.011095  4.282
 63   -18.685 54419.76206078 22.10  46.123224  47.974202 17.778
 63   -18.430 54419.76206142 19.22  46.121892  47.977443  5.694
 63   -18.746 54419.76206207 18.31  46.120562  47.980693  5.694
 63   -18.579 54419.76206271 16.82  46.119232  47.983933  5.694
 63   -18.188 54419.76206336 15.57  46.117902  47.987173  5.694
 63   -18.259 54419.76206400 16.31  46.116572  47.990413  5.694
 63   -18.386 54419.76206465 13.91  46.115242  47.993663  5.694
 63   -18.638 54419.76206529 13.72  46.113912  47.996903  5.694
 63   -18.630 54419.76206594 13.49  46.112582  48.000143  5.694
 63   -18.743 54419.76206658 14.79  46.111252  48.003393  5.694
 63   -18.964 54419.76206723 16.24  46.109922  48.006633  5.694
 65   -16.283 54489.76206067 33.18  46.122953  47.974414 16.254
 65   -16.220 54489.76206132 38.00  46.121623  47.977654 16.254
 65   -16.401 54489.76206196 32.53  46.120293  47.980904 16.254
 65   -16.338 54489.76206261 33.66  46.118963  47.984144 16.254
 65   -16.303 54489.76206325 33.46  46.117633  47.987384 16.254
 65   -16.394 54489.76206390 35.20  46.116303  47.990634 16.254
 65   -16.436 54489.76206454 32.76  46.114973  47.993874 16.254
 65   -16.361 54489.76206519 31.96  46.113643  47.997114 16.254
 65   -16.379 54489.76206583 31.66  46.112313  48.000354 16.254
 65   -16.362 54489.76206648 31.47  46.110983  48.003604 16.254
 65   -16.431 54489.76206712 31.14  46.109653  48.006844 16.254
 67   -18.905 54559.76206925 20.32  46.124613  47.971243 16.667
 67   -18.438 54559.76206989 29.18  46.123283  47.974493 16.667
 67   -18.174 54559.76207054 35.13  46.121953  47.977733 16.667
 67   -18.543 54559.76207118 26.31  46.120623  47.980973 16.667
 67   -18.542 54559.76207183 24.49  46.119293  47.984223 16.667
 67   -18.490 54559.76207247 21.94  46.117963  47.987463 16.667
 67   -18.111 54559.76207312 19.78  46.116633  47.990703 16.667
 67   -18.848 54559.76207376 21.77  46.115303  47.993943 16.667
 67   -18.551 54559.76207440 22.62  46.113973  47.997193 16.667
 67   -18.447 54559.76207505 29.21  46.112653  48.000433 16.667
 67   -18.393 54559.76207569 31.09  46.111313  48.003673 16.667
 67   -18.527 54559.76207634 26.27  46.109993  48.006923 16.667
 71   -18.389 54699.76205258 21.25  46.127303  47.971890 27.343
 71   -18.339 54699.76205322 25.29  46.125973  47.975140 27.343
 71   -18.312 54699.76205387 23.92  46.124643  47.978380 27.343
 71   -18.459 54699.76205451 28.13  46.123313  47.981620 27.343
 71   -18.391 54699.76205516 26.61  46.121983  47.984870 27.343
 71   -18.409 54699.76205580 27.12  46.120653  47.988110 27.343
 71   -18.202 54699.76205644 26.84  46.119323  47.991350 27.343
 71   -18.348 54699.76205709 27.21  46.117993  47.994600 27.343
 71   -18.326 54699.76205773 31.27  46.116663  47.997840 27.343
 71   -18.323 54699.76205838 35.55  46.115343  48.001080 27.343
 71   -18.276 54699.76205902 42.08  46.114013  48.004320 27.343
 71   -18.290 54699.76205967 46.55  46.112683  48.007570 27.343
 71   -18.293 54699.76206031 51.14  46.111353  48.010810 27.343
 73   -19.061 54769.76203298 13.13  46.122482  47.974328  5.123
 73   -18.868 54769.76203362 13.21  46.121152  47.977568  5.123
 73   -19.123 54769.76203427 14.13  46.119822  47.980808  5.123
 73   -18.779 54769.76203491 13.13  46.118492  47.984058  5.123
 73   -18.585 54769.76203556 12.48  46.117162  47.987298  5.123
 73   -18.399 54769.76203620 15.23  46.115832  47.990538  5.123
 73   -18.528 54769.76203685 12.70  46.114502  47.993788  5.123
 73   -18.717 54769.76203749 12.06  46.113182  47.997028  5.123
 73   -18.908 54769.76203814 12.10  46.111852  48.000268  5.123
 77   -16.460 54909.76203300 42.84  46.124588  47.971375 38.132
 77   -16.541 54909.76203365 48.47  46.123258  47.974625 38.132
 77   -16.539 54909.76203429 46.64  46.121928  47.977865 38.132
 77   -16.447 54909.76203493 44.98  46.120598  47.981105 38.132
 77   -16.422 54909.76203558 43.22  46.119268  47.984355 38.132
 77   -16.457 54909.76203622 36.91  46.117938  47.987595 38.132
 77   -16.609 54909.76203687 35.57  46.116608  47.990835 38.132
 77   -16.593 54909.76203751 37.66  46.115278  47.994085 38.132
 77   -16.572 54909.76203816 42.70  46.113948  47.997325 38.132
 77   -16.521 54909.76203880 43.00  46.112628  48.000565 38.132
 77   -16.463 54909.76203945 46.00  46.111298  48.003805 38.132
 77   -16.400 54909.76204009 44.21  46.109968  48.007055 38.132
 82   -18.418 55084.76201859 33.41  46.126827  47.972222 13.702
 82   -18.247 55084.76201923 31.61  46.125507  47.975472 13.702
 82   -18.411 55084.76201987 31.49  46.124177  47.978712 13.702
 82   -18.395 55084.76202052 28.17  46.122847  47.981952 13.702
 82   -18.365 55084.76202116 25.90  46.121517  47.985202 13.702
 82   -18.418 55084.76202181 25.02  46.120187  47.988442 13.702
 82   -17.974 55084.76202245 22.06  46.118857  47.991682 13.702
 82   -18.754 55084.76202310 21.53  46.117527  47.994922 13.702
 82   -18.669 55084.76202374 19.74  46.116197  47.998172 13.702
 82   -18.445 55084.76202439 18.10  46.114877  48.001412 13.702
 82   -18.596 55084.76202503 18.04  46.113537  48.004652 13.702
 82   -18.606 55084.76202568 17.81  46.112217  48.007902 13.702
 82   -18.811 55084.76202632 18.65  46.110887  48.011142 13.702
 88   -18.772 55294.76196396 16.54  46.125439  47.971707  6.097
 88   -18.477 55294.76196460 18.42  46.124109  47.974957  6.097
 88   -17.294 55294.76196525 18.01  46.122779  47.978197  6.097
 88   -16.947 55294.76196589 17.21  46.121449  47.981437  6.097
 88   -16.813 55294.76196654 16.99  46.120119  47.984687  6.097
 88   -16.586 55294.76196718 16.44  46.118789  47.987927  6.097
 88   -16.527 55294.76196783 15.64  46.117459  47.991167  6.097
 88   -16.818 55294.76196847 14.88  46.116129  47.994417  6.097
 88   -17.639 55294.76196912 15.61  46.114799  47.997657  6.097
 88   -18.653 55294.76196976 15.22  46.113479  48.000897  6.097
 88   -18.708 55294.76197041 14.80  46.112149  48.004137  6.097
 88   -18.966 55294.76197105 13.71  46.110819  48.007387  6.097
 90   -18.018 55364.76194502 18.30  46.122763  47.974441 14.874
 90   -17.518 55364.76194567 18.90  46.121433  47.977681 14.874
 90   -17.062 55364.76194631 18.71  46.120103  47.980921 14.874
 90   -16.863 55364.76194696 18.46  46.118773  47.984171 14.874
 90   -16.671 55364.76194760 18.50  46.117443  47.987411 14.874
 90   -16.576 55364.76194825 16.82  46.116113  47.990651 14.874
 90   -14.691 55364.76194889 19.57  46.114783  47.993901 14.874
 90   -18.501 55364.76194954 31.18  46.113453  47.997141 14.874
 90   -17.948 55364.76195018 37.17  46.112133  48.000381 14.874
 90   -18.576 55364.76195083 35.52  46.110793  48.003631 14.874
 90   -18.523 55364.76195147 31.47  46.109473  48.006871 14.874
 92   -18.935 55434.76196180 35.15  46.122327  47.974824 35.295
 92   -18.988 55434.76196244 36.75  46.120997  47.978064 35.295
 92   -19.027 55434.76196309 41.87  46.119667  47.981304 35.295
 92   -18.915 55434.76196373 40.22  46.118337  47.984554 35.295
 92   -18.992 55434.76196438 38.91  46.117007  47.987794 35.295
 92   -18.979 55434.76196502 41.71  46.115677  47.991034 35.295
 92   -18.865 55434.76196567 44.08  46.114347  47.994274 35.295
 92   -18.943 55434.76196631 46.61  46.113027  47.997524 35.295
 92   -19.016 55434.76196696 43.93  46.111697  48.000764 35.295
 93   -19.449 55469.76191557 17.99  46.128272  47.972938  6.920
 93   -19.373 55469.76191621 17.85  46.126952  47.976188  6.920
 93   -19.092 55469.76191686 16.83  46.125622  47.979428  6.920
 93   -19.052 55469.76191750 20.00  46.124292  47.982668  6.920
 93   -18.389 55469.76191815 17.46  46.122962  47.985918  6.920
 93   -17.941 55469.76191879 15.43  46.121632  47.989158  6.920
 93   -18.079 55469.76191944 17.56  46.120302  47.992398  6.920
 93   -18.332 55469.76192008 14.99  46.118972  47.995648  6.920
 93   -19.436 55469.76192073 13.82  46.117642  47.998888  6.920
 93   -18.391 55469.76192137 13.34  46.116312  48.002128  6.920
 93   -19.446 55469.76192202 12.84  46.114992  48.005378  6.920
 93   -19.066 55469.76192266 13.01  46.113662  48.008618  6.920
 93   -19.163 55469.76192331 12.71  46.112332  48.011858  6.920
