-183384.327   145.253     0.00    5.47
-183008.750   143.448    -4.81    5.85
-182633.222   141.144    -6.14    5.20
-182257.744   140.518    -1.67    4.27
-181882.316   141.199     1.82    3.58
-181506.937   143.307     5.62    3.46
-181131.607   146.238     7.81    3.45
-180756.327   148.830     6.91    4.22
-180381.097   151.858     8.07    4.03
-180005.916   153.769     5.10    2.86
-179630.784   155.959     5.84    2.95
-179255.702   157.293     3.56    3.39
-178880.669   158.658     3.64    3.49
-178505.686   159.441     2.09    3.58
-178130.752   159.395    -0.12    4.17
-177755.867   157.816    -4.21    5.34
-177381.031   153.815   -10.68    8.15
-177006.245   147.753   -16.18   10.09
-176631.508   142.003   -15.35    9.74
-176256.821   138.238   -10.05    8.29
-175882.182   138.166    -0.19    8.07
-175507.593   141.900     9.97    8.55
-175133.053   145.356     9.23    6.19
-174758.562   146.898     4.12    5.61
-174384.120   145.467    -3.82    7.23
-174009.727   141.459   -10.71    8.60
-173635.384   136.198   -14.06   10.13
-173261.089   131.359   -12.93   10.72
-172886.844   127.816    -9.47    8.57
-172512.647   126.553    -3.37    7.05
-172138.500   126.784     0.62    6.38
-171764.402   127.492     1.89    6.67
-171390.352   129.873     6.37    7.33
-171016.352   131.846     5.28    7.20
-170642.400   132.861     2.72    6.36
-170268.498   132.102    -2.03    6.12
-169894.644   129.444    -7.11    7.45
-169520.839   127.070    -6.35    7.66
-169147.083   125.843    -3.28    8.10
-168773.376   125.193    -1.74    8.30
-168399.718   124.276    -2.45    7.51
-168026.108   121.122    -8.44    8.45
-167652.547   116.507   -12.36    9.50
-167279.035   110.126   -17.09    8.88
-166905.572   105.892   -11.34    7.96
-166532.158   103.399    -6.68    7.53
-166158.792   103.769     0.99    8.09
-165785.475   106.268     6.70    8.76
-165412.206   110.770    12.06    8.77
-165038.986   115.591    12.92    8.54
-164665.815   119.608    10.77    7.74
-164292.692   120.584     2.62    6.68
-163919.618   118.461    -5.69    7.75
-163546.592   115.587    -7.71    8.44
-163173.615   111.253   -11.62    9.15
-162800.687   107.646    -9.68   10.04
-162427.806   103.553   -10.98   10.79
-162054.975   100.245    -8.87   11.49
-161682.192    95.768   -12.01   11.69
-161309.457    91.594   -11.20   12.61
-160936.771    86.430   -13.86   13.31
-160564.133    82.441   -10.71   12.87
-160191.543    77.420   -13.48   13.07
-159819.002    72.087   -14.32   11.49
-159446.509    67.062   -13.49    8.78
-159074.064    62.737   -11.62    4.47
-158701.668    61.246    -4.00    1.61
-158329.320    60.784    -1.24    1.62
-157957.020    60.507    -0.74    1.69
-157584.769    60.492    -0.04    1.64
-157212.565    60.646     0.41    2.02
-156840.410    61.276     1.69    2.49
-156468.303    61.261    -0.04    2.54
-156096.245    61.193    -0.18    2.39
-155724.234    60.738    -1.22    2.53
-155352.271    60.329    -1.10    2.55
-154980.357    60.608     0.75    3.21
-154608.490    61.694     2.92    4.57
-154236.672    63.150     3.92    6.74
-153864.902    66.458     8.90    9.38
-153493.179    70.011     9.56   11.42
-153121.505    72.106     5.64   12.67
-152749.879    73.547     3.88   12.35
-152378.300    70.162    -9.11   12.23
-152006.770    65.284   -13.13   11.12
-151635.287    60.922   -11.74    8.13
-151263.852    58.056    -7.72    3.98
-150892.466    57.768    -0.78    2.00
-150521.127    58.415     1.74    1.96
-150149.835    58.691     0.74    1.78
-149778.592    58.676    -0.04    1.89
-149407.397    58.630    -0.12    1.92
-149036.249    58.634     0.01    1.78
-148665.149    58.928     0.79    2.61
-148294.097    60.347     3.83    4.61
-147923.092    62.011     4.49    5.99
-147552.135    63.925     5.16    6.68
-147181.226    64.108     0.49    7.25
-146810.365    62.430    -4.53    6.27
-146439.551    60.511    -5.17    4.67
-146068.784    57.984    -6.82    2.71
-145698.066    56.576    -3.80    2.37
-145327.395    55.799    -2.10    2.33
-144956.771    55.833     0.09    3.04
-144586.195    56.632     2.16    4.05
-144215.667    57.363     1.97    4.16
-143845.186    57.922     1.51    3.76
-143474.752    58.581     1.78    3.76
-143104.366    58.553    -0.08    3.77
-142734.028    58.679     0.34    3.77
-142363.736    58.599    -0.21    3.71
-141993.493    58.661     0.17    3.69
-141623.296    58.597    -0.17    4.06
-141253.147    59.046     1.21    4.32
-140883.046    59.979     2.52    5.14
-140512.991    60.768     2.13    6.15
-140142.984    61.991     3.31    6.61
-139773.024    62.866     2.36    6.58
-139403.112    64.189     3.58    7.27
-139033.247    65.606     3.83    7.93
-138663.429    65.953     0.94    7.57
-138293.658    67.816     5.04    7.83
-137923.934    69.835     5.46    9.26
-137554.258    71.738     5.15   10.63
-137184.629    73.721     5.37   11.28
-136815.046    74.980     3.41   12.86
-136445.511    76.876     5.13   14.67
-136076.023    76.615    -0.71   14.14
-135706.583    76.784     0.46   14.21
-135337.189    75.015    -4.79   13.07
-134967.842    73.405    -4.36   12.08
-134598.542    72.599    -2.18   10.97
-134229.290    71.597    -2.72   10.42
-133860.084    70.467    -3.06   11.05
-133487.274    70.199    -0.72   11.66
-133108.483    71.134     2.47   13.45
-132729.740    73.415     6.02   15.70
-132351.048    76.382     7.84   16.69
-131972.405    78.753     6.26   16.10
-131593.811    74.784   -10.48   18.05
-131215.267    65.769   -23.82   18.77
-130836.773    58.141   -20.15   16.91
-130458.328    53.015   -13.55   12.12
-130079.933    48.092   -13.01    1.95
-129701.587    47.606    -1.28    2.26
-129323.291    46.996    -1.61    2.03
-128945.045    46.573    -1.12    1.70
-128566.847    47.253     1.80    1.68
-128188.699    48.394     3.02    1.38
-127810.601    48.925     1.41    1.25
-127432.552    49.369     1.17    1.31
-127054.552    49.801     1.14    1.35
-126676.602    50.180     1.00    1.46
-126298.700    50.673     1.30    1.46
-125920.849    51.293     1.64    1.24
-125543.046    51.815     1.38    1.27
-125165.293    52.450     1.68    1.30
-124787.589    52.922     1.25    1.19
-124409.934    53.322     1.06    1.58
-124032.328    54.597     3.38    2.10
-123654.772    55.816     3.23    2.51
-123277.265    57.619     4.78    2.45
-122899.806    59.203     4.20    2.07
-122522.397    60.541     3.55    2.06
-122145.037    61.721     3.13    1.75
-121767.727    62.430     1.88    1.77
-121390.465    63.569     3.02    1.78
-121013.252    64.430     2.28    1.71
-120636.088    65.261     2.20    1.75
-120258.973    66.284     2.71    1.68
-119881.907    67.436     3.05    1.51
-119504.891    68.576     3.02    1.60
-119127.923    69.974     3.71    2.15
-118751.004    71.944     5.23    3.15
-118374.133    74.399     6.52    3.78
-117997.312    77.341     7.81    3.99
-117620.540    79.956     6.94    3.84
-117243.816    82.199     5.95    4.28
-116867.141    83.880     4.46    4.57
-116490.515    85.269     3.69    4.06
-116113.938    86.770     3.99    4.14
-115737.409    88.261     3.96    4.02
-115360.930    90.576     6.15    4.90
-114984.498    93.499     7.77    5.48
-114608.116    96.800     8.77    5.39
-114231.782    99.646     7.56    4.78
-113855.497   102.300     7.06    3.19
-113479.261   103.784     3.94    2.73
-113103.073   104.947     3.09    3.03
-112726.934   105.995     2.79    3.24
-112350.843   107.350     3.60    3.37
-111974.801   108.278     2.47    3.44
-111598.807   109.268     2.63    3.93
-111222.862   110.769     3.99    3.52
-110846.965   111.492     1.92    2.73
-110471.117   111.081    -1.09    2.92
-110095.317   108.848    -5.94    4.47
-109719.566   104.799   -10.78    5.78
-109343.863   101.156    -9.70    5.68
-108968.209    98.965    -5.83    5.69
-108592.603    98.420    -1.45    5.95
-108217.045    99.479     2.82    5.67
-107841.535   100.150     1.79    4.82
-107466.074    98.694    -3.88    4.72
-107090.661    95.753    -7.83    5.49
-106715.297    92.534    -8.58    4.85
-106339.980    90.956    -4.21    3.16
-105964.712    91.925     2.58    4.13
-105589.492    96.980    13.47    7.26
-105214.320   102.960    15.94    7.79
-104839.197   109.019    16.15    7.06
-104464.121   113.560    12.11    4.50
-104089.094   114.922     3.63    2.97
-103714.115   113.898    -2.73    4.42
-103339.184   110.420    -9.28    6.18
-102964.301   106.087   -11.56    6.15
-102589.466   103.353    -7.29    6.70
-102214.679   101.753    -4.27    7.28
-101839.940   101.169    -1.56    8.27
-101465.249    99.507    -4.43    8.17
-101090.606    97.184    -6.20    7.05
-100716.011    95.515    -4.46    4.64
-100341.463    95.947     1.15    3.73
 -99966.964    98.665     7.26    5.00
 -99592.513   102.753    10.92    5.80
 -99218.109   106.876    11.01    6.58
 -98843.754   111.293    11.80    5.95
 -98469.446   115.122    10.23    5.01
 -98095.186   118.246     8.35    4.13
 -97720.974   120.526     6.09    3.55
 -97346.809   122.384     4.97    3.43
 -96972.693   122.531     0.39    4.11
 -96598.624   121.941    -1.58    4.97
 -96224.603   120.953    -2.64    5.81
 -95850.629   119.753    -3.21    6.49
 -95476.703   119.640    -0.30    6.92
 -95102.825   121.214     4.21    6.59
 -94728.995   123.003     4.79    5.91
 -94355.212   123.969     2.58    4.66
 -93981.476   123.984     0.04    4.42
 -93607.789   122.425    -4.17    7.68
 -93234.149   118.676   -10.03   12.19
 -92860.556   117.579    -2.94   13.97
 -92487.011   119.261     4.50   13.71
 -92113.513   122.753     9.35   10.93
 -91740.063   124.863     5.65    6.74
 -91366.660   122.376    -6.66    7.72
 -90993.305   116.394   -16.02    9.59
 -90619.997   108.637   -20.78    9.77
 -90246.737   101.621   -18.80   11.37
 -89873.524    94.456   -19.20   11.30
 -89500.358    90.456   -10.72   10.20
 -89127.240    88.801    -4.44   11.08
 -88754.169    89.338     1.44   11.65
 -88381.145    87.938    -3.75   11.13
 -88008.169    85.594    -6.28    9.55
 -87635.240    79.721   -15.75   11.08
 -87262.358    72.159   -20.28   11.68
 -86889.523    64.067   -21.71   11.45
 -86516.736    57.420   -17.83    9.58
 -86143.996    52.030   -14.46    9.66
 -85771.302    47.458   -12.27    7.54
 -85398.657    44.816    -7.09    6.50
 -85026.058    44.350    -1.25    8.25
 -84653.506    48.087    10.03   12.86
 -84281.002    53.737    15.17   16.80
 -83908.544    59.215    14.71   18.76
 -83536.134    62.097     7.74   19.30
 -83163.770    62.307     0.56   19.12
 -82791.454    56.769   -14.88   17.78
 -82419.185    52.753   -10.79   14.87
 -82046.962    48.642   -11.05   11.49
 -81674.787    44.721   -10.54    9.26
 -81302.658    41.165    -9.56    7.03
 -80930.577    38.403    -7.42    5.36
 -80558.542    36.113    -6.16    4.28
 -80186.554    34.835    -3.43    2.94
 -79814.613    34.519    -0.85    2.74
 -79442.719    34.414    -0.28    2.72
 -79070.872    34.446     0.08    2.53
 -78699.072    34.198    -0.67    2.68
 -78327.318    34.050    -0.40    2.71
 -77955.611    34.284     0.63    2.82
 -77583.951    34.676     1.05    2.85
 -77212.338    34.876     0.54    2.76
 -76840.771    34.785    -0.24    2.70
 -76469.251    34.534    -0.68    2.92
 -76097.778    34.864     0.89    3.41
 -75726.351    34.915     0.14    4.07
 -75354.971    34.850    -0.18    4.21
 -74983.638    34.302    -1.48    3.51
 -74612.351    35.020     1.93    4.11
 -74241.111    36.405     3.73    5.20
 -73869.918    38.120     4.62    5.86
 -73498.771    39.503     3.73    5.87
 -73127.670    39.848     0.93    5.81
 -72756.616    40.519     1.81    5.19
 -72385.609    40.538     0.05    5.40
 -72014.648    41.363     2.22    7.20
 -71643.733    45.050     9.94    9.61
 -71272.865    49.833    12.90   10.87
 -70902.043    54.613    12.89   11.15
 -70531.268    58.722    11.08   10.86
 -70160.539    59.953     3.32   10.33
 -69789.856    60.363     1.10    9.64
 -69419.220    60.341    -0.06    9.02
 -69048.630    60.914     1.55    9.74
 -68678.087    64.723    10.28   10.13
 -68307.589    68.853    11.15   10.26
 -67937.138    72.253     9.18   10.17
 -67566.733    75.475     8.70    9.89
 -67196.375    79.113     9.82    8.14
 -66826.062    81.769     7.17    7.80
 -66455.796    84.284     6.79    7.20
 -66085.576    88.198    10.57    6.91
 -65715.402    91.912    10.03    7.30
 -65345.275    97.988    16.42    6.73
 -64975.193   102.534    12.29    6.38
 -64605.158   107.630    13.77    4.98
 -64235.168   111.531    10.54    5.24
 -63865.225   116.134    12.44    6.00
 -63495.327   120.122    10.78    6.77
 -63125.476   123.599     9.40    6.69
 -62755.671   126.092     6.74    6.59
 -62385.912   126.644     1.49    6.40
 -62016.198   126.656     0.03    6.90
 -61646.531   125.159    -4.05    7.47
 -61276.910   123.671    -4.03    8.17
 -60907.334   122.394    -3.46    8.82
 -60537.804   120.540    -5.02    9.48
 -60168.321   116.284   -11.52   10.94
 -59798.883   110.770   -14.93   11.67
 -59429.491   102.708   -21.82   14.72
 -59060.145    92.382   -27.96   16.32
 -58688.570    81.563   -29.12   18.28
 -58309.880    69.801   -31.06   20.77
 -57931.238    61.399   -22.19   22.87
 -57552.644    54.522   -18.17   22.63
 -57174.098    52.253    -5.99   20.58
 -56795.601    50.848    -3.71   17.86
 -56417.152    49.425    -3.76   15.03
 -56038.752    47.636    -4.73   11.55
 -55660.400    44.150    -9.21    8.00
 -55282.095    41.409    -7.24    5.65
 -54903.840    39.092    -6.13    3.70
 -54525.632    38.830    -0.69    4.00
 -54147.472    39.122     0.77    4.75
 -53769.361    41.721     6.87    5.27
 -53391.298    44.963     8.57    6.16
 -53013.283    50.253    14.00    9.64
 -52635.316    57.996    20.49   12.89
 -52257.397    67.334    24.71   13.53
 -51879.526    74.894    20.01   13.71
 -51501.703    79.113    11.17   13.33
 -51123.929    81.102     5.27   13.21
 -50746.202    80.784    -0.84   12.73
 -50368.523    81.053     0.71   10.88
 -49990.892    79.975    -2.85    9.39
 -49613.309    77.327    -7.01   10.12
 -49235.774    72.972   -11.54   11.90
 -48858.287    66.394   -17.43   11.61
 -48480.848    63.081    -8.78    9.16
 -48103.457    64.847     4.68    8.46
 -47726.113    69.673    12.79    9.63
 -47348.817    75.581    15.66    7.25
 -46971.570    76.403     2.18    8.25
 -46594.369    70.261   -16.28   12.50
 -46217.217    60.573   -25.69   14.28
 -45840.112    53.261   -19.39   12.39
 -45463.056    49.425   -10.17    8.36
 -45086.046    50.769     3.56    8.76
 -44709.085    55.784    13.31   10.44
 -44332.171    60.801    13.31   10.06
 -43955.305    66.472    15.05   10.96
 -43578.486    71.570    13.53   10.49
 -43201.716    75.935    11.59   10.06
 -42824.992    80.573    12.31    9.07
 -42448.316    83.394     7.49    9.03
 -42071.688    86.579     8.46    8.01
 -41695.108    88.721     5.69    7.59
 -41318.574    90.441     4.57    7.46
 -40942.089    91.817     3.65    6.97
 -40565.651    94.066     5.97    6.55
 -40189.260    96.820     7.32    6.16
 -39812.916   100.177     8.92    6.38
 -39436.621   104.491    11.46    5.76
 -39060.372   108.817    11.50    5.88
 -38684.171   110.404     4.22    7.00
 -38308.017   107.608    -7.43   12.65
 -37931.911   102.722   -12.99   15.78
 -37555.852    97.214   -14.65   16.19
 -37179.840    92.675   -12.07   14.23
 -36803.875    83.393   -24.69   18.29
 -36427.958    70.091   -35.38   20.28
 -36052.088    61.567   -22.68   14.17
 -35676.265    63.499     5.14   14.39
 -35300.490    71.834    22.18   15.57
 -34924.761    79.988    21.70   14.34
 -34549.080    88.892    23.70   11.58
 -34173.446    93.979    13.54   10.90
 -33797.859    99.550    14.83    8.34
 -33422.319   103.007     9.21    5.42
 -33046.826   104.283     3.40    3.21
 -32671.381   102.087    -5.85    4.75
 -32295.982    96.269   -15.50    9.32
 -31920.630    90.343   -15.79    9.01
 -31545.326    87.322    -8.05    7.53
 -31170.068    89.737     6.44    9.30
 -30794.858    97.864    21.66   10.36
 -30419.694   106.503    23.03    8.87
 -30044.577   112.483    15.94    7.04
 -29669.507   117.338    12.94    4.97
 -29294.485   118.850     4.03    4.94
 -28919.508   117.802    -2.80    5.84
 -28544.579   115.853    -5.20    6.59
 -28169.697   114.784    -2.85    5.56
 -27794.862   111.285    -9.33    7.48
 -27420.073   103.307   -21.29   13.96
 -27045.331    88.991   -38.20   20.54
 -26670.636    71.050   -47.88   23.28
 -26295.987    58.003   -34.83   16.72
 -25921.386    55.331    -7.13   13.23
 -25546.831    61.613    16.77   15.83
 -25172.323    72.934    30.23   12.82
 -24797.861    82.415    25.32   10.03
 -24423.446    89.553    19.07    7.51
 -24049.078    94.144    12.26    8.92
 -23674.756    99.576    14.51    9.80
 -23300.481   104.831    14.04    9.50
 -22926.253   108.456     9.69    8.58
 -22552.071   110.707     6.02    7.92
 -22177.935   107.531    -8.49   11.29
 -21803.847   104.960    -6.87   12.72
 -21429.804   106.941     5.30   14.80
 -21055.808   112.140    13.90   17.81
 -20681.859   123.738    31.01   17.23
 -20307.956   136.337    33.70   12.22
 -19934.100   144.544    21.95    8.22
 -19560.289   148.592    10.83    6.25
 -19186.526   150.092     4.01    4.60
 -18812.808   145.834   -11.39    9.14
 -18439.138   137.563   -22.14   14.55
 -18065.513   122.831   -39.43   19.19
 -17691.935   111.706   -29.78   18.68
 -17318.403   102.050   -25.85   15.36
 -16944.917    94.721   -19.62   17.02
 -16571.477    86.560   -21.86   20.50
 -16198.084    83.170    -9.08   22.47
 -15824.737    76.693   -17.35   19.99
 -15451.436    70.685   -16.09   15.63
 -15078.182    66.531   -11.13   12.46
 -14704.974    67.269     1.98   11.88
 -14331.811    71.800    12.14   13.46
 -13958.695    79.947    21.83   10.81
 -13585.625    85.737    15.52    6.37
 -13212.601    87.087     3.62    6.95
 -12839.623    87.023    -0.17    7.56
 -12466.692    86.675    -0.93    7.92
 -12093.806    87.203     1.42    7.83
 -11720.966    84.928    -6.10   10.56
 -11348.173    80.126   -12.88   13.63
 -10975.425    69.944   -27.32   17.68
 -10602.723    59.887   -26.99   17.11
 -10230.067    49.882   -26.85   15.58
  -9857.458    43.442   -17.29   10.74
  -9484.894    42.284    -3.11    9.35
  -9112.376    43.134     2.28   12.78
  -8739.903    51.452    22.33   19.02
  -8367.477    64.398    34.76   27.11
  -7995.097    78.182    37.01   32.94
  -7622.762    93.753    41.82   32.77
  -7250.473   101.834    21.71   29.82
  -6878.230    98.420    -9.17   26.39
  -6506.033    83.589   -39.85   29.24
  -6133.881    61.996   -58.02   30.59
  -5761.776    44.220   -47.77   22.78
  -5389.716    32.189   -32.34   13.66
  -5017.701    24.622   -20.34    4.71
  -4645.733    22.597    -5.44    5.32
  -4273.810    18.269   -11.64    6.40
  -3901.932    13.347   -13.24    6.69
  -3530.100     8.963   -11.79    4.84
  -3158.314     6.785    -5.86    2.97
  -2786.574     6.338    -1.20    2.46
  -2414.879     6.222    -0.31    2.32
  -2043.229     6.488     0.71    2.35
  -1671.625     5.864    -1.68    2.80
  -1300.067     4.566    -3.50    3.08
   -928.554     3.003    -4.21    3.42
   -557.087     1.507    -4.03    3.06
   -185.665     0.320    -3.20    1.36
    185.712     0.011    -0.83    0.96
    557.043    14.573    39.21   37.86
    928.329    46.784    86.76   64.85
   1299.569    84.544   101.71   76.86
   1670.764    96.515    32.25   66.86
   2041.914    99.689     8.55   61.67
   2413.018   103.060     9.08   60.86
   2784.077   124.341    57.35   61.84
   3155.090   141.150    45.31   58.75
   3526.059   156.944    42.57   45.45
   3896.982   170.237    35.84   40.77
   4267.860   185.956    42.38   38.53
   4638.692   194.237    22.33   35.68
   5009.480   210.302    43.33   28.61
   5380.222   222.670    33.36   20.30
   5750.919   221.450    -3.29   17.35
   6121.571   220.601    -2.29   16.78
   6492.177   215.124   -14.78   17.74
   6862.739   211.262   -10.42   17.70
   7233.256   216.117    13.10   16.27
   7603.727   217.963     4.98   12.42
   7974.153   214.817    -8.49   10.55
   8344.535   207.995   -18.42   12.49
   8714.871   198.309   -26.16   16.26
   9085.162   189.784   -23.02   15.35
   9455.408   186.721    -8.27   15.15
   9825.610   189.034     6.25   14.73
  10195.766   194.495    14.75   12.41
  10565.877   196.388     5.11   11.32
  10935.944   195.820    -1.54    9.84
  11305.965   193.309    -6.79    9.26
  11675.942   187.287   -16.28   13.13
  12045.874   174.843   -33.64   19.76
  12415.761   161.637   -35.70   20.37
  12785.603   150.458   -30.22   18.56
  13155.400   142.603   -21.24   15.43
  13525.152   136.162   -17.42   15.04
  13894.860   132.124   -10.92   15.37
  14264.523   127.447   -12.65   15.65
  14634.141   123.880    -9.65   14.63
  15003.715   120.191    -9.98   13.50
  15373.243   112.261   -21.46   12.46
  15742.727   101.347   -29.54   15.45
  16113.211    86.995   -38.74   19.61
  16491.800    73.721   -35.06   21.30
  16870.342    54.864   -49.81   25.43
  17248.838    36.237   -49.21   23.64
  17627.286    21.114   -39.96   15.11
  18005.687    13.303   -20.64    4.44
  18384.041    11.050    -5.95    1.59
  18762.348    10.467    -1.54    1.42
  19140.608    10.610     0.38    1.41
  19518.821    11.102     1.30    3.87
  19896.987    10.589    -1.36    5.65
  20275.106     8.693    -5.02    6.64
  20653.179     6.133    -6.77    6.05
  21031.204     4.458    -4.43    2.67
  21409.182     5.153     1.84    2.93
  21787.114     5.182     0.08    2.52
  22164.999     5.316     0.35    2.40
  22542.837     5.205    -0.29    2.24
  22920.628     5.134    -0.19    1.92
  23298.372     4.931    -0.54    2.14
  23676.070     5.299     0.97    2.33
  24053.720     5.652     0.93    2.41
  24431.324     5.594    -0.15    2.18
  24808.882     5.705     0.29    2.04
  25186.392     5.431    -0.73    2.19
  25563.856     4.341    -2.89    2.87
  25941.273     2.817    -4.04    3.43
  26318.644     0.785    -5.38    3.10
  26695.968    -1.047    -4.85    0.90
  27073.245    -0.247     2.12    3.04
  27450.476     1.491     4.61    4.27
  27827.660     2.848     3.60    4.23
  28204.798     3.866     2.70    3.96
  28581.889     4.334     1.24    3.58
  28958.934     4.363     0.08    3.53
  29335.932     4.995     1.68    3.63
  29712.884     5.441     1.18    3.01
  30089.789     5.653     0.56    2.56
  30466.648     5.463    -0.51    2.12
  30843.460     5.032    -1.14    2.13
  31220.226     5.150     0.31    2.28
  31596.946     5.456     0.81    2.45
  31973.619     5.534     0.21    2.50
  32350.246     5.801     0.71    2.50
  32726.826     5.520    -0.75    2.85
  33103.361     5.632     0.30    3.11
  33479.849     5.703     0.19    2.91
  33856.290     5.382    -0.85    2.83
  34232.686     4.937    -1.18    2.66
  34609.035     4.594    -0.91    2.55
  34985.338     5.531     2.49    3.42
  35361.595     7.817     6.07    5.45
  35737.805    10.801     7.93    6.79
  36113.970    13.294     6.63    7.60
  36490.088    15.676     6.33    7.27
  36866.160    17.667     5.29    6.22
  37242.186    19.524     4.94    4.84
  37618.166    21.092     4.17    3.80
  37994.100    22.229     3.02    3.73
  38369.988    24.278     5.45    3.78
  38745.830    26.081     4.80    3.89
  39121.625    28.658     6.86    6.26
  39497.375    31.302     7.04    6.82
  39873.079    34.378     8.19    7.77
  40248.737    37.075     7.18    8.55
  40624.349    39.425     6.26    9.77
  40999.915    42.687     8.68   11.05
  41375.435    45.597     7.75   12.66
  41750.909    48.205     6.95   13.72
  42126.338    48.214     0.02   12.61
  42501.720    48.222     0.02   11.87
  42877.057    45.753    -6.58   10.98
  43252.347    42.833    -7.78    9.91
  43627.593    39.458    -8.99    8.37
  44002.792    39.044    -1.10    7.50
  44377.945    41.520     6.60    9.01
  44753.053    46.011    11.97    9.80
  45128.115    50.995    13.29    9.61
  45503.131    54.144     8.40    8.88
  45878.102    57.499     8.95    7.86
  46253.027    59.847     6.26    7.21
  46627.906    61.515     4.45    5.96
  47002.740    63.044     4.08    5.71
  47377.528    66.550     9.36    6.64
  47752.271    70.653    10.95    7.67
  48126.968    75.638    13.30    7.59
  48501.619    82.007    17.00    7.56
  48876.225    88.394    17.05    7.30
  49250.785    94.495    16.29    7.11
  49625.300    99.675    13.83    6.20
  49999.769   103.027     8.95    4.00
  50374.193   103.769     1.98    2.74
  50748.571   102.318    -3.88    3.29
  51122.904    99.620    -7.21    3.68
  51497.192    97.452    -5.79    4.24
  51871.434    96.029    -3.80    4.76
  52245.630    96.097     0.18    4.63
  52619.782    96.788     1.85    4.44
  52993.888    98.007     3.26    4.04
  53367.948    99.556     4.14    3.22
  53741.964   100.398     2.25    2.57
  54115.934   100.831     1.16    3.34
  54489.859   101.334     1.34    4.59
  54863.738   101.691     0.95    6.44
  55237.572   101.140    -1.47    8.65
  55611.362   101.784     1.72    8.06
  55985.105   102.329     1.46    5.93
  56358.804   101.425    -2.42    4.77
  56732.458    97.903    -9.43    5.51
  57106.066    91.269   -17.76    9.15
  57479.629    81.156   -27.07   13.13
  57853.147    71.293   -26.41   15.44
  58226.620    58.463   -34.35   15.46
  58600.048    50.124   -22.33   14.81
  58973.431    45.198   -13.19   14.01
  59346.769    44.350    -2.27   15.40
  59720.062    44.894     1.46   16.80
  60093.310    44.544    -0.94   18.32
  60466.513    41.624    -7.82   17.86
  60839.670    40.098    -4.09   17.67
  61212.783    37.818    -6.11   17.68
  61585.851    32.544   -14.14   17.48
  61958.874    28.071   -11.99   14.98
  62331.852    23.044   -13.48   12.92
  62704.786    18.356   -12.57   10.56
  63077.674    14.060   -11.52    7.38
  63450.518    11.343    -7.28    4.54
  63823.316     9.912    -3.84    1.87
  64196.070    11.261     3.62    2.25
  64568.779    12.325     2.85    2.64
  64941.443    13.839     4.06    2.52
  65314.063    15.393     4.17    2.08
  65686.638    16.546     3.10    2.40
  66059.168    18.230     4.52    3.60
  66431.653    20.983     7.39    4.62
  66804.094    24.975    10.72    5.89
  67176.490    30.834    15.73    7.49
  67548.841    37.442    17.75    9.94
  67921.148    46.963    25.57   13.20
  68293.410    57.495    28.29   15.24
  68665.627    70.706    35.49   15.97
  69037.800    80.065    25.15   12.78
  69409.929    86.144    16.34    8.34
  69782.012    89.092     7.92    6.49
  70154.051    90.540     3.89    6.19
  70526.046    91.546     2.70    5.15
  70897.996    92.208     1.78    5.11
  71269.902    93.041     2.24    5.80
  71641.763    90.341    -7.26    8.76
  72013.580    87.253    -8.30    9.53
  72385.352    84.311    -7.91    9.43
  72757.080    83.318    -2.67    7.79
  73128.764    86.147     7.61    7.69
  73500.403    90.610    12.01    9.26
  73871.998    96.372    15.50   10.58
  74243.548   103.166    18.28    9.99
  74615.054   109.398    16.77    9.70
  74986.516   115.341    16.00    7.96
  75357.934   119.603    11.48    5.35
  75729.307   122.674     8.27    4.35
  76100.636   124.201     4.11    4.94
  76471.921   125.237     2.79    5.25
  76843.161   125.656     1.13    5.35
  77214.358   125.055    -1.62    5.34
  77585.510   122.092    -7.98    6.54
  77956.618   117.579   -12.16    8.33
  78327.681   111.658   -15.95   10.16
  78698.701   103.626   -21.65   12.18
  79069.677    98.467   -13.90    8.73
  79440.608    97.786    -1.84    6.89
  79811.495   101.048     8.80    8.46
  80182.339   107.618    17.71    8.49
  80553.138   112.547    13.29    6.73
  80923.893   114.482     5.22    4.37
  81294.604   111.399    -8.31    7.29
  81665.271   106.701   -12.67    7.67
  82035.894   104.491    -5.96    7.05
  82406.474   104.075    -1.12    8.82
  82777.009   106.817     7.40    9.82
  83147.500   110.320     9.45    8.02
  83517.948   112.007     4.55    4.89
  83888.351   111.463    -1.47    4.65
  84258.711   109.934    -4.13    5.60
  84629.026   107.147    -7.53    6.55
  84999.298   104.376    -7.48    7.61
  85369.526   100.467   -10.56    8.31
  85739.711    99.060    -3.80    7.95
  86109.851    97.404    -4.47    7.75
  86479.948    96.027    -3.72    7.32
  86850.001    91.463   -12.33    8.58
  87220.010    82.097   -25.31   12.38
  87589.975    71.246   -29.33   13.96
  87959.897    63.685   -20.44    9.59
  88329.775    60.898    -7.53    4.84
  88699.609    60.603    -0.80    3.17
  89069.400    61.691     2.94    2.11
  89439.147    61.770     0.21    2.14
  89808.850    62.656     2.40    3.34
  90178.510    65.442     7.53    5.40
  90548.126    69.221    10.22    7.12
  90917.699    74.785    15.06    8.35
  91296.135    80.850    16.02    8.77
  91674.580    86.431    14.74    8.09
  92052.979    91.237    12.70    7.32
  92431.332    95.705    11.81    7.42
  92809.640    99.581    10.24    8.15
  93187.901   104.579    13.21    9.14
  93566.117   110.458    15.54    8.56
  93944.287   114.753    11.36    7.62
  94322.411   118.414     9.68    4.15
  94700.490   119.589     3.11    1.99
  95078.522   117.847    -4.61    3.52
  95456.509   114.805    -8.05    4.54
  95834.451   110.737   -10.76    5.43
  96212.346   106.655   -10.80    4.93
  96590.197   102.156   -11.90    5.95
  96968.001    96.818   -14.13    7.18
  97345.760    91.592   -13.83    8.46
  97723.473    87.511   -10.80    6.80
  98101.140    85.753    -4.65    5.86
  98478.763    85.983     0.61    6.53
  98856.339    86.929     2.51    6.02
  99233.870    84.341    -6.85    5.95
  99611.355    81.703    -6.99    6.09
  99988.795    79.011    -7.13    5.62
 100366.190    78.817    -0.52    6.94
 100743.539    81.540     7.22    9.05
 101120.843    86.175    12.28    9.39
 101498.101    90.150    10.53    6.98
 101875.313    92.189     5.40    5.36
 102252.481    92.507     0.84    5.09
 102629.603    92.721     0.57    5.44
 103006.680    92.882     0.43    6.74
 103383.711    94.479     4.23    7.36
 103760.697    97.016     6.73    8.10
 104137.638    98.803     4.74    8.17
 104514.533    99.963     3.08    8.39
 104891.383   100.150     0.50    8.41
 105268.188    98.628    -4.04    8.96
 105644.948    97.007    -4.30    9.55
 106021.663    93.452    -9.44   11.24
 106398.332    88.928   -12.01   12.30
 106774.956    85.044   -10.31   11.72
 107151.535    82.118    -7.77   10.47
 107528.069    78.126   -10.60    9.17
 107904.558    74.511    -9.60    8.57
 108281.001    72.003    -6.66    9.15
 108657.400    69.705    -6.11    8.14
 109033.753    66.544    -8.40    7.09
 109410.062    64.690    -4.93    6.10
 109786.325    63.868    -2.18    5.77
 110162.544    64.070     0.54    6.15
 110538.717    65.531     3.88    6.33
 110914.846    66.633     2.93    6.02
 111290.929    66.284    -0.93    6.69
 111666.968    64.201    -5.54    6.91
 112042.961    61.753    -6.51    5.72
 112418.910    61.719    -0.09    5.37
 112794.814    65.835    10.95    8.63
 113170.673    72.769    18.45   10.30
 113546.487    77.786    13.35    9.34
 113922.256    82.071    11.40    6.48
 114297.981    84.044     5.25    5.31
 114673.660    87.076     8.07    6.13
 115049.295    92.012    13.14    7.88
 115424.885    98.931    18.42    9.05
 115800.430   105.076    16.36    7.60
 116175.931   110.092    13.36    7.74
 116551.387   113.983    10.36    8.19
 116926.798   117.147     8.43    7.53
 117302.165   120.934    10.09    6.73
 117677.486   123.279     6.25    6.41
 118052.764   125.189     5.09    5.79
 118427.996   126.253     2.84    5.60
 118803.184   126.941     1.83    4.63
 119178.328   127.253     0.83    3.80
 119553.426   126.928    -0.87    3.13
 119928.481   125.687    -3.31    3.84
 120303.490   124.302    -3.69    4.72
 120678.455   121.866    -6.49    5.49
 121053.376   119.834    -5.42    6.28
 121428.252   115.912   -10.46    7.29
 121803.084   112.201    -9.90    7.98
 122177.871   107.688   -12.04    9.31
 122552.614   103.350   -11.57    9.87
 122927.312    98.007   -14.26   10.99
 123301.966    91.143   -18.32   10.81
 123676.576    83.817   -19.55   11.12
 124051.141    78.499   -14.19    8.06
 124425.662    81.108     6.96   10.86
 124800.139    88.560    19.90   13.94
 125174.571    97.124    22.87   11.69
 125548.959   105.608    22.66    7.10
 125923.302   110.453    12.94    5.55
 126297.602   114.414    10.58    4.58
 126671.857   116.313     5.07    3.58
 127046.068   116.592     0.75    3.42
 127420.234   116.414    -0.47    3.68
 127794.357   115.563    -2.28    4.17
 128168.435   113.245    -6.20    5.61
 128542.469   108.253   -13.34    8.44
 128916.459   100.787   -19.96   11.00
 129290.405    90.804   -26.69   13.13
 129664.307    80.343   -27.97   12.02
 130038.165    76.564   -10.11    9.31
 130411.978    80.118     9.51   12.29
 130785.748    87.253    19.09   12.67
 131159.473    93.626    17.05    9.77
 131533.155    98.687    13.54    7.43
 131906.792   101.868     8.51    6.10
 132280.385   103.850     5.30    7.11
 132653.935   103.995     0.39    8.97
 133027.440   105.189     3.20    8.75
 133400.902   107.270     5.57    8.17
 133774.320   110.656     9.07    8.37
 134147.693   115.201    12.17    6.11
 134521.023   117.071     5.01    4.14
 134894.309   117.923     2.28    3.17
 135267.551   116.642    -3.43    3.91
 135640.749   114.653    -5.33    4.35
 136013.904   112.950    -4.56    4.80
 136387.014   110.294    -7.12    5.60
 136760.081   105.983   -11.56    7.38
 137133.104   100.124   -15.70    8.61
 137506.084    93.269   -18.38    9.00
 137879.019    90.785    -6.66    7.56
 138251.911    90.684    -0.27    8.31
 138624.759    95.182    12.06   10.47
 138997.564   101.453    16.82    7.63
 139370.324   105.044     9.63    6.35
 139743.041   106.995     5.24    5.73
 140115.715   107.507     1.37    4.95
 140488.345   107.979     1.27    3.90
 140860.931   107.318    -1.77    4.28
 141233.474   105.076    -6.02    5.45
 141605.973   102.020    -8.20    6.04
 141978.428    97.901   -11.06    6.49
 142350.840    92.120   -15.52    9.55
 142723.209    84.495   -20.47   12.28
 143095.534    75.822   -23.29   13.10
 143467.815    68.928   -18.52   11.66
 143840.053    65.126   -10.21    9.29
 144212.248    64.931    -0.53    9.16
 144584.399    65.638     1.90    9.53
 144956.507    67.173     4.12    9.14
 145328.571    68.852     4.51    7.91
 145700.592    70.076     3.29    7.78
 146072.569    69.520    -1.49    8.13
 146444.503    66.620    -7.80    8.58
 146816.394    61.864   -12.79    7.99
 147188.242    58.499    -9.05    7.11
 147560.046    54.055   -11.95    9.47
 147931.807    51.016    -8.17   11.19
 148303.524    45.934   -13.67   12.18
 148675.199    39.770   -16.58   11.01
 149046.830    33.189   -17.71   10.38
 149418.418    27.470   -15.39    8.48
 149789.963    22.563   -13.21    7.80
 150161.464    17.360   -14.00    6.38
 150532.922    13.376   -10.72    6.39
 150904.338     9.671    -9.97    5.45
 151275.710     7.770    -5.12    4.68
 151647.039     6.103    -4.49    4.08
 152018.324     6.075    -0.08    3.50
 152389.567     6.706     1.70    2.95
 152760.767     6.533    -0.47    2.44
 153131.923     6.691     0.43    2.32
 153503.037     6.977     0.77    2.14
 153874.107     7.212     0.63    1.93
 154245.135     7.414     0.54    1.40
 154616.119     7.576     0.44    1.08
 154987.061     7.437    -0.38    0.97
 155357.959     7.563     0.34    0.88
 155728.815     7.540    -0.06    0.86
 156099.628     7.753     0.57    0.97
 156470.398     8.576     2.22    1.47
 156841.124     9.124     1.48    1.63
 157211.808    10.065     2.54    1.51
 157582.450    10.652     1.58    1.42
 157953.048    11.245     1.60    1.34
 158323.603    11.598     0.95    1.31
 158694.116    11.956     0.97    1.26
 159064.586    12.115     0.43    1.22
 159435.013    12.343     0.62    1.45
 159805.397    12.546     0.55    1.56
 160175.739    12.866     0.86    1.73
 160546.038    13.397     1.43    1.68
 160916.294    13.880     1.30    1.52
 161286.507    14.337     1.23    1.90
 161656.678    14.453     0.32    2.02
 162026.806    14.393    -0.16    1.92
 162396.891    14.245    -0.40    1.77
 162766.934    14.147    -0.27    1.74
 163136.934    14.420     0.74    1.56
 163506.892    14.642     0.60    1.45
 163876.807    14.770     0.35    1.24
 164246.679    15.287     1.40    1.46
 164616.509    15.736     1.22    1.36
 164986.296    15.917     0.49    1.21
 165356.041    16.357     1.19    1.30
 165725.743    16.960     1.63    1.70
 166103.104    17.891     2.47    1.80
 166481.452    18.817     2.45    1.88
 166859.756    19.737     2.43    2.19
 167238.015    20.458     1.91    2.45
 167616.230    21.372     2.42    2.43
 167994.400    22.650     3.38    2.57
 168372.525    24.007     3.59    2.52
 168750.606    25.288     3.39    2.47
 169128.642    26.706     3.75    2.27
 169506.634    27.187     1.27    2.13
 169884.581    27.120    -0.18    2.02
 170262.484    26.721    -1.06    1.92
 170640.342    26.589    -0.35    1.67
 171018.155    26.463    -0.33    1.57
 171395.925    26.322    -0.37    1.74
 171773.649    27.092     2.04    1.98
 172151.329    28.245     3.05    2.06
 172528.965    29.303     2.80    1.96
 172906.557    30.196     2.36    1.73
 173284.104    31.065     2.30    1.72
 173661.606    32.092     2.72    1.54
 174039.065    32.821     1.93    1.63
 174416.479    33.626     2.13    1.58
 174793.848    34.841     3.22    1.90
 175171.174    36.302     3.87    2.19
 175548.455    37.656     3.59    2.47
 175925.692    39.039     3.66    2.47
 176302.884    40.293     3.32    2.79
 176680.033    41.668     3.65    2.90
 177057.137    42.903     3.27    2.86
 177434.197    44.253     3.58    2.89
 177811.212    44.785     1.41    3.46
 178188.184    44.503    -0.75    4.56
 178565.111    43.704    -2.12    4.82
 178941.995    43.638    -0.17    4.27
 179318.834    43.553    -0.23    3.63
 179695.629    44.720     3.10    3.24
 180072.380    46.201     3.93    3.74
 180449.087    47.917     4.55    4.58
 180825.750    49.667     4.64    4.64
 181202.369    51.294     4.32    4.96
 181578.944    53.065     4.70    4.77
 181955.475    55.092     5.38    4.44
 182331.962    58.170     8.17    4.16
 182708.405    59.870     4.52    3.48
 183084.804    59.592    -0.74    3.59
 183461.159    57.244    -6.24    4.94
 183837.470    52.941   -11.43    5.51
 184213.737    49.081   -10.26    4.76
 184589.961    46.467    -6.94    4.72
 184966.140    45.237    -3.27    3.73
 185342.276    45.670     1.15    3.68
 185718.368    48.011     6.22    5.31
 186094.416    50.570     6.80    5.33
 186470.420    53.524     7.85    4.88
 186846.381    55.684     5.75    3.77
 187222.298    57.589     5.07    3.58
 187598.171    60.150     6.81    3.13
 187974.000    62.820     7.10    3.20
 188349.786    65.103     6.08    2.89
 188725.528    66.802     4.52    2.84
 189101.226    68.320     4.04    2.84
 189476.880    69.940     4.31    3.25
 189852.491    71.914     5.26    3.74
 190228.059    73.508     4.24    3.22
 190603.582    73.212    -0.79    3.70
 190979.062    70.770    -6.50    5.09
 191354.499    67.118    -9.73    5.97
 191729.892    61.870   -13.98    7.46
 192105.241    56.070   -15.45    8.68
 192480.547    48.983   -18.88    9.08
 192855.810    44.524   -11.88    6.45
 193231.029    43.638    -2.36    5.65
 193606.204    46.081     6.51    6.85
 193981.336    49.573     9.31    6.06
 194356.425    52.615     8.11    5.58
 194731.470    53.957     3.58    5.23
 195106.472    56.020     5.50    5.34
 195481.430    58.576     6.82    4.79
 195856.345    60.624     5.46    4.32
 196231.216    61.475     2.27    3.97
 196606.045    60.414    -2.83    5.44
 196980.830    58.550    -4.97    6.41
 197355.571    55.147    -9.08    6.11
 197730.270    51.908    -8.64    5.59
 198104.925    48.737    -8.46    5.69
 198479.537    46.092    -7.06    5.00
 198854.105    47.635     4.12    7.03
 199228.630    50.835     8.54    9.80
 199603.113    55.229    11.73   10.62
 199977.552    59.603    11.68    9.18
 200351.947    60.037     1.16    8.69
 200726.300    59.318    -1.92    7.54
 201100.609    57.217    -5.61    6.69
 201474.876    54.475    -7.33    7.01
 201849.099    49.618   -12.98    7.25
 202223.279    45.511   -10.97    7.39
 202597.416    41.053   -11.91    6.34
 202971.510    38.337    -7.26    4.98
 203345.561    36.016    -6.20    2.46
 203719.569    34.884    -3.02    1.63
 204093.534    34.403    -1.29    1.68
 204467.456    34.070    -0.89    1.52
 204841.335    34.173     0.27    1.69
 205215.171    34.967     2.13    2.10
 205588.964    37.320     6.29    4.75
 205962.714    42.329    13.40    8.59
 206336.421    48.214    15.74   10.14
 206710.085    54.037    15.58    8.52
 207083.706    57.270     8.65    7.22
 207457.285    59.065     4.80    7.28
 207830.821    60.016     2.54    7.65
 208204.313    63.120     8.31    7.35
 208577.763    66.620     9.37    6.33
 208951.171    68.622     5.36    4.72
 209324.535    69.385     2.04    3.88
 209697.857    68.511    -2.34    4.87
 210071.136    67.346    -3.12    4.62
 210444.372    67.245    -0.27    4.43
 210817.565    67.403     0.42    4.86
 211190.716    68.228     2.21    5.70
 211563.824    69.382     3.09    6.74
 211936.889    70.687     3.50    6.59
 212309.912    70.550    -0.37    6.65
 212682.892    70.109    -1.18    6.37
 213055.830    69.638    -1.26    5.13
 213428.724    70.012     1.00    4.15
 213801.577    72.092     5.58    3.69
 214174.386    73.753     4.46    3.38
 214547.154    74.447     1.86    4.04
 214919.878    74.453     0.02    5.44
 215292.560    73.887    -1.52    7.06
 215665.200    72.278    -4.32    7.99
 216037.797    71.075    -3.23    6.85
 216410.351    71.414     0.91    5.38
 216782.863    73.024     4.32    4.64
 217155.333    75.819     7.50    5.11
 217527.760    79.150     8.94    4.99
 217900.145    81.901     7.39    4.63
 218272.488    83.946     5.49    2.88
 218644.788    82.398    -4.16    4.78
 219017.045    77.387   -13.46    8.49
 219389.261    69.637   -20.82   10.62
 219761.433    61.016   -23.16    9.18
 220133.564    55.179   -15.68    6.21
 220505.652    51.380   -10.21    3.28
 220877.699    51.237    -0.39    3.80
 221249.702    53.285     5.51    5.88
 221621.664    57.553    11.47    7.62
 221993.583    63.170    15.10    7.92
 222365.460    69.467    16.93    5.45
 222737.295    73.032     9.58    4.47
 223109.088    74.396     3.67    3.38
 223480.838    72.189    -5.94    5.43
 223852.546    66.203   -16.10    8.00
 224224.213    61.787   -11.88    6.84
 224595.837    60.261    -4.10    4.74
 224967.419    61.524     3.40    5.46
 225338.958    65.688    11.20    5.69
 225710.456    69.618    10.58    4.85
 226081.912    72.589     8.00    4.62
 226453.326    75.194     7.01    5.04
 226824.697    76.835     4.42    4.92
 227196.027    76.598    -0.64    5.54
 227567.314    76.524    -0.20    4.50
 227938.560    74.858    -4.48    4.14
 228309.763    69.037   -15.68    9.44
 228680.925    61.804   -19.48   10.78
 229052.045    55.706   -16.43    8.73
 229423.123    51.203   -12.13    3.73
 229794.159    51.482     0.75    2.72
 230165.153    53.163     4.53    3.31
 230536.105    55.147     5.35    3.30
 230907.015    56.448     3.51    3.34
 231277.883    58.363     5.16    3.64
 231648.710    61.205     7.66    4.31
 232019.495    64.288     8.31    4.41
 232390.238    67.540     8.77    4.20
 232760.939    70.628     8.33    3.52
 233131.598    72.753     5.73    3.09
 233502.216    74.564     4.88    2.20
 233872.792    76.179     4.36    2.21
 234243.326    77.770     4.29    2.10
 234613.818    78.770     2.70    1.96
 234984.269    79.855     2.93    1.54
 235354.678    80.409     1.50    1.09
 235725.046    80.507     0.27    0.99
 236095.372    80.212    -0.80    1.21
 236465.656    79.353    -2.32    1.84
 236835.898    77.987    -3.69    2.51
 237206.099    76.950    -2.80    2.72
 237576.259    76.064    -2.39    2.75
 237946.376    74.737    -3.58    3.34
 238316.453    73.807    -2.51    3.87
 238686.487    70.884    -7.90    5.67
 239056.481    67.908    -8.04    6.02
 239426.432    64.065   -10.39    7.07
 239796.343    60.126   -10.64    7.23
 240166.211    57.203    -7.90    6.05
 240536.039    55.737    -3.96    5.38
 240912.442    55.737     0.00    5.82
 241290.699    55.187    -1.46    6.14
 241668.912    54.499    -1.82    5.78
 242047.083    53.576    -2.44    5.99
 242425.209    52.929    -1.71    6.15
 242803.292    51.769    -3.07    5.57
 243181.332    50.329    -3.81    5.09
 243559.328    49.293    -2.74    4.75
 243937.281    48.203    -2.88    4.49
 244315.190    48.053    -0.40    5.32
 244693.056    47.318    -1.95    5.22
 245070.879    47.437     0.32    5.57
 245448.658    46.495    -2.49    5.89
 245826.394    45.546    -2.51    6.11
 246204.087    43.753    -4.75    5.47
 246581.736    40.884    -7.59    3.79
 246959.342    39.130    -4.64    2.79
 247336.905    38.039    -2.89    2.14
 247714.425    38.228     0.50    2.79
 248091.901    40.576     6.22    5.54
 248469.334    44.069     9.25    6.32
 248846.724    47.269     8.48    6.68
 249224.071    50.387     8.26    6.53
 249601.374    51.470     2.87    6.37
 249978.634    50.366    -2.93    6.19
 250355.852    48.220    -5.69    6.23
 250733.026    44.020   -11.13    7.05
 251110.157    38.911   -13.54    5.22
 251487.245    36.032    -7.63    2.82
 251864.289    34.601    -3.79    1.40
 252241.291    34.380    -0.58    1.24
 252618.250    34.638     0.68    1.20
 252995.166    35.670     2.74    2.13
 253372.038    37.482     4.81    3.37
 253748.868    40.650     8.40    4.25
 254125.655    44.852    11.15    5.30
 254502.398    48.995    10.99    5.49
 254879.099    52.803    10.11    5.44
 255255.757    55.887     8.18    4.01
 255632.372    57.353     3.89    3.08
 256008.944    57.770     1.11    3.39
 256385.473    57.487    -0.75    3.42
 256761.960    57.640     0.41    3.14
 257138.403    57.701     0.16    2.92
 257514.804    57.570    -0.35    3.22
 257891.162    58.164     1.58    3.25
 258267.477    58.220     0.15    2.73
 258643.749    57.296    -2.46    3.05
 259019.978    56.804    -1.31    3.14
 259396.165    57.318     1.37    3.05
 259772.309    58.546     3.27    3.21
 260148.410    59.720     3.12    2.75
 260524.469    61.216     3.98    2.45
 260900.485    62.868     4.39    2.48
 261276.458    64.160     3.44    2.76
 261652.389    65.467     3.48    2.88
 262028.277    67.228     4.68    2.53
 262404.122    68.601     3.65    2.33
 262779.925    69.920     3.51    2.17
 263155.685    70.788     2.31    1.69
 263531.402    71.087     0.79    1.74
 263907.077    70.701    -1.02    2.17
 264282.710    70.189    -1.36    2.60
 264658.300    69.668    -1.38    2.69
 265033.847    70.109     1.17    2.43
 265409.352    70.003    -0.28    2.32
 265784.814    69.114    -2.37    2.90
 266160.234    67.201    -5.09    3.41
 266535.612    64.618    -6.88    3.42
 266910.947    62.704    -5.10    3.51
 267286.240    61.736    -2.58    4.70
 267661.490    62.109     1.00    4.62
 268036.698    61.923    -0.50    4.63
 268411.864    59.293    -7.01    5.92
 268786.987    54.363   -13.14    6.99
 269162.068    49.920   -11.84    6.31
 269537.106    48.833    -2.90    5.47
 269912.102    50.685     4.94    6.21
 270287.056    54.770    10.89    6.47
 270661.968    58.057     8.76    3.88
 271036.837    58.442     1.03    3.77
 271411.665    59.007     1.51    3.44
 271786.450    60.177     3.12    3.52
 272161.192    61.999     4.86    2.61
 272535.893    62.655     1.75    1.89
 272910.551    62.567    -0.24    1.92
 273285.167    61.652    -2.44    2.22
 273659.742    59.818    -4.89    2.75
 274034.273    58.289    -4.08    2.71
 274408.763    56.458    -4.89    3.02
 274783.211    54.467    -5.31    2.55
 275157.617    52.701    -4.72    2.54
 275531.980    51.037    -4.45    2.40
 275906.302    49.360    -4.48    2.89
 276280.581    47.537    -4.87    3.52
 276654.819    45.896    -4.38    4.05
 277029.014    43.802    -5.59    4.52
 277403.168    41.860    -5.19    4.50
 277777.279    39.425    -6.51    4.67
 278151.349    36.839    -6.91    4.39
 278525.377    34.261    -6.89    3.88
 278899.362    31.974    -6.12    2.40
 279273.306    31.228    -1.99    2.00
 279647.208    30.465    -2.04    2.26
 280021.068    30.058    -1.09    2.15
 280394.886    29.397    -1.77    1.52
 280768.662    28.811    -1.57    1.32
 281142.397    28.670    -0.38    1.23
