# NaN NaN NaN ;Mean Elev.(m), Avg Gradient(m/km), RMS Gradient(m/km) - SRTM1     
#   22.340  -4.124   8.183 ;Mean Elev.(m), Avg Gradient(m/km), RMS Gradient(m/km) - ASTER GDEM
#   24.158  -3.834   8.334 ;Mean Elev.(m), Avg Gradient(m/km), RMS Gradient(m/km) - GMTED2010 
  7    29.120 52461.31405576 37.17  48.453491  53.106489 15.037
  7    28.929 52461.31405640 43.21  48.451891  53.103269 15.037
  7    28.880 52461.31405704 37.59  48.450301  53.100049 15.037
  7    29.109 52461.31405769 38.56  48.448701  53.096829 15.037
  7    29.105 52461.31405833 38.24  48.447111  53.093609 15.037
  7    28.921 52461.31405898 38.78  48.445511  53.090389 15.037
  7    28.904 52461.31405962 38.65  48.443921  53.087169 15.037
  7    28.641 52461.31406027 39.59  48.442327  53.083950  5.951
  7    28.647 52461.31406091 37.19  48.440737  53.080730  5.951
  7    28.558 52461.31406156 35.57  48.439137  53.077510  5.951
  7    28.593 52461.31406220 35.29  48.437547  53.074290  5.951
  7    28.545 52461.31406285 35.00  48.435957  53.071070  5.951
  7    28.619 52461.31406349 34.81  48.434357  53.067850  5.951
  7    28.740 52461.31406414 36.73  48.432767  53.064630  5.951
  8    29.018 52496.31405724 31.94  48.447503  53.104741 11.258
  8    29.335 52496.31405788 29.19  48.445913  53.101521 11.258
  8    29.096 52496.31405853 32.45  48.444313  53.098301 11.258
  8    28.783 52496.31405917 26.08  48.442723  53.095081 11.258
  8    28.792 52496.31405982 25.13  48.441133  53.091861 11.258
  8    28.653 52496.31406046 22.49  48.439533  53.088641 11.258
  8    28.256 52496.31406111 20.11  48.437946  53.085421  3.407
  8    27.828 52496.31406175 19.00  48.436346  53.082201  3.407
  8    27.804 52496.31406239 17.14  48.434756  53.078981  3.407
  8    28.157 52496.31406304 16.12  48.433166  53.075761  3.407
  8    27.828 52496.31406368 15.80  48.431576  53.072541  3.407
  8    27.962 52496.31406433 15.93  48.429976  53.069321  3.407
  9    29.570 52531.31404330 45.63  48.454139  53.103544 10.106
  9    26.839 52531.31404975 30.46  48.438189  53.071344 10.106
  9    26.344 52531.31405040 27.64  48.436599  53.068124 10.106
  9    24.859 52531.31405104 26.46  48.434999  53.064904 10.106
  9    23.835 52531.31405169 24.26  48.433409  53.061684 10.106
 11    28.527 52601.31407870 25.73  48.437741  53.104732 13.677
 11    26.909 52601.31407934 20.04  48.436141  53.101512 13.677
 11    27.869 52601.31407999 17.18  48.434551  53.098292 13.677
 11    27.890 52601.31408063 15.65  48.432951  53.095072 13.677
 11    28.428 52601.31408127 13.20  48.431361  53.091852 13.677
 11    28.395 52601.31408192 12.37  48.429771  53.088633  5.435
 11    28.332 52601.31408256 12.25  48.428181  53.085413  5.435
 12   124.939 52636.31404466  0.41  48.443436  53.090507  2.507
 12   125.358 52636.31404530  1.73  48.441846  53.087287  2.507
 12   127.559 52636.31404595  1.56  48.440256  53.084067  2.507
 12   130.085 52636.31404659  1.38  48.438656  53.080847  2.507
 12   132.768 52636.31404724  1.16  48.437066  53.077627  2.507
 12   125.738 52636.31404788  2.92  48.435466  53.074407  2.507
 12   127.741 52636.31404853  2.12  48.433876  53.071187  2.507
 12   139.184 52636.31404917  1.41  48.432286  53.067967  2.507
 12   132.148 52636.31404982  3.74  48.430686  53.064747  2.507
 13   121.742 52671.31404945  2.28  48.439488  53.096000  2.330
 13   122.694 52671.31405010  2.95  48.437898  53.092780  2.330
 13   125.558 52671.31405074  2.24  48.436308  53.089560  2.330
 13   127.733 52671.31405139  2.23  48.434708  53.086340  2.330
 13   127.215 52671.31405203  3.15  48.433118  53.083120  2.330
 13   131.845 52671.31405267  2.83  48.431528  53.079900  2.330
 13   135.332 52671.31405332  2.46  48.429928  53.076680  2.330
 14   119.711 52706.31404568  0.14  48.449683  53.096672  2.364
 14   121.617 52706.31404633  1.09  48.448093  53.093452  2.364
 14   122.709 52706.31404697  1.35  48.446503  53.090232  2.364
 14   123.942 52706.31404762  1.73  48.444903  53.087012  2.364
 14   123.821 52706.31404826  3.37  48.443313  53.083792  2.364
 14   127.780 52706.31404891  2.54  48.441713  53.080572  2.364
 14   129.188 52706.31404955  2.35  48.440123  53.077352  2.364
 14   128.707 52706.31405020  2.65  48.438533  53.074132  2.364
 14   135.792 52706.31405084  2.32  48.436933  53.070912  2.364
 14   138.047 52706.31405149  2.10  48.435343  53.067692  2.364
 14   140.250 52706.31405213  1.83  48.433753  53.064472  2.364
 16    29.839 52776.31402481 36.96  48.433468  53.088390  5.627
 16    29.845 52776.31402545 33.51  48.431878  53.085170  5.627
 16    29.680 52776.31402610 33.44  48.430278  53.081950  5.627
 16    29.622 52776.31402674 32.58  48.428688  53.078730  5.627
 17    28.694 52811.31410039 13.59  48.445799  53.094361  5.540
 17    28.631 52811.31410104 12.82  48.444209  53.091141  5.540
 17    29.437 52811.31410168 12.34  48.442609  53.087921  5.540
 17    28.599 52811.31410233 11.81  48.441019  53.084701  5.540
 17    28.560 52811.31410297 11.78  48.439419  53.081481  5.540
 17    28.561 52811.31410362 10.94  48.437829  53.078261  5.540
 17    28.642 52811.31410426 11.34  48.436229  53.075041  5.540
 17    28.441 52811.31410491 11.72  48.434639  53.071821  5.540
 17    28.697 52811.31410555 11.36  48.433049  53.068601  5.540
 17    29.154 52811.31410620 13.39  48.431449  53.065381  5.540
 18    28.493 52846.31415349 49.43  48.452741  53.104930 13.529
 18    28.535 52846.31415413 48.80  48.451141  53.101710 13.529
 18    28.614 52846.31415477 49.63  48.449551  53.098490 13.529
 18    28.526 52846.31415542 46.90  48.447951  53.095270 13.529
 18    28.359 52846.31415606 41.17  48.446361  53.092050 13.529
 18    28.291 52846.31415671 41.40  48.444761  53.088830 13.529
 18    28.206 52846.31415735 40.52  48.443171  53.085610 13.529
 18    28.161 52846.31415800 39.22  48.441581  53.082390 13.529
 18    28.112 52846.31415864 38.55  48.439981  53.079170 13.529
 18    28.058 52846.31415929 36.53  48.438391  53.075950 13.529
 18    28.190 52846.31415993 33.89  48.436791  53.072730 13.529
 18    28.500 52846.31416058 32.07  48.435201  53.069510 13.529
 18    28.498 52846.31416122 30.68  48.433611  53.066290 13.529
 18    28.428 52846.31416187 30.44  48.432011  53.063070 13.529
 19    28.705 52881.31419089 51.20  48.444667  53.104425 13.303
 19    28.751 52881.31419153 52.26  48.443077  53.101205 13.303
 19    28.730 52881.31419218 41.50  48.441477  53.097985 13.303
 19    28.531 52881.31419282 39.23  48.439887  53.094765 13.303
 19    28.466 52881.31419347 36.61  48.438287  53.091545 13.303
 19    28.181 52881.31419411 36.86  48.436697  53.088325 13.303
 19    27.820 52881.31419476 34.95  48.435107  53.085105 13.303
 19    28.237 52881.31419540 28.96  48.433507  53.081885 13.303
 19    27.504 52881.31419605 26.11  48.431917  53.078665 13.303
 19    27.023 52881.31419669 26.54  48.430327  53.075445 13.303
 19    26.032 52881.31419734 27.93  48.428727  53.072225 13.303
 20    49.471 52916.31414847 21.94  48.443227  53.102890  8.387
 20    28.947 52916.31414976 36.32  48.440037  53.096450  8.387
 20    28.545 52916.31415041 40.56  48.438437  53.093230  8.387
 20    28.842 52916.31415105 36.34  48.436847  53.090010  8.387
 20    28.763 52916.31415170 33.23  48.435257  53.086790  8.387
 20    29.397 52916.31415234 32.28  48.433657  53.083570  8.387
 20    29.414 52916.31415299 31.33  48.432067  53.080350  8.387
 20    29.235 52916.31415363 30.71  48.430477  53.077130  8.387
 20    29.253 52916.31415428 30.64  48.428887  53.073910  8.387
 21    27.175 52951.31410808 35.76  48.461726  53.105846  7.544
 21    29.085 52951.31410873 18.08  48.460136  53.102626  7.544
 21    28.539 52951.31411582 17.71  48.442586  53.067206  7.544
 21    28.409 52951.31411646 16.53  48.440996  53.063986  7.544
 21    28.780 52951.31411711 15.61  48.439406  53.060766  7.544
 21    29.261 52951.31411775 13.81  48.437816  53.057546  7.544
 22    28.344 52986.31413526 27.04  48.435867  53.065559  9.230
 22    28.645 52986.31413590 25.87  48.434277  53.062339  9.230
 23   121.932 53021.31411928  0.80  48.441448  53.094425  2.730
 23   121.611 53021.31411992  4.61  48.439848  53.091205  2.730
 23   126.060 53021.31412057  1.79  48.438259  53.087985  2.734
 23   127.301 53021.31412121  1.35  48.436659  53.084765  2.734
 23   129.862 53021.31412186  1.82  48.435069  53.081545  2.734
 23   133.868 53021.31412250  2.00  48.433479  53.078325  2.734
 23   125.623 53021.31412315  4.67  48.431889  53.075105  2.734
 23   128.125 53021.31412379  3.43  48.430289  53.071885  2.734
 24   118.564 53056.31411050  5.10  48.447235  53.084735  2.127
 24   128.477 53056.31411115  0.41  48.445635  53.081515  2.127
 24   129.977 53056.31411179  0.65  48.444045  53.078295  2.127
 24   132.241 53056.31411244  0.91  48.442455  53.075075  2.127
 24   135.049 53056.31411308  0.60  48.440855  53.071855  2.127
 24   137.119 53056.31411373  0.49  48.439265  53.068635  2.127
 24   139.751 53056.31411437  1.26  48.437675  53.065415  2.127
 25    28.683 53091.31414531 34.14  48.431544  53.103123 18.524
 25    28.619 53091.31414595 33.64  48.429946  53.099904  7.953
 26    30.134 53126.31411451 24.63  48.455552  53.105644 11.299
 26    29.499 53126.31411516 25.64  48.453952  53.102424 11.299
 26    30.495 53126.31411580 29.02  48.452362  53.099204 11.299
 26    29.891 53126.31411645 25.98  48.450761  53.095987  5.260
 26    30.113 53126.31411709 24.44  48.449171  53.092767  5.260
 26    29.960 53126.31411774 24.86  48.447571  53.089547  5.260
 26    29.849 53126.31411838 24.62  48.445981  53.086327  5.260
 26    29.848 53126.31411903 26.41  48.444381  53.083107  5.260
 27   117.482 53161.31417720  1.34  48.442338  53.105247  3.253
 27   119.343 53161.31417785  1.91  48.440739  53.102030  3.029
 27   120.922 53161.31417849  2.67  48.439149  53.098810  3.029
 27   122.117 53161.31417914  5.01  48.437549  53.095590  3.029
 27   123.167 53161.31417978  4.54  48.435959  53.092370  3.029
 27   124.584 53161.31418043  4.64  48.434359  53.089150  3.029
 27   125.469 53161.31418107  6.00  48.432769  53.085930  3.029
 27   126.238 53161.31418171  6.91  48.431179  53.082710  3.029
 27   126.471 53161.31418236  7.90  48.429579  53.079490  3.029
 28    28.962 53196.31417881 36.45  48.440162  53.086676 10.036
 28    29.006 53196.31417946 36.21  48.438562  53.083456 10.036
 28    28.874 53196.31418010 35.66  48.436972  53.080236 10.036
 28    28.884 53196.31418075 35.58  48.435382  53.077016 10.036
 28    29.069 53196.31418139 32.36  48.433782  53.073796 10.036
 28    28.716 53196.31418204 31.68  48.432192  53.070576 10.036
 28    28.932 53196.31418268 32.98  48.430602  53.067356 10.036
 29    28.918 53231.31415777 44.99  48.451792  53.106315 27.917
 29    28.696 53231.31415842 48.50  48.450192  53.103095 27.917
 29    28.805 53231.31415906 41.44  48.448602  53.099875 27.917
 29    28.739 53231.31415971 36.52  48.447002  53.096655 27.917
 29    28.364 53231.31416035 30.95  48.445412  53.093435 27.917
 29    28.018 53231.31416100 31.47  48.443816  53.090216  8.121
 29    27.704 53231.31416164 30.96  48.442226  53.086996  8.121
 29    26.791 53231.31416229 30.71  48.440626  53.083776  8.121
 29    25.745 53231.31416293 31.22  48.439036  53.080556  8.121
 29    25.168 53231.31416358 27.04  48.437446  53.077336  8.121
 29    24.365 53231.31416422 25.33  48.435856  53.074116  8.121
 29    22.742 53231.31416487 24.01  48.434256  53.070896  8.121
 29    21.099 53231.31416551 23.92  48.432666  53.067676  8.121
 29    21.505 53231.31416615 20.60  48.431076  53.064456  8.121
 31    29.685 53301.31418132 11.93  48.436759  53.092645  6.568
 31    30.479 53301.31418260 10.88  48.433569  53.086205  6.568
 31    29.860 53301.31418325 10.11  48.431979  53.082985  6.568
 31    28.563 53301.31418389 10.13  48.430379  53.079765  6.568
 31    28.766 53301.31418454  9.71  48.428789  53.076545  6.568
 32    28.964 53336.31414958 37.57  48.444671  53.104027 16.992
 32    28.377 53336.31415023 33.46  48.443080  53.100810 23.313
 32    28.290 53336.31415087 35.26  48.441480  53.097590 23.313
 32    28.294 53336.31415152 35.14  48.439890  53.094370 23.313
 32    28.291 53336.31415216 34.30  48.438300  53.091150 23.313
 32    28.497 53336.31415281 35.64  48.436700  53.087930 23.313
 32    28.419 53336.31415345 35.08  48.435110  53.084710 23.313
 32    28.469 53336.31415410 37.42  48.433520  53.081490 23.313
 32    28.409 53336.31415474 34.81  48.431920  53.078270 23.313
 32    28.525 53336.31415539 34.86  48.430330  53.075050 23.313
 32    28.455 53336.31415603 40.61  48.428740  53.071830 23.313
 33   125.762 53371.31408884  0.98  48.434348  53.093385  2.385
 33   125.923 53371.31408949  3.25  48.432758  53.090165  2.385
 33   128.943 53371.31409013  1.43  48.431168  53.086945  2.385
 33   128.504 53371.31409078  2.94  48.429568  53.083725  2.385
 34   129.421 53406.31412657  2.72  48.440597  53.080817  2.116
 34   130.678 53406.31412722  3.37  48.438997  53.077597  2.116
 34   126.168 53406.31412786  3.52  48.437407  53.074377  2.116
 34   127.480 53406.31412851  4.50  48.435817  53.071157  2.116
 34   134.901 53406.31412915  3.01  48.434217  53.067937  2.116
 34   140.484 53406.31412980  2.07  48.432627  53.064717  2.116
 35   118.376 53441.31410837  0.29  48.439251  53.105178  2.007
 35   120.169 53441.31410902  1.40  48.437655  53.101959  2.111
 35   121.659 53441.31410966  2.72  48.436065  53.098739  2.111
 35   123.007 53441.31411031  2.90  48.434465  53.095519  2.111
 35   125.618 53441.31411095  2.63  48.432875  53.092299  2.111
 35   127.580 53441.31411160  3.32  48.431285  53.089079  2.111
 35   126.707 53441.31411224  3.66  48.429695  53.085859  2.111
 35   128.771 53441.31411289  4.08  48.428095  53.082639  2.111
 36    28.577 53476.31417767 30.78  48.440401  53.094261 22.323
 36    28.630 53476.31417832 26.80  48.438811  53.091041 22.323
 36    28.752 53476.31417896 25.68  48.437211  53.087821 22.323
 36    28.687 53476.31417961 27.68  48.435621  53.084601 22.323
 36    28.669 53476.31418025 27.67  48.434021  53.081381 22.323
 36    28.756 53476.31418090 32.47  48.432431  53.078161 22.323
 36    28.792 53476.31418154 40.15  48.430841  53.074941 22.323
 36    29.285 53476.31418219 47.97  48.429241  53.071721 22.323
 38   117.480 53546.31420634  1.61  48.440499  53.106199  3.375
 38   119.649 53546.31420698  1.59  48.438908  53.102982  3.065
 38   120.764 53546.31420763  2.96  48.437308  53.099762  3.065
 38   122.348 53546.31420827  2.79  48.435718  53.096542  3.065
 38   123.628 53546.31420892  3.99  48.434128  53.093322  3.065
 38   124.972 53546.31420956  4.48  48.432528  53.090102  3.065
 38   125.457 53546.31421021  6.11  48.430938  53.086882  3.065
 38   126.990 53546.31421085  6.01  48.429348  53.083662  3.065
 39    28.552 53581.31418125 13.12  48.438999  53.096948  5.795
 39    28.859 53581.31418190 10.95  48.437409  53.093728  5.795
 39    28.687 53581.31418254 10.40  48.435809  53.090508  5.795
 39    28.686 53581.31418319 10.23  48.434219  53.087288  5.795
 39    29.298 53581.31418383  9.14  48.432629  53.084068  5.795
 39    28.498 53581.31418448  8.94  48.431029  53.080848  5.795
 39    28.330 53581.31418512  8.81  48.429439  53.077628  5.795
 40    30.810 53616.31413462 35.50  48.435964  53.105867 16.962
 40    28.443 53616.31413527 33.90  48.434367  53.102646 16.674
 40    28.501 53616.31413591 34.78  48.432777  53.099426 16.674
 40    28.835 53616.31413656 36.24  48.431187  53.096206 16.674
 40    28.578 53616.31413720 42.93  48.429587  53.092986 16.674
 40    28.910 53616.31413785 39.24  48.427997  53.089766 16.674
 41    27.718 53651.31414880 26.33  48.451402  53.104790  9.185
 41    28.658 53651.31414944 19.07  48.449800  53.101575  4.250
 41    28.719 53651.31415009 19.04  48.448210  53.098355  4.250
 41    29.249 53651.31415073 15.01  48.446610  53.095135  4.250
 41    29.035 53651.31415138 12.60  48.445020  53.091915  4.250
 41    28.830 53651.31415202 12.75  48.443420  53.088695  4.250
 41    28.922 53651.31415266 12.38  48.441830  53.085475  4.250
 41    28.995 53651.31415331 12.25  48.440240  53.082255  4.250
 41    28.719 53651.31415395 11.56  48.438640  53.079035  4.250
 41    28.941 53651.31415460 10.90  48.437050  53.075815  4.250
 41    28.715 53651.31415524 12.44  48.435460  53.072595  4.250
 41    32.372 53651.31415589 10.76  48.433860  53.069375  4.250
 41    29.746 53651.31415653 10.53  48.432270  53.066155  4.250
 44   121.778 53756.31401291  0.25  48.453662  53.090270  1.904
 44   126.795 53756.31401420  0.29  48.450472  53.083830  1.904
 44   127.513 53756.31401484  1.22  48.448882  53.080610  1.904
 44   129.395 53756.31401549  1.16  48.447282  53.077390  1.904
 44   145.497 53756.31401613  1.78  48.445692  53.074170  1.904
 44   147.243 53756.31401678  0.99  48.444102  53.070950  1.904
 44   148.970 53756.31401742  1.15  48.442502  53.067730  1.904
 44   147.413 53756.31401807  0.39  48.440912  53.064510  1.904
 44   143.637 53756.31401871  0.83  48.439322  53.061290  1.904
 44   149.502 53756.31401936  0.42  48.437722  53.058070  1.904
 45    74.223 53791.31403800  6.62  48.447071  53.100679  2.406
 45   119.609 53791.31403864  1.64  48.445471  53.097459  2.406
 45   121.742 53791.31403993  1.52  48.442281  53.091019  2.406
 45   123.273 53791.31404057  2.58  48.440691  53.087799  2.406
 45   126.889 53791.31404122  1.04  48.439101  53.084579  2.406
 45   130.610 53791.31404186  1.00  48.437511  53.081359  2.406
 45   133.004 53791.31404251  1.24  48.435911  53.078139  2.406
 45   134.745 53791.31404315  1.08  48.434321  53.074919  2.406
 45   138.092 53791.31404380  0.57  48.432731  53.071699  2.406
 45   138.814 53791.31404444  1.62  48.431131  53.068479  2.406
 45   141.159 53791.31404509  1.40  48.429541  53.065259  2.406
 46    28.677 53826.31400058 30.84  48.454326  53.090785 13.180
 46    28.758 53826.31400122 32.55  48.452726  53.087565 13.180
 46    28.806 53826.31400187 33.00  48.451136  53.084345 13.180
 46    28.842 53826.31400251 32.16  48.449536  53.081125 13.180
 46    28.522 53826.31400316 32.52  48.447946  53.077905 13.180
 46    28.654 53826.31400380 32.68  48.446346  53.074685 13.180
 46    28.620 53826.31400445 34.05  48.444756  53.071465 13.180
 46    28.627 53826.31400509 34.58  48.443166  53.068245 13.180
 46    28.692 53826.31400574 34.89  48.441566  53.065025 13.180
 46    28.658 53826.31400638 34.22  48.439976  53.061805 13.180
 46    28.643 53826.31400703 33.06  48.438386  53.058585 13.180
 48    28.564 53896.31410806 19.37  48.451589  53.106093  7.639
 48    28.551 53896.31410871 19.25  48.449986  53.102876  8.185
 48    29.068 53896.31410935 18.03  48.448396  53.099656  8.185
 48    28.906 53896.31411000 17.76  48.446796  53.096436  8.185
 48    29.073 53896.31411064 19.92  48.445206  53.093216  8.185
 48    29.221 53896.31411128 19.25  48.443616  53.089996  8.185
 48    28.809 53896.31411193 23.25  48.442016  53.086776  8.185
 48    29.010 53896.31411257 20.79  48.440426  53.083556  8.185
 48    28.874 53896.31411322 19.25  48.438826  53.080336  8.185
 48    28.792 53896.31411386 17.76  48.437236  53.077116  8.185
 48    28.945 53896.31411451 16.59  48.435646  53.073896  8.185
 48    29.433 53896.31411580 15.09  48.432456  53.067456  8.185
 48    29.749 53896.31411644 15.54  48.430866  53.064236  8.185
 49    29.266 53931.31415937 41.67  48.436690  53.105632  6.846
 49    29.067 53931.31416002 48.92  48.435090  53.102412  6.846
 49    29.108 53931.31416066 49.22  48.433499  53.099194  7.442
 49    29.365 53931.31416130 47.32  48.431899  53.095974  7.442
 49    29.690 53931.31416195 45.07  48.430309  53.092754  7.442
 49    29.853 53931.31416259 40.50  48.428719  53.089534  7.442
 50    39.291 53966.31413552 31.48  48.438124  53.106372  8.051
 50    28.915 53966.31413681 46.61  48.434944  53.099932  8.051
 50    28.463 53966.31413745 50.01  48.433342  53.096713  8.861
 50    28.848 53966.31413810 43.38  48.431752  53.093493  8.861
 50    29.350 53966.31413874 38.11  48.430162  53.090273  8.861
 50    29.395 53966.31413938 38.38  48.428562  53.087053  8.861
 51    45.085 54001.31409781 29.18  48.456897  53.096537  6.494
 51    29.405 54001.31409845 16.89  48.455297  53.093317  6.494
 51    28.731 54001.31409910 18.95  48.453707  53.090097  6.494
 51    28.438 54001.31409974 19.06  48.452107  53.086877  6.494
 51    28.757 54001.31410039 18.10  48.450517  53.083657  6.494
 51    29.003 54001.31410103 15.42  48.448917  53.080437  6.494
 51    28.827 54001.31410168 14.31  48.447327  53.077217  6.494
 51    29.650 54001.31410232 13.13  48.445737  53.073997  6.494
 51    29.275 54001.31410297 12.49  48.444137  53.070777  6.494
 51    30.001 54001.31410361 11.82  48.442547  53.067557  6.494
 51    29.641 54001.31410425 11.69  48.440947  53.064337  6.494
 51    30.058 54001.31410490 11.36  48.439357  53.061117  6.494
 51    30.872 54001.31410554 10.75  48.437767  53.057897  6.494
 52    29.096 54036.31413786 17.58  48.451056  53.101602  6.369
 52    28.354 54036.31413850 18.76  48.449456  53.098382  6.369
 52    28.170 54036.31413915 16.13  48.447863  53.095167  4.245
 52    27.914 54036.31413979 16.24  48.446273  53.091947  4.245
 52    27.772 54036.31414044 15.94  48.444673  53.088727  4.245
 52    28.546 54036.31414108 13.53  48.443083  53.085507  4.245
 52    27.219 54036.31414173 15.09  48.441483  53.082287  4.245
 52    28.737 54036.31414237 11.35  48.439893  53.079067  4.245
 52    29.073 54036.31414302 11.73  48.438303  53.075847  4.245
 52    28.981 54036.31414366 11.50  48.436703  53.072627  4.245
 52    31.621 54036.31414431 12.07  48.435113  53.069407  4.245
 52    29.882 54036.31414495 13.85  48.433523  53.066187  4.245
 52    30.234 54036.31414559 15.19  48.431923  53.062967  4.245
 54    28.851 54106.31408348 30.51  48.437421  53.106372  8.531
 54    28.609 54106.31408413 31.83  48.435831  53.103152  8.531
 54    28.719 54106.31408477 33.59  48.434231  53.099932  8.531
 54    28.613 54106.31408542 36.74  48.432643  53.096710 11.695
 54    28.502 54106.31408606 37.75  48.431043  53.093490 11.695
 54    28.369 54106.31408671 36.46  48.429453  53.090270 11.695
 54    28.397 54106.31408735 36.08  48.427863  53.087050 11.695
 55   120.461 54141.31406702  0.15  48.445284  53.093729  2.778
 55   122.947 54141.31406767  0.47  48.443684  53.090509  2.778
 55   125.559 54141.31406831  0.80  48.442094  53.087289  2.778
 55   128.003 54141.31406896  1.25  48.440494  53.084069  2.778
 55   130.725 54141.31406960  0.85  48.438904  53.080849  2.778
 55   132.417 54141.31407025  1.04  48.437314  53.077629  2.778
 55   135.095 54141.31407089  1.12  48.435714  53.074409  2.778
 55   137.025 54141.31407154  1.75  48.434124  53.071189  2.778
 55   139.163 54141.31407218  1.36  48.432534  53.067969  2.778
 55   130.473 54141.31407283  3.32  48.430934  53.064749  2.778
 56    28.791 54176.31406516 22.25  48.440551  53.103831  8.180
 56    34.962 54176.31406580 17.07  48.438951  53.100611  8.180
 56    34.783 54176.31406645 17.01  48.437361  53.097391  8.180
 56    28.734 54176.31406709 16.66  48.435761  53.094171  8.180
 56    28.727 54176.31406774 17.07  48.434171  53.090951  8.180
 56    28.892 54176.31406838 16.48  48.432581  53.087731  8.180
 56    28.676 54176.31406903 17.34  48.430981  53.084511  8.180
 56    28.662 54176.31406967 17.45  48.429391  53.081291  8.180
 57    29.703 54211.31407595 38.37  48.438623  53.084007 11.966
 57    29.826 54211.31407660 36.58  48.437033  53.080787 11.966
 57    29.827 54211.31407724 37.13  48.435433  53.077567 11.966
 57    29.889 54211.31407789 35.82  48.433843  53.074347 11.966
 57    29.647 54211.31407853 38.18  48.432253  53.071127 11.966
 57    29.651 54211.31407917 45.31  48.430653  53.067907  7.847
 58    30.737 54246.31410152 37.15  48.447610  53.104078  9.754
 58    30.148 54246.31410217 34.26  48.446020  53.100858  9.754
 58    30.304 54246.31410281 33.35  48.444420  53.097638  9.754
 60    29.015 54316.31411062 35.72  48.447215  53.105560 14.036
 60    29.398 54316.31411127 35.62  48.445625  53.102340 14.036
 60    29.408 54316.31411191 34.94  48.444025  53.099120 14.036
 60    29.407 54316.31411256 32.83  48.442435  53.095900 14.036
 60    29.726 54316.31411320 33.34  48.440835  53.092680 14.036
 60    29.959 54316.31411385 40.34  48.439245  53.089460 14.036
 61    27.215 54351.31408180 21.64  48.432517  53.086264 12.297
 61    26.132 54351.31408245 21.00  48.430927  53.083044 12.297
 61    25.883 54351.31408309 18.66  48.429327  53.079824 12.297
 62    28.892 54386.31404958 19.98  48.450924  53.106048 10.153
 62    28.808 54386.31405022 18.64  48.449324  53.102828 10.153
 62    28.654 54386.31405087 17.85  48.447734  53.099608 10.153
 62    28.554 54386.31405151 17.04  48.446134  53.096388 10.153
 62    27.183 54386.31405216 18.33  48.444544  53.093168 10.153
 62    28.381 54386.31405280 13.83  48.442954  53.089948 10.153
 62    27.977 54386.31405345 13.63  48.441354  53.086728 10.153
 62    28.238 54386.31405409 13.52  48.439764  53.083508 10.153
 62    28.801 54386.31405474 11.32  48.438164  53.080288 10.153
 62    28.775 54386.31405538 12.24  48.436574  53.077068 10.153
 62    28.513 54386.31405603 11.55  48.434984  53.073848 10.153
 62    28.730 54386.31405667 11.52  48.433384  53.070629  4.926
 62    29.348 54386.31405732 10.88  48.431794  53.067409  4.926
 62    30.029 54386.31405796 12.48  48.430204  53.064189  4.926
 63    27.836 54421.31402938 22.43  48.438539  53.097902 11.373
 63    28.275 54421.31403003 18.92  48.436949  53.094682 11.373
 63    27.718 54421.31403067 17.45  48.435359  53.091462 11.373
 63    28.091 54421.31403132 14.59  48.433759  53.088242 11.373
 63    28.083 54421.31403196 14.16  48.432169  53.085022 11.373
 63    28.388 54421.31403260 13.56  48.430579  53.081802 11.373
 63    28.518 54421.31403325 12.97  48.428979  53.078582 11.373
 64    28.524 54456.31402236 31.12  48.455584  53.105434  9.484
 64    28.804 54456.31402301 31.89  48.453984  53.102214  9.484
 64    28.460 54456.31403074 33.42  48.434853  53.063576  5.811
 65   133.434 54491.31403460  0.29  48.431855  53.078789  2.155
 65   135.357 54491.31403525  0.69  48.430255  53.075569  2.155
 65   138.044 54491.31403589  0.95  48.428665  53.072349  2.155
 66    28.746 54526.31403952 32.76  48.442118  53.084436 15.002
 66    28.953 54526.31404016 34.48  48.440528  53.081216 15.002
 66    28.764 54526.31404080 37.44  48.438928  53.077996 15.002
 66    28.756 54526.31404145 36.79  48.437338  53.074776 15.002
 66    28.668 54526.31404209 37.72  48.435748  53.071556 15.002
 66    28.676 54526.31404274 34.51  48.434148  53.068336 15.002
 66    29.591 54526.31404338 31.40  48.432558  53.065116 15.002
 67    28.735 54561.31403787 44.75  48.441128  53.104285 11.231
 67    28.748 54561.31403851 38.98  48.439528  53.101065 11.231
 67    28.585 54561.31403916 37.91  48.437938  53.097845 11.231
 67    28.609 54561.31403980 36.42  48.436338  53.094625 11.231
 67    28.603 54561.31404045 28.61  48.434748  53.091405 11.231
 67    28.670 54561.31404109 25.93  48.433158  53.088185 11.231
 67    28.391 54561.31404174 23.33  48.431558  53.084965 11.231
 67    28.584 54561.31404238 23.26  48.429968  53.081745 11.231
 67    28.590 54561.31404303 41.05  48.428378  53.078525 11.231
 68    30.778 54596.31403124 31.25  48.446640  53.104352  4.811
 68    30.007 54596.31403189 31.36  48.445040  53.101132  4.811
 68    30.179 54596.31403253 28.07  48.443450  53.097912  4.811
 68    30.008 54596.31403318 29.09  48.441850  53.094692  4.811
 68    29.633 54596.31403640 26.33  48.433890  53.078592  4.811
 68    29.327 54596.31403705 26.04  48.432290  53.075372  4.811
 68    29.143 54596.31403769 25.91  48.430700  53.072152  4.811
 68    29.325 54596.31403834 33.07  48.429110  53.068932  4.811
 69    29.124 54631.31404497 25.34  48.446199  53.105402  4.530
 69    29.161 54631.31404561 26.08  48.444599  53.102182  4.530
 69    29.348 54631.31404626 24.81  48.443009  53.098962  4.530
 69    29.336 54631.31404690 26.58  48.441409  53.095742  4.530
 69    29.414 54631.31404755 27.62  48.439819  53.092522  4.530
 69    29.547 54631.31404819 26.76  48.438229  53.089302  4.530
 69    29.525 54631.31404884 28.56  48.436629  53.086082  4.530
 69    29.227 54631.31404948 28.56  48.435039  53.082862  4.530
 69    29.566 54631.31405013 29.27  48.433449  53.079642  4.530
 69    29.343 54631.31405077 30.38  48.431849  53.076422  4.530
 70    29.793 54666.31405081 46.64  48.446105  53.106793  9.334
 70    29.810 54666.31405146 46.73  48.444515  53.103573  9.334
 70    29.610 54666.31405210 47.20  48.442915  53.100353  9.334
 70    29.587 54666.31405275 45.68  48.441325  53.097133  9.334
 70    29.652 54666.31405339 44.66  48.439725  53.093913  9.334
 71    28.274 54701.31402177 34.79  48.437082  53.094215 13.635
 71    28.266 54701.31402242 28.88  48.435492  53.090995 13.635
 71    28.169 54701.31402306 25.91  48.433902  53.087775 13.635
 71    28.323 54701.31402371 27.91  48.432302  53.084555 13.635
 71    28.296 54701.31402435 25.94  48.430712  53.081335 13.635
 71    28.192 54701.31402500 27.86  48.429122  53.078115 13.635
 72    28.255 54736.31401075 35.71  48.452689  53.105213  8.435
 72    34.567 54736.31401140 20.59  48.451099  53.101993  8.435
 72    28.716 54736.31401204 20.23  48.449499  53.098773  8.435
 72    28.780 54736.31401269 17.98  48.447909  53.095553  8.435
 72    28.770 54736.31401333 15.67  48.446309  53.092333  8.435
 72    28.642 54736.31401398 14.51  48.444719  53.089113  8.435
 72    28.752 54736.31401462 14.10  48.443129  53.085893  8.435
 72    28.975 54736.31401527 13.14  48.441529  53.082673  8.435
 72    28.703 54736.31401591 12.93  48.439939  53.079453  8.435
 72    28.407 54736.31401656 13.78  48.438339  53.076233  8.435
 72    28.610 54736.31401720 11.62  48.436749  53.073013  8.435
 72    28.013 54736.31401785 15.63  48.435159  53.069793  8.435
 72    29.329 54736.31401849 11.30  48.433559  53.066573  8.435
 72    29.011 54736.31401913 17.35  48.431969  53.063353  8.435
 73    29.057 54771.31400044 23.43  48.445547  53.105468  8.605
 73    28.968 54771.31400109 18.23  48.443957  53.102248  8.605
 73    29.190 54771.31400173 14.91  48.442357  53.099028  8.605
 73    29.031 54771.31400238 15.23  48.440767  53.095808  8.605
 73    28.618 54771.31400302 16.25  48.439167  53.092588  8.605
 73    27.996 54771.31400367 16.43  48.437577  53.089368  8.605
 73    23.793 54771.31400431 20.46  48.435987  53.086148  8.605
 73    24.932 54771.31400496 19.23  48.434387  53.082928  8.605
 73    28.322 54771.31400560 15.26  48.432797  53.079708  8.605
 73    28.823 54771.31400625 13.87  48.431207  53.076488  8.605
 73    29.045 54771.31400689 11.37  48.429607  53.073268  8.605
 74    29.261 54806.31400429 22.42  48.452122  53.106563  6.853
 74    28.828 54806.31400493 20.64  48.450522  53.103343  6.853
 74    29.155 54806.31400558 19.83  48.448922  53.100123  6.853
 74    29.736 54806.31400622 17.30  48.447332  53.096903  6.853
 74    29.410 54806.31400686 16.42  48.445742  53.093683  6.853
 74    28.826 54806.31400751 15.65  48.444142  53.090463  6.853
 74    28.614 54806.31400815 14.25  48.442552  53.087243  6.853
 74    28.690 54806.31400880 13.41  48.440952  53.084023  6.853
 74    28.585 54806.31400944 13.55  48.439362  53.080803  6.853
 74    28.806 54806.31401009 13.08  48.437762  53.077583  6.853
 74    28.801 54806.31401073 13.43  48.436172  53.074363  6.853
 74    29.094 54806.31401138 12.21  48.434582  53.071143  6.853
 74    29.629 54806.31401202 12.66  48.432982  53.067923  6.853
 74    29.950 54806.31401267 16.94  48.431392  53.064703  6.853
 75   123.955 54841.31399796  0.56  48.442012  53.095464  2.473
 75   122.198 54841.31399861  2.76  48.440412  53.092244  2.473
 75   126.080 54841.31399925  1.23  48.438822  53.089024  2.473
 75   127.785 54841.31399990  1.79  48.437232  53.085804  2.473
 75   130.658 54841.31400054  2.43  48.435632  53.082584  2.473
 75   132.576 54841.31400119  2.54  48.434042  53.079364  2.473
 75   148.893 54841.31400183  2.91  48.432452  53.076144  2.473
 75   138.043 54841.31400248  2.13  48.430852  53.072924  2.473
 75   150.134 54841.31400312  2.52  48.429262  53.069704  2.473
 76   119.804 54876.31400708  0.77  48.446042  53.100286  2.161
 76   120.200 54876.31400773  0.71  48.444442  53.097066  2.161
 76   121.508 54876.31400837  1.53  48.442852  53.093846  2.161
 76   123.810 54876.31400902  2.13  48.441262  53.090626  2.161
 76   126.202 54876.31400966  2.03  48.439662  53.087406  2.161
 76   128.638 54876.31401031  2.39  48.438072  53.084186  2.161
 76   131.128 54876.31401095  2.50  48.436472  53.080966  2.161
 76   133.104 54876.31401160  2.92  48.434882  53.077746  2.161
 76   148.358 54876.31401224  3.16  48.433292  53.074526  2.161
 76   138.005 54876.31401289  2.52  48.431692  53.071306  2.161
 76   139.789 54876.31401353  2.57  48.430102  53.068086  2.161
 77    38.381 54911.31400139 18.74  48.439984  53.106505  4.186
 77    36.490 54911.31400203 15.81  48.438384  53.103285  4.186
 77    35.386 54911.31400268 13.92  48.436794  53.100065  4.186
 77    35.109 54911.31400332 13.73  48.435194  53.096845  4.186
 77    29.514 54911.31400397 13.27  48.433604  53.093625  4.186
 77    29.331 54911.31400461 13.00  48.432014  53.090405  4.186
 77    29.318 54911.31400526 12.47  48.430414  53.087185  4.186
 77    29.222 54911.31400590 12.60  48.428824  53.083965  4.186
 78    28.842 54946.31399822 25.28  48.449312  53.105882  5.869
 78    30.127 54946.31399886 18.98  48.447722  53.102662  5.869
 78    30.107 54946.31399951 19.62  48.446122  53.099442  5.869
 78    29.462 54946.31400015 18.56  48.444532  53.096222  5.869
 78    29.290 54946.31400080 18.72  48.442932  53.093002  5.869
 78    29.030 54946.31400144 19.41  48.441342  53.089782  5.869
 78    28.359 54946.31400209 19.47  48.439752  53.086562  5.869
 78    28.259 54946.31400273 19.93  48.438152  53.083342  5.869
 78    27.962 54946.31400338 20.24  48.436562  53.080122  5.869
 78    28.197 54946.31400402 20.56  48.434962  53.076902  5.869
 78    28.826 54946.31400467 21.09  48.433372  53.073682  5.869
 78    28.870 54946.31400531 21.28  48.431782  53.070462  5.869
 78    29.578 54946.31400596 21.39  48.430182  53.067242  5.869
 79    28.903 54981.31402458 23.19  48.445709  53.105598  4.201
 79    28.911 54981.31402522 22.92  48.444109  53.102378  4.201
 79    28.794 54981.31402587 23.53  48.442519  53.099158  4.201
 79    28.661 54981.31402651 23.72  48.440919  53.095938  4.201
 79    28.676 54981.31402716 24.42  48.439329  53.092718  4.201
 79    28.984 54981.31402780 24.72  48.437739  53.089498  4.201
 79    29.142 54981.31402844 25.17  48.436139  53.086278  4.201
 79    29.131 54981.31402909 25.41  48.434549  53.083058  4.201
 79    29.120 54981.31402973 26.02  48.432959  53.079838  4.201
 79    29.369 54981.31403038 26.36  48.431359  53.076618  4.201
 80    28.464 55016.31403091 37.58  48.434181  53.079696 11.339
 80    28.375 55016.31403155 34.45  48.432591  53.076476 11.339
 80    28.320 55016.31403220 32.80  48.430991  53.073256 11.339
 80    28.475 55016.31403284 39.42  48.429401  53.070036 11.339
 81    29.954 55051.31402477 32.28  48.435996  53.082625 16.888
 81    28.137 55051.31402542 24.42  48.434406  53.079405 16.888
 81    26.142 55051.31402606 22.93  48.432816  53.076185 16.888
 81    27.576 55051.31402671 21.28  48.431216  53.072965 16.888
 81    27.901 55051.31402735 21.31  48.429626  53.069745 16.888
 82   120.826 55086.31398538  1.22  48.439635  53.106127  2.656
 82   119.551 55086.31398603  1.89  48.438035  53.102907  2.656
 82   121.351 55086.31398667  2.47  48.436445  53.099687  2.656
 82   122.669 55086.31398732  2.83  48.434855  53.096467  2.656
 82   124.627 55086.31398796  3.07  48.433255  53.093247  2.656
 82   126.166 55086.31398861  4.56  48.431665  53.090027  2.656
 82   126.063 55086.31398925  4.38  48.430075  53.086807  2.656
 82   132.036 55086.31398990  4.37  48.428475  53.083587  2.656
 83    30.597 55121.31395452 20.96  48.452638  53.104793 15.154
 83    29.216 55121.31395517 20.56  48.451038  53.101573 15.154
 83    29.560 55121.31395581 17.64  48.449448  53.098353 15.154
 83    29.179 55121.31395646 17.31  48.447848  53.095133 15.154
 83    28.859 55121.31395710 16.21  48.446258  53.091913 15.154
 83    28.586 55121.31395775 15.85  48.444658  53.088693 15.154
 83    28.652 55121.31396032 12.55  48.438285  53.075817  5.290
 83    29.617 55121.31396097 11.49  48.436695  53.072597  5.290
 83    57.085 55121.31396161 11.74  48.435105  53.069377  5.290
 83    57.345 55121.31396226 10.97  48.433505  53.066157  5.290
 83    57.241 55121.31396290 11.01  48.431915  53.062937  5.290
 84    47.915 55156.31394958 13.79  48.432895  53.086302  4.099
 84   122.508 55156.31395022 13.32  48.431305  53.083082  4.099
 84   125.692 55156.31395087 11.12  48.429707  53.079862  5.332
 85   125.644 55191.31394744  0.71  48.442985  53.086761  3.539
 85   127.987 55191.31394808  1.27  48.441385  53.083541  3.539
 85   130.359 55191.31394873  1.94  48.439795  53.080321  3.539
 85   132.465 55191.31394937  2.59  48.438195  53.077101  3.539
 85   134.509 55191.31395002  3.38  48.436605  53.073881  3.539
 85   137.105 55191.31395066  2.37  48.435015  53.070661  3.539
 85   128.419 55191.31395131  3.65  48.433415  53.067441  3.539
 85   140.398 55191.31395195  2.15  48.431825  53.064221  3.539
 86   117.462 55226.31394660  3.01  48.442654  53.104351  1.925
 86   119.635 55226.31394725  1.12  48.441054  53.101131  1.925
 86   122.225 55226.31394789  0.97  48.439464  53.097911  1.925
 86   124.099 55226.31394854  1.03  48.437874  53.094691  1.925
 86   125.063 55226.31394918  1.85  48.436274  53.091471  1.925
 86   127.413 55226.31394983  2.30  48.434684  53.088251  1.925
 86   128.474 55226.31395047  2.66  48.433094  53.085031  1.925
 86   131.700 55226.31395111  3.30  48.431493  53.081813  2.007
 86   135.042 55226.31395176  3.20  48.429903  53.078593  2.007
 87   117.522 55261.31393986  0.02  48.448342  53.104319  1.846
 87   118.237 55261.31394050  0.16  48.446752  53.101099  1.846
 87   121.205 55261.31394115  1.00  48.445152  53.097879  1.846
 87   121.775 55261.31394179  1.61  48.443562  53.094659  1.846
 87   122.089 55261.31394244  4.71  48.441962  53.091439  1.846
 87   124.489 55261.31394308  2.55  48.440372  53.088219  1.846
 87   126.546 55261.31394373  2.88  48.438777  53.085002  2.068
 87   129.764 55261.31394437  3.50  48.437187  53.081782  2.068
 87   130.344 55261.31394502  3.76  48.435587  53.078562  2.068
 87   134.779 55261.31394566  4.00  48.433997  53.075342  2.068
 87   137.808 55261.31394630  3.68  48.432407  53.072122  2.068
 87   140.460 55261.31394695  3.24  48.430807  53.068902  2.068
 87   144.442 55261.31394759  3.83  48.429217  53.065682  2.068
 88    29.688 55296.31393106 29.46  48.442169  53.106174 22.237
 88    29.138 55296.31393170 33.09  48.440569  53.102954 22.237
 88    29.285 55296.31393235 30.25  48.438979  53.099734 22.237
 88    28.846 55296.31393299 33.76  48.437389  53.096514 22.237
 88    29.024 55296.31393364 27.22  48.435789  53.093294 22.237
 88    29.033 55296.31393428 26.63  48.434199  53.090074 22.237
 88    28.643 55296.31393493 28.11  48.432609  53.086854 22.237
 88    28.871 55296.31393557 29.90  48.431009  53.083634 22.237
 88    28.837 55296.31393622 33.18  48.429419  53.080414 22.237
 89    29.538 55331.31392015 25.41  48.444315  53.104311  8.898
 89    29.178 55331.31392080 26.69  48.442715  53.101091  8.898
 89    29.417 55331.31392144 25.97  48.441125  53.097871  8.898
 89    29.284 55331.31392209 25.43  48.439525  53.094651  8.898
 89    29.660 55331.31392273 23.04  48.437935  53.091431  8.898
 89    29.083 55331.31392338 23.37  48.436345  53.088211  8.898
 89    29.629 55331.31392402 21.79  48.434745  53.084991  8.898
 89    29.472 55331.31392467 21.63  48.433156  53.081771  4.380
 89    29.655 55331.31392531 21.37  48.431556  53.078551  4.380
 89    29.588 55331.31392596 20.32  48.429966  53.075331  4.380
 90    51.284 55366.31391301  8.63  48.445122  53.106152  6.041
 90    39.147 55366.31391366  9.76  48.443532  53.102932  6.041
 90    28.235 55366.31391430 21.36  48.441932  53.099712  6.041
 90    28.009 55366.31391495 21.39  48.440342  53.096492  6.041
 90    28.304 55366.31391559 18.35  48.438752  53.093272  6.041
 90    28.686 55366.31391624 15.93  48.437152  53.090052  6.041
 90    29.151 55366.31391688 15.50  48.435562  53.086832  6.041
 90    29.075 55366.31391753 15.53  48.433972  53.083612  6.041
 90    28.776 55366.31391817 14.95  48.432371  53.080392  3.855
 90    28.873 55366.31391882 15.11  48.430781  53.077172  3.855
 90    28.210 55366.31391946 15.90  48.429191  53.073952  3.855
 91    29.743 55401.31392584 45.66  48.452229  53.105574 11.223
 91    29.729 55401.31392648 47.03  48.450639  53.102354 11.223
 91    29.602 55401.31392713 47.06  48.449039  53.099134 11.223
 91    29.332 55401.31392777 47.96  48.447449  53.095914 11.223
 91    28.318 55401.31393422 31.32  48.431506  53.063716  5.600
 92    28.264 55436.31393039 37.73  48.446277  53.104061 22.749
 92    28.285 55436.31393104 41.11  48.444687  53.100841 22.749
 92    28.283 55436.31393168 40.45  48.443097  53.097621 22.749
 92    28.232 55436.31393233 29.85  48.441496  53.094402 16.515
 92    28.306 55436.31393297 30.15  48.439906  53.091182 16.515
 92    28.426 55436.31393362 43.71  48.438316  53.087962 16.515
 92    28.354 55436.31393426 38.51  48.436716  53.084742 16.515
 92    28.423 55436.31393490 33.04  48.435126  53.081522 16.515
 92    28.447 55436.31393555 34.88  48.433536  53.078302 16.515
 92    28.370 55436.31393619 31.19  48.431936  53.075082 16.515
 92    28.299 55436.31393684 40.35  48.430346  53.071862 16.515
 93   118.668 55471.31388231  1.87  48.439419  53.104632  2.603
 93   120.203 55471.31388296  3.40  48.437824  53.101414  3.196
 93   122.652 55471.31388360  3.29  48.436234  53.098194  3.196
 93   123.364 55471.31388425  3.95  48.434634  53.094974  3.196
 93   125.398 55471.31388489  4.50  48.433044  53.091754  3.196
 93   126.859 55471.31388553  4.69  48.431454  53.088534  3.196
 93   129.407 55471.31388618  5.42  48.429854  53.085314  3.196
 93   132.679 55471.31388682  6.13  48.428264  53.082094  3.196
