-268707.269    -0.687     0.00    2.85
-268335.727    -1.334    -1.74    2.45
-267964.144    -1.930    -1.60    1.71
-267592.520    -1.937    -0.02    1.53
-267220.854    -1.766     0.46    1.53
-266849.147    -1.419     0.93    1.90
-266477.399    -1.286     0.36    1.96
-266105.609    -1.176     0.29    1.84
-265733.778    -0.687     1.32    1.80
-265361.906    -0.509     0.48    1.82
-264989.992    -0.681    -0.46    2.04
-264618.037    -1.255    -1.54    1.95
-264246.040    -1.681    -1.14    1.71
-263874.002    -1.637     0.12    1.77
-263501.923    -1.693    -0.15    1.85
-263129.801    -1.960    -0.72    1.86
-262757.639    -2.002    -0.11    1.79
-262385.435    -1.730     0.73    1.99
-262013.189    -1.253     1.28    1.91
-261640.902    -0.404     2.28    1.94
-261268.573     0.036     1.18    1.99
-260896.203     1.020     2.64    2.32
-260523.791     2.213     3.20    2.51
-260151.337     3.319     2.97    1.99
-259778.842     3.811     1.32    1.43
-259406.305     3.974     0.44    1.30
-259033.727     4.325     0.94    1.34
-258661.107     4.426     0.27    1.33
-258288.445     4.631     0.55    1.31
-257915.742     5.089     1.23    1.36
-257542.996     5.748     1.77    1.89
-257170.209     9.329     9.60    6.41
-256797.381    14.647    14.26   10.12
-256424.510    21.750    19.05   10.98
-256051.598    28.401    17.83    8.10
-255678.644    29.909     4.04    7.10
-255305.648    28.871    -2.78    7.48
-254932.610    27.697    -3.15    6.39
-254559.531    26.528    -3.13    5.20
-254186.409    27.097     1.52    5.28
-253813.246    29.901     7.51    6.81
-253440.041    34.392    12.03    7.51
-253066.794    39.631    14.03    7.60
-252693.505    43.785    11.13    6.62
-252320.174    47.747    10.61    6.30
-251946.801    52.065    11.56    5.74
-251573.386    56.308    11.36    5.52
-251199.929    60.103    10.16    4.63
-250826.430    63.324     8.62    3.53
-250452.889    65.443     5.67    2.27
-250079.306    65.392    -0.14    2.23
-249705.681    63.434    -5.24    3.60
-249332.014    61.155    -6.10    3.90
-248958.305    58.426    -7.30    3.50
-248584.554    56.526    -5.08    3.52
-248210.761    55.001    -4.08    4.32
-247836.926    54.103    -2.40    4.51
-247463.048    51.897    -5.90    5.10
-247089.128    49.354    -6.80    5.44
-246715.166    47.614    -4.65    5.79
-246341.162    45.297    -6.20    5.22
-245967.116    43.511    -4.77    5.25
-245593.028    42.843    -1.78    5.18
-245218.897    43.375     1.42    5.20
-244844.724    45.087     4.57    5.41
-244470.509    48.440     8.96    5.77
-244096.251    53.056    12.33    6.64
-243721.951    58.129    13.55    6.21
-243347.609    62.330    11.22    4.63
-242973.225    64.405     5.54    2.36
-242598.798    64.097    -0.82    2.83
-242224.329    61.509    -6.91    4.40
-241849.817    58.562    -7.87    5.04
-241475.263    54.377   -11.17    5.25
-241100.667    50.647    -9.96    5.35
-240726.028    47.247    -9.07    5.10
-240351.347    42.843   -11.75    5.29
-239976.623    38.889   -10.55    5.28
-239601.857    35.819    -8.19    5.10
-239227.048    32.679    -8.38    4.97
-238852.197    29.530    -8.40    5.07
-238477.303    26.613    -7.78    5.44
-238102.367    22.713   -10.40    4.83
-237727.388    20.113    -6.93    4.53
-237352.367    16.925    -8.50    3.96
-236977.303    14.004    -7.79    4.03
-236602.196    11.089    -7.77    4.35
-236227.047     8.945    -5.71    3.29
-235851.855     7.905    -2.77    1.99
-235476.621     8.413     1.35    1.66
-235101.344     9.270     2.28    1.43
-234726.024     9.780     1.36    1.13
-234350.662    10.043     0.70    1.36
-233975.256    10.969     2.47    1.88
-233599.809    12.015     2.78    1.91
-233224.318    13.007     2.64    1.65
-232848.784    13.888     2.34    1.39
-232473.208    14.695     2.15    1.55
-232097.589    15.697     2.67    1.76
-231721.927    16.664     2.57    1.76
-231346.223    17.827     3.10    1.95
-230970.475    19.104     3.40    2.27
-230594.685    20.274     3.11    2.38
-230218.852    21.664     3.70    2.47
-229842.975    23.335     4.45    3.17
-229467.056    25.423     5.55    3.82
-229091.094    28.053     7.00    4.12
-228715.090    30.930     7.65    3.97
-228339.042    33.696     7.35    3.57
-227962.951    36.342     7.03    2.90
-227586.817    38.816     6.58    3.23
-227210.640    41.711     7.69    3.62
-226834.420    43.682     5.24    3.33
-226458.157    44.985     3.46    3.94
-226081.851    45.147     0.43    5.46
-225705.502    45.282     0.36    6.67
-225329.110    46.122     2.23    7.38
-224952.675    48.368     5.96    7.64
-224576.197    51.710     8.88    7.84
-224199.675    55.274     9.46    8.42
-223823.111    60.389    13.58    9.16
-223446.503    65.471    13.49    7.65
-223069.852    69.138     9.73    5.66
-222693.158    73.053    10.39    4.00
-222316.420    76.313     8.65    4.13
-221939.640    79.991     9.76    4.50
-221562.816    84.047    10.76    5.18
-221185.949    87.880    10.17    5.08
-220809.038    91.198     8.80    4.41
-220432.085    94.417     8.54    4.11
-220055.088    96.578     5.73    3.96
-219678.047    98.986     6.39    3.60
-219300.963    99.483     1.32    3.77
-218923.836    98.729    -2.00    4.68
-218546.666    96.901    -4.84    5.52
-218169.452    94.714    -5.80    5.63
-217792.195    94.516    -0.53    5.24
-217414.894    95.509     2.63    4.52
-217037.550    95.347    -0.43    4.87
-216660.162    92.274    -8.14    9.62
-216282.731    85.760   -17.26   14.21
-215905.256    75.189   -28.00   15.33
-215527.738    66.313   -23.51   12.34
-215150.177    61.393   -13.03    6.95
-214772.571    60.474    -2.43    5.36
-214394.923    64.516    10.70    8.50
-214017.230    71.060    17.33   11.16
-213639.494    80.969    26.23   14.92
-213261.715    93.747    33.82   16.64
-212883.892   104.253    27.80   15.75
-212506.025   113.932    25.61   10.89
-212128.114   118.291    11.53    5.67
-211750.160   117.073    -3.22    6.06
-211372.162   113.366    -9.80    6.90
-210994.120   108.727   -12.27    6.93
-210616.035   104.863   -10.22    6.51
-210237.906   101.730    -8.28    8.15
-209859.733    98.218    -9.28   11.19
-209481.517    95.986    -5.90   11.80
-209103.256    93.405    -6.82   10.73
-208729.199    92.559    -2.26    8.22
-208359.426    94.925     6.40    8.80
-207989.611    97.612     7.26    9.93
-207619.754   101.413    10.28    9.11
-207249.856   105.578    11.26    7.80
-206879.916   109.098     9.51    7.59
-206509.934   114.595    14.85    6.61
-206139.911   118.880    11.58    5.10
-205769.845   122.220     9.02    2.94
-205399.738   122.434     0.58    2.44
-205029.589   120.392    -5.51    4.73
-204659.398   116.223   -11.26    6.86
-204289.166   109.647   -17.76    8.24
-203918.891   103.663   -16.16    7.99
-203548.574    95.597   -21.78    9.71
-203178.216    88.629   -18.81    9.32
-202807.816    82.501   -16.54    7.90
-202437.373    77.802   -12.68    5.27
-202066.889    77.921     0.32    6.42
-201696.363    82.009    11.03   10.06
-201325.795    90.663    23.35   12.21
-200955.184    98.460    21.03   12.65
-200584.532   103.980    14.89   11.80
-200213.838   108.097    11.10    9.87
-199843.101   110.180     5.62    8.41
-199472.323   110.712     1.44    6.37
-199101.502   111.089     1.02    4.22
-198730.640   110.113    -2.63    3.03
-198359.735   108.223    -5.10    3.14
-197988.788   105.614    -7.03    3.46
-197617.799   102.787    -7.62    3.78
-197246.768   100.106    -7.23    4.43
-196875.695    97.509    -7.00    5.08
-196504.579    94.499    -8.11    5.38
-196133.421    91.613    -7.78    5.23
-195762.221    88.952    -7.17    5.16
-195390.979    86.230    -7.33    5.41
-195019.694    82.905    -8.95    6.78
-194648.368    79.647    -8.77    7.64
-194276.998    77.024    -7.06    8.06
-193905.587    74.726    -6.19    7.75
-193534.133    73.180    -4.16    7.08
-193162.637    71.980    -3.23    5.97
-192791.099    69.121    -7.69    6.06
-192419.518    63.384   -15.44   10.08
-192047.895    56.629   -18.17   11.95
-191676.229    49.532   -19.09   10.82
-191304.521    43.164   -17.13    5.06
-190932.771    41.114    -5.51    2.15
-190560.978    40.713    -1.08    1.49
-190189.142    41.220     1.36    2.00
-189817.264    42.286     2.86    2.34
-189445.344    43.106     2.20    2.32
-189073.381    43.947     2.26    2.27
-188701.376    44.747     2.15    2.73
-188329.328    45.792     2.81    2.88
-187957.237    47.163     3.69    3.89
-187585.104    49.480     6.22    5.88
-187212.928    54.254    12.82    9.26
-186840.710    60.840    17.69   12.80
-186468.449    69.155    22.33   15.52
-186096.146    77.340    21.98   16.37
-185723.799    87.548    27.41   14.69
-185351.410    94.089    17.56   11.87
-184978.979    99.884    15.56    9.69
-184606.504   102.630     7.37    8.13
-184233.987   105.821     8.56    5.69
-183861.427   107.138     3.53    5.05
-183488.825   108.024     2.38    5.15
-183116.180   108.267     0.65    5.89
-182743.491   110.276     5.39    5.37
-182370.760   111.750     3.96    5.22
-181997.987   108.147    -9.66   10.00
-181625.170   101.423   -18.03   14.52
-181252.311    94.040   -19.80   15.01
-180879.408    88.080   -15.98   12.99
-180506.463    86.824    -3.37   13.17
-180133.475    87.485     1.77   13.91
-179760.444    87.980     1.33   14.26
-179387.370    86.483    -4.01   13.31
-179014.253    86.629     0.39   11.82
-178641.093    86.905     0.74   10.46
-178267.890    88.780     5.02   10.79
-177894.644    89.131     0.94    9.35
-177521.355    90.250     3.00    7.55
-177148.023    92.434     5.85    7.72
-176774.648    96.897    11.95    9.56
-176401.230   103.905    18.76   11.82
-176027.769   111.647    20.73   13.49
-175654.265   116.713    13.56   12.72
-175280.717   121.220    12.06   10.87
-174907.127   125.285    10.88    7.52
-174533.493   130.066    12.79    8.22
-174159.816   135.463    14.44    9.13
-173786.096   141.856    17.10    8.54
-173412.333   146.457    12.31    6.39
-173038.527   149.372     7.80    5.76
-172664.677   152.613     8.67    4.91
-172290.784   154.824     5.91    4.29
-171916.848   157.018     5.87    3.68
-171542.869   157.797     2.08    3.30
-171168.846   157.163    -1.69    3.76
-170794.780   155.731    -3.83    4.22
-170420.670   154.050    -4.49    4.50
-170046.518   152.163    -5.04    5.07
-169672.321   150.631    -4.10    5.61
-169298.082   148.596    -5.44    5.60
-168923.799   146.679    -5.12    5.14
-168549.473   145.893    -2.10    4.64
-168175.103   144.958    -2.50    5.12
-167800.690   144.050    -2.43    5.85
-167426.233   143.850    -0.53    5.41
-167051.733   144.401     1.47    4.15
-166677.189   143.736    -1.77    4.21
-166302.602   142.663    -2.86    3.82
-165927.972   140.884    -4.75    4.34
-165553.297   137.276    -9.63    6.60
-165178.580   132.237   -13.44    7.71
-164803.818   127.824   -11.77    7.62
-164429.013   122.647   -13.81    6.25
-164054.165   118.380   -11.38    5.22
-163679.273   115.424    -7.88    5.07
-163304.337   112.797    -7.01    5.36
-162929.357   109.614    -8.49    5.62
-162554.334   105.254   -11.62    6.46
-162179.267    99.211   -16.11    7.82
-161804.157    93.697   -14.70    7.78
-161429.002    89.581   -10.97    7.64
-161053.804    86.434    -8.39    7.65
-160678.562    84.563    -4.98    8.39
-160303.277    84.230    -0.89    8.98
-159927.947    84.240     0.03    9.15
-159552.574    81.401    -7.56    9.68
-159177.157    77.043   -11.61   10.07
-158801.696    71.218   -15.51    8.87
-158426.191    65.714   -14.65    4.42
-158050.643    64.218    -3.98    2.26
-157675.050    65.155     2.49    4.35
-157299.414    67.647     6.63    6.89
-156923.733    73.266    14.95   10.12
-156548.009    78.460    13.82   11.33
-156172.241    82.520    10.80   11.15
-155796.428    86.629    10.93   10.19
-155420.572    91.466    12.87   11.35
-155044.672    96.494    13.37   11.05
-154668.727   103.563    18.80    9.14
-154292.739   110.763    19.15    5.66
-153916.707   114.319     9.45    5.77
-153540.630   115.630     3.49    7.49
-153164.509   113.730    -5.05   10.90
-152788.345   111.614    -5.62   11.18
-152412.136   108.980    -7.00    8.84
-152035.883   108.409    -1.52    6.98
-151659.585   108.375    -0.09    6.09
-151283.244   108.615     0.64    5.35
-150906.858   108.080    -1.42    4.64
-150530.429   106.780    -3.45    4.49
-150153.954   104.056    -7.23    4.80
-149777.436   103.206    -2.26    5.81
-149400.874   103.969     2.03    7.08
-149024.267   104.223     0.67    7.30
-148647.615   104.389     0.44    5.70
-148270.920   103.548    -2.23    4.50
-147894.180   101.413    -5.67    4.32
-147517.396    98.280    -8.31    3.94
-147140.567    96.356    -5.10    3.09
-146763.694    95.066    -3.42    3.07
-146386.777    94.087    -2.60    3.43
-146009.815    92.663    -3.78    3.61
-145632.809    91.888    -2.05    3.54
-145255.758    89.969    -5.09    3.65
-144878.663    87.921    -5.43    3.79
-144501.523    85.421    -6.63    4.05
-144124.339    82.901    -6.68    4.33
-143747.110    81.901    -2.65    4.54
-143369.837    81.276    -1.66    5.35
-142992.519    81.923     1.71    5.89
-142615.157    82.302     1.01    5.02
-142237.750    81.562    -1.96    3.78
-141860.298    80.663    -2.38    3.61
-141482.802    78.581    -5.51    4.02
-141105.261    76.237    -6.21    4.09
-140727.675    73.581    -7.03    4.39
-140350.045    70.897    -7.11    4.32
-139972.370    67.204    -9.78    4.97
-139594.650    63.699    -9.28    4.87
-139216.886    62.330    -3.62    5.45
-138839.077    62.747     1.10    6.30
-138461.223    63.712     2.56    6.49
-138083.324    65.218     3.98    4.87
-137705.380    64.292    -2.45    4.25
-137327.392    61.405    -7.64    4.86
-136949.359    57.767    -9.62    4.26
-136571.281    53.824   -10.43    4.80
-136193.158    50.352    -9.18    4.27
-135814.990    47.905    -6.47    3.02
-135436.777    46.876    -2.72    1.68
-135058.519    47.597     1.90    3.01
-134680.217    50.297     7.14    5.11
-134301.869    54.173    10.24    5.84
-133926.533    57.171     7.99    5.25
-133556.888    59.112     5.25    4.48
-133187.200    58.745    -0.99    3.69
-132817.470    58.681    -0.17    2.73
-132447.697    57.985    -1.88    2.63
-132077.881    56.630    -3.66    2.69
-131708.023    54.942    -4.56    2.87
-131338.121    52.958    -5.36    2.62
-130968.177    51.964    -2.69    2.48
-130598.189    50.797    -3.16    2.25
-130228.159    49.563    -3.33    2.42
-129858.086    48.663    -2.43    2.35
-129487.970    47.897    -2.07    2.42
-129117.811    47.030    -2.34    2.48
-128747.609    46.596    -1.17    2.45
-128377.364    45.905    -1.87    2.62
-128007.076    45.285    -1.67    2.62
-127636.745    44.582    -1.90    2.59
-127266.371    43.524    -2.86    2.41
-126895.954    42.324    -3.24    2.50
-126525.494    40.763    -4.21    2.11
-126154.991    39.082    -4.54    2.55
-125784.445    37.211    -5.05    2.93
-125413.856    35.694    -4.09    2.77
-125043.223    33.953    -4.70    1.68
-124672.548    33.171    -2.11    1.26
-124301.829    33.195     0.06    1.75
-123931.067    33.876     1.84    2.36
-123560.262    34.401     1.41    2.89
-123189.414    34.850     1.21    3.26
-122818.522    34.760    -0.24    3.54
-122447.587    33.833    -2.50    3.31
-122076.609    32.787    -2.82    2.87
-121705.588    32.078    -1.91    2.19
-121334.524    31.335    -2.00    1.64
-120963.416    30.731    -1.63    1.28
-120592.265    30.580    -0.41    1.22
-120221.070    30.363    -0.58    1.14
-119849.832    30.472     0.29    1.17
-119478.551    30.197    -0.74    1.31
-119107.226    29.958    -0.64    1.16
-118735.858    30.050     0.25    1.08
-118364.447    29.840    -0.56    0.94
-117992.992    29.811    -0.08    0.84
-117621.493    29.830     0.05    1.20
-117249.951    29.824    -0.02    1.40
-116878.366    29.682    -0.38    1.19
-116506.737    30.397     1.92    2.35
-116135.065    31.681     3.46    3.75
-115763.349    32.921     3.33    4.60
-115391.589    33.562     1.72    3.88
-115019.786    33.114    -1.20    2.89
-114647.940    32.963    -0.41    2.03
-114276.050    33.276     0.84    3.04
-113904.116    34.980     4.58    5.03
-113532.138    37.534     6.86    6.53
-113160.117    41.711    11.23    6.93
-112788.052    44.942     8.68    5.92
-112415.944    49.614    12.56    6.95
-112043.791    54.447    12.98    9.38
-111671.596    61.098    17.87   12.60
-111299.356    68.354    19.49   12.44
-110927.072    75.824    20.06   12.25
-110554.745    83.066    19.45    8.87
-110182.374    87.453    11.78    5.99
-109809.959    89.745     6.15    3.39
-109437.501    89.710    -0.09    2.41
-109064.998    88.696    -2.72    2.38
-108692.452    87.018    -4.50    2.59
-108319.862    84.393    -7.04    3.03
-107947.228    81.765    -7.05    3.65
-107574.550    78.313    -9.26    4.50
-107201.828    74.173   -11.11    5.38
-106829.062    68.237   -15.92    8.97
-106456.252    61.457   -18.18   10.65
-106083.398    53.647   -20.95   11.01
-105710.500    45.980   -20.56    8.30
-105337.559    40.186   -15.53    6.12
-104964.573    35.880   -11.54    3.81
-104591.543    34.270    -4.32    2.53
-104218.469    36.614     6.28    5.76
-103845.351    40.921    11.54    8.67
-103472.189    48.050    19.10   10.74
-103098.982    55.063    18.79    8.70
-102725.732    58.840    10.12    6.80
-102352.438    59.164     0.87    8.84
-101979.099    56.897    -6.07    9.87
-101605.716    54.545    -6.30    8.94
-101232.289    54.837     0.78    7.75
-100858.818    56.860     5.42    7.98
-100485.302    61.663    12.86   10.39
-100111.742    68.729    18.91   12.51
 -99738.138    77.352    23.08   14.06
 -99364.490    88.678    30.31   13.34
 -98990.797    98.106    25.22   10.42
 -98617.061   106.631    22.81    8.95
 -98243.279   113.595    18.63    7.08
 -97869.454   119.147    14.85    6.55
 -97495.584   123.237    10.94    4.44
 -97121.669   125.345     5.64    3.97
 -96747.711   126.147     2.14    4.91
 -96373.707   127.139     2.65    4.37
 -95999.660   127.122    -0.04    3.62
 -95625.568   126.530    -1.58    3.02
 -95251.431   124.901    -4.35    2.98
 -94877.250   122.613    -6.11    2.55
 -94503.024   121.100    -4.04    2.99
 -94128.754   119.698    -3.74    3.77
 -93754.440   118.204    -3.99    4.35
 -93380.081   116.371    -4.90    5.10
 -93005.677   113.047    -8.88    6.90
 -92631.228   109.830    -8.59    6.98
 -92256.735   107.980    -4.94    6.93
 -91882.198   107.123    -2.29    8.29
 -91507.616   106.584    -1.44    9.05
 -91132.989   105.916    -1.78    9.36
 -90758.317   103.909    -5.36    9.12
 -90383.601   103.598    -0.83    7.79
 -90008.840   102.330    -3.38    8.39
 -89634.034   102.711     1.02    8.66
 -89259.184   104.550     4.90    8.06
 -88884.288   107.566     8.04    5.12
 -88509.348   108.885     3.52    6.16
 -88134.363   109.647     2.03    7.33
 -87759.334   111.805     5.76    5.61
 -87384.259   112.053     0.66    4.17
 -87009.140   109.758    -6.12    4.85
 -86633.976   105.095   -12.43    6.99
 -86258.767   101.876    -8.58    7.54
 -85883.513    98.342    -9.42    7.63
 -85508.214    94.565   -10.06    7.68
 -85132.870    90.188   -11.66    7.65
 -84757.481    88.131    -5.48    7.33
 -84382.047    93.361    13.93   10.81
 -84006.568   100.582    19.23   12.72
 -83631.044   108.631    21.43   10.00
 -83255.475   113.897    14.02    4.37
 -82879.861   114.472     1.53    3.23
 -82504.202   112.830    -4.37    3.76
 -82128.498   110.711    -5.64    3.69
 -81752.749   107.840    -7.64    4.26
 -81376.955   105.345    -6.64    4.51
 -81001.115   102.695    -7.05    4.22
 -80625.231   100.909    -4.75    3.86
 -80249.301    99.948    -2.56    4.56
 -79873.326    99.630    -0.85    5.74
 -79497.306   100.069     1.17    5.37
 -79121.241   100.405     0.90    4.18
 -78745.130   100.163    -0.64    3.84
 -78368.974    99.359    -2.14    4.26
 -77992.773    98.614    -1.98    4.82
 -77616.526    97.853    -2.02    4.91
 -77240.235    97.794    -0.16    3.77
 -76863.897    97.329    -1.24    3.67
 -76487.515    95.550    -4.73    3.90
 -76111.087    92.421    -8.31    4.64
 -75734.614    90.026    -6.36    4.80
 -75358.095    88.856    -3.11    5.66
 -74981.531    88.066    -2.10    6.35
 -74604.922    88.504     1.16    6.76
 -74228.267    91.073     6.82    7.17
 -73851.566    93.263     5.81    5.22
 -73474.820    93.614     0.93    4.25
 -73098.029    91.087    -6.70    5.82
 -72721.192    87.040   -10.74    7.00
 -72344.310    82.974   -10.79    6.79
 -71967.382    78.697   -11.35    6.04
 -71590.408    75.913    -7.38    5.88
 -71213.389    73.647    -6.01    5.65
 -70836.324    71.377    -6.02    5.72
 -70459.213    70.211    -3.09    6.02
 -70082.057    69.266    -2.51    6.42
 -69704.855    67.457    -4.79    7.20
 -69327.608    64.776    -7.11    7.28
 -68950.315    61.695    -8.16    7.71
 -68572.976    58.218    -9.21    7.67
 -68195.591    55.302    -7.73    7.64
 -67818.160    54.551    -1.99    8.86
 -67440.684    56.876     6.16   12.22
 -67063.162    61.847    13.17   13.32
 -66685.594    66.893    13.36   12.72
 -66307.981    70.560     9.71   11.67
 -65930.321    71.100     1.43   12.05
 -65552.616    71.443     0.91   11.35
 -65174.864    69.329    -5.60   11.52
 -64797.067    64.885   -11.76   11.95
 -64419.224    59.488   -14.28   12.44
 -64041.335    53.131   -16.82   12.26
 -63663.400    46.681   -17.07   10.99
 -63285.419    41.405   -13.96    8.82
 -62907.392    38.340    -8.11    7.89
 -62529.319    35.600    -7.25    5.69
 -62151.200    32.985    -6.91    3.40
 -61773.035    32.131    -2.26    3.36
 -61394.823    32.389     0.68    4.44
 -61016.566    31.729    -1.74    4.24
 -60638.263    30.743    -2.60    3.49
 -60259.913    29.511    -3.26    2.22
 -59881.517    28.240    -3.36    1.81
 -59503.076    27.204    -2.74    1.60
 -59126.327    26.440    -2.03    1.87
 -58756.816    26.437    -0.01    3.58
 -58387.261    25.872    -1.53    3.40
 -58017.663    26.893     2.76    7.38
 -57648.020    31.114    11.42   12.19
 -57278.334    38.567    20.16   15.28
 -56908.603    44.477    15.98   15.80
 -56538.829    53.663    24.84   15.61
 -56169.011    61.070    20.03   14.58
 -55799.149    67.501    17.39   12.17
 -55429.243    74.336    18.48    9.84
 -55059.292    80.465    16.56   12.41
 -54689.298    88.440    21.55   10.89
 -54319.260    96.827    22.66    9.53
 -53949.178   103.206    17.24    7.92
 -53579.052   106.742     9.55    6.66
 -53208.881   108.579     4.96    5.71
 -52838.667   108.409    -0.46    6.17
 -52468.408   107.876    -1.44    7.21
 -52098.106   108.066     0.51    7.83
 -51727.759   108.393     0.88    7.97
 -51357.368   108.548     0.42    8.18
 -50986.932   109.202     1.77    7.67
 -50616.453   111.001     4.86    6.79
 -50245.929   112.959     5.28    6.61
 -49875.362   114.089     3.05    6.24
 -49504.749   115.211     3.03    6.09
 -49134.093   116.047     2.25    5.66
 -48763.392   116.847     2.16    5.33
 -48392.647   118.013     3.15    4.90
 -48021.858   120.050     5.49    5.04
 -47651.024   122.179     5.74    4.54
 -47280.146   124.209     5.47    5.41
 -46909.224   126.340     5.75    5.94
 -46538.257   125.853    -1.31    5.61
 -46167.246   123.991    -5.02    6.75
 -45796.191   120.106   -10.47    7.31
 -45425.090   115.424   -12.61    6.73
 -45053.946   112.098    -8.96    6.66
 -44682.757   108.456    -9.81    6.92
 -44311.524   104.985    -9.35    7.16
 -43940.246   101.518    -9.34    7.13
 -43568.923    98.384    -8.44    6.46
 -43197.556    94.743    -9.80    6.76
 -42826.144    89.297   -14.66    8.03
 -42454.688    83.727   -14.99    8.56
 -42083.187    76.827   -18.57    8.59
 -41711.642    71.536   -14.24    8.14
 -41340.052    68.372    -8.51    7.61
 -40968.417    67.393    -2.64    9.14
 -40596.738    66.840    -1.49   11.23
 -40225.014    66.170    -1.80   11.68
 -39853.245    65.808    -0.98   10.94
 -39481.431    62.253    -9.56    8.88
 -39109.573    58.075   -11.23    6.96
 -38737.670    54.921    -8.48    5.75
 -38365.723    53.662    -3.38    6.03
 -37993.730    52.463    -3.22    6.83
 -37621.693    52.856     1.06    7.93
 -37249.610    58.247    14.49   13.09
 -36877.483    68.001    26.21   16.61
 -36505.312    78.695    28.73   15.47
 -36133.095    84.743    16.25   11.32
 -35760.833    86.889     5.76    8.57
 -35388.526    85.272    -4.34    8.31
 -35016.175    80.663   -12.38    7.79
 -34643.779    75.520   -13.81    8.18
 -34271.337    69.345   -16.58    8.34
 -33898.851    64.893   -11.95    7.39
 -33526.319    62.834    -5.53    7.40
 -33153.743    63.630     2.14   10.00
 -32781.121    67.679    10.87   11.49
 -32408.455    74.164    17.40   10.79
 -32035.743    80.616    17.31    8.76
 -31662.987    83.630     8.08    5.54
 -31290.185    81.075    -6.85    8.92
 -30917.338    72.647   -22.61   14.14
 -30544.446    62.953   -25.99   14.65
 -30171.508    52.437   -28.20   11.27
 -29798.526    46.131   -16.91    7.28
 -29425.498    41.837   -11.51    6.00
 -29052.426    38.155    -9.87    6.09
 -28679.308    34.053   -10.99    6.26
 -28306.144    29.480   -12.25    5.32
 -27932.936    25.024   -11.94    4.54
 -27559.682    21.198   -10.25    4.91
 -27186.383    16.632   -12.23    5.76
 -26813.038    12.080   -12.19    4.57
 -26439.648     9.059    -8.09    2.80
 -26066.213     7.243    -4.86    1.81
 -25692.733     6.066    -3.15    1.55
 -25319.207     5.131    -2.50    1.56
 -24945.635     4.389    -1.99    1.24
 -24572.018     4.569     0.48    1.86
 -24198.356     5.324     2.02    2.34
 -23824.648     5.893     1.52    2.40
 -23450.895     6.113     0.59    2.25
 -23077.097     5.179    -2.50    2.17
 -22703.252     4.352    -2.21    1.43
 -22329.363     3.928    -1.13    1.25
 -21955.427     3.679    -0.67    1.38
 -21581.446     3.361    -0.85    1.30
 -21207.420     3.194    -0.45    1.41
 -20833.348     3.287     0.25    1.90
 -20459.230     3.209    -0.21    1.85
 -20085.067     2.536    -1.80    2.25
 -19710.858     1.421    -2.98    2.20
 -19336.603     0.397    -2.74    1.43
 -18962.303    -0.323    -1.92    1.30
 -18587.956    -0.437    -0.30    1.29
 -18213.565     0.034     1.26    1.82
 -17839.127     0.551     1.38    2.43
 -17464.644     0.964     1.10    2.68
 -17090.114     1.218     0.68    3.06
 -16715.539     1.534     0.84    3.83
 -16340.919     4.059     6.74    5.67
 -15966.252     8.163    10.95    6.83
 -15591.539    12.808    12.40    5.77
 -15216.781    16.613    10.15    2.95
 -14841.977    18.996     6.36    2.86
 -14467.126    21.437     6.51    3.63
 -14092.230    23.694     6.02    4.56
 -13717.288    27.824    11.02    5.91
 -13342.300    32.424    12.27    7.49
 -12967.266    37.808    14.35    8.88
 -12592.186    45.401    20.24   10.45
 -12217.060    53.107    20.54   12.06
 -11841.888    60.969    20.95   13.06
 -11466.669    67.571    17.60   12.64
 -11091.405    72.880    14.15   11.35
 -10716.095    77.356    11.93   10.58
 -10340.738    85.345    21.28   13.81
  -9965.336    93.069    20.57   15.18
  -9589.887    98.240    13.78   14.94
  -9214.392   101.948     9.87   13.78
  -8838.851   106.202    11.33   12.19
  -8463.263   109.263     8.15   10.21
  -8087.630   112.313     8.12    6.37
  -7711.950   111.697    -1.64    6.27
  -7336.224   108.711    -7.95    8.70
  -6960.451   102.206   -17.31   13.10
  -6584.632    93.944   -21.99   15.65
  -6208.767    85.662   -22.03   15.80
  -5832.856    79.710   -15.83   13.96
  -5456.898    71.059   -23.01   12.58
  -5080.894    65.631   -14.44   13.60
  -4704.844    64.465    -3.10   18.20
  -4328.747    64.026    -1.17   22.87
  -3952.603    62.450    -4.19   28.87
  -3576.413    55.580   -18.26   33.55
  -3200.177    43.416   -32.33   35.18
  -2823.894    33.434   -26.53   32.98
  -2447.565    23.663   -25.96   28.95
  -2071.189    15.424   -21.89   24.54
  -1694.767    11.916    -9.32   23.12
  -1318.298     8.006   -10.39   21.05
   -941.782     4.297    -9.85   16.24
   -565.220     0.335   -10.52    2.62
   -188.612    -0.164    -1.32    0.58
    188.044    -0.025     0.37    0.86
    564.746     0.308     0.88    1.66
    941.494     0.969     1.76    2.48
   1318.290     2.551     4.20    3.47
   1695.132     3.837     3.41    3.70
   2072.021     5.615     4.72    4.13
   2448.956     7.447     4.86    3.82
   2825.939     8.286     2.23    3.58
   3202.968     8.384     0.26    3.11
   3580.044     7.287    -2.91    3.56
   3957.167     5.421    -4.95    4.02
   4334.336     3.794    -4.31    3.43
   4711.553     2.821    -2.58    3.01
   5088.816     2.292    -1.40    3.02
   5466.126     1.459    -2.21    2.72
   5843.483     1.080    -1.00    3.00
   6220.888     0.985    -0.25    3.54
   6598.339     1.195     0.56    3.79
   6975.837     1.567     0.99    3.91
   7353.382     1.114    -1.20    3.35
   7730.974     2.453     3.55    4.48
   8108.613     3.475     2.71    4.81
   8486.299     5.131     4.38    6.62
   8864.032     7.225     5.54   11.03
   9241.813     8.397     3.10   12.74
   9619.640     9.808     3.74   17.62
   9997.514    15.227    14.34   29.31
  10375.436    14.916    -0.82   28.05
  10753.405     9.932   -13.19   22.45
  11131.421     4.937   -13.21    9.19
  11509.484     4.990     0.14    7.57
  11887.595     7.763     7.33   10.57
  12265.752    10.006     5.93   10.15
  12643.957    13.942    10.41   10.05
  13022.210    20.303    16.82   11.83
  13400.509    30.912    28.05   17.70
  13778.856    43.631    33.62   20.84
  14157.250    61.522    47.28   22.32
  14535.692    74.824    35.15   18.42
  14914.181    86.462    30.75   12.65
  15292.717    94.447    21.09   10.06
  15671.024   101.485    18.61   10.53
  16040.396   108.220    18.23   10.57
  16409.813   113.178    13.42   10.97
  16779.275   118.292    13.84   13.42
  17148.781   123.155    13.16   15.94
  17518.333   125.840     7.27   15.51
  17887.930   125.980     0.38   13.79
  18257.572   122.881    -8.38   13.02
  18627.259   121.996    -2.39   12.25
  18996.991   118.948    -8.24   15.13
  19366.768   114.678   -11.55   18.89
  19736.590   103.985   -28.92   21.40
  20106.458    93.437   -28.52   17.97
  20476.370    84.553   -24.02   12.95
  20846.328    76.679   -21.28   10.83
  21216.331    66.469   -27.60   12.90
  21586.379    56.997   -25.60   13.40
  21956.472    46.435   -28.54   11.84
  22326.610    41.613   -13.03    8.00
  22696.794    47.243    15.21   13.32
  23067.023    58.280    29.81   17.24
  23437.297    72.856    39.37   16.93
  23807.617    86.179    35.98   11.90
  24177.982    94.043    21.24    8.80
  24548.392   100.889    18.48    7.38
  24918.847   104.990    11.07    8.23
  25289.348   109.345    11.75    8.91
  25659.895   113.456    11.09   10.09
  26030.487   117.131     9.92   10.14
  26401.124   120.472     9.01   11.05
  26771.806   122.459     5.36   12.14
  27142.535   124.727     6.12   12.73
  27513.308   128.234     9.46   11.18
  27884.127   132.130    10.51   10.13
  28254.992   136.147    10.83    8.33
  28625.902   138.363     5.98    6.67
  28996.858   138.631     0.72    6.55
  29367.859   137.663    -2.61    7.67
  29738.906   135.928    -4.68    7.91
  30109.998   134.356    -4.24    7.95
  30481.136   131.772    -6.96    9.66
  30852.320   126.885   -13.17   12.40
  31223.550   124.912    -5.31   13.70
  31594.825   123.584    -3.58   14.44
  31966.146   124.537     2.57   13.97
  32337.512   123.932    -1.63   13.70
  32708.924   121.472    -6.62   14.66
  33080.382   116.785   -12.62   15.23
  33451.886   110.372   -17.26   15.10
  33823.436   108.178    -5.91   12.08
  34195.031   107.368    -2.18   10.68
  34566.672   111.114    10.08   12.11
  34938.359   119.180    21.70   13.49
  35310.092   128.333    24.62   13.51
  35681.871   136.313    21.47    9.51
  36053.696   140.996    12.59    7.88
  36425.566   143.409     6.49    8.06
  36797.483   143.537     0.35    8.33
  37169.446   142.031    -4.05    9.66
  37541.454   141.409    -1.67    9.30
  37913.509   140.932    -1.28    8.11
  38285.609   142.361     3.84    7.49
  38657.756   143.819     3.92    5.88
  39029.948   145.550     4.65    3.68
  39402.187   145.043    -1.36    4.82
  39774.472   140.528   -12.13    9.23
  40146.802   130.798   -26.13   15.52
  40519.179   121.030   -26.23   14.83
  40891.603   112.066   -24.07   13.29
  41264.072   102.597   -25.42   12.24
  41636.587    95.069   -20.21   11.87
  42009.149    91.727    -8.97   11.39
  42381.757    90.412    -3.53   12.75
  42754.411    93.405     8.03   13.60
  43127.111    99.550    16.49   13.65
  43499.858   106.194    17.82   14.31
  43872.651   112.114    15.88   14.14
  44245.490   116.037    10.52   13.90
  44618.375   118.663     7.04   13.85
  44991.307   126.231    20.29   19.37
  45364.285   134.597    22.43   21.28
  45737.310   141.147    17.56   19.99
  46110.381   149.138    21.42   17.75
  46483.499   153.123    10.68   15.97
  46856.662   158.256    13.76   13.39
  47229.873   161.506     8.71   10.71
  47603.130   163.850     6.28    7.96
  47976.433   164.663     2.18    7.35
  48349.783   166.477     4.86    7.88
  48723.179   169.663     8.53    7.32
  49096.622   170.770     2.96    6.34
  49470.111   170.434    -0.90    5.60
  49843.647   169.614    -2.19    4.45
  50217.230   167.530    -5.58    2.85
  50590.859   166.103    -3.82    3.10
  50964.535   163.821    -6.11    3.50
  51338.258   161.282    -6.80    3.96
  51712.027   157.598    -9.85    4.21
  52085.843   154.031    -9.54    4.61
  52459.706   150.662    -9.01    4.47
  52833.615   148.361    -6.15    4.33
  53207.571   146.647    -4.58    3.51
  53581.574   145.434    -3.24    3.24
  53955.624   143.393    -5.46    3.81
  54329.720   140.713    -7.16    4.60
  54703.864   137.711    -8.02    4.88
  55078.054   134.188    -9.42    4.04
  55452.291   131.115    -8.21    4.41
  55826.575   127.856    -8.71    5.75
  56200.906   122.444   -14.46    9.04
  56575.284   116.760   -15.18    9.81
  56949.708   111.631   -13.70    8.66
  57324.180   106.444   -13.85    7.07
  57698.699   103.179    -8.72    7.01
  58073.264   100.490    -7.18    6.93
  58447.877    98.163    -6.21    7.51
  58822.537    96.725    -3.84    7.70
  59197.244    95.747    -2.61    8.33
  59571.998    94.216    -4.08    8.40
  59946.799    92.824    -3.71    8.01
  60321.647    91.725    -2.93    7.39
  60696.542    91.053    -1.79    7.05
  61071.484    90.990    -0.17    6.73
  61446.474    90.893    -0.26    6.22
  61821.511    90.276    -1.65    5.83
  62196.595    89.195    -2.88    5.23
  62571.726    88.047    -3.06    4.39
  62946.904    87.897    -0.40    4.28
  63322.130    88.389     1.31    4.11
  63697.403    88.790     1.07    3.79
  64072.723    89.501     1.90    3.70
  64448.091    89.277    -0.60    3.50
  64823.506    87.447    -4.88    3.74
  65198.968    84.567    -7.67    4.74
  65574.478    80.726   -10.23    5.69
  65950.035    80.761     0.09    7.15
  66325.640    86.308    14.77   11.73
  66701.292    94.797    22.60   12.68
  67076.991   103.195    22.36    9.64
  67452.738   110.583    19.66    7.82
  67828.533   115.324    12.62    7.11
  68204.375   119.553    11.25    6.33
  68580.264   122.954     9.05    4.87
  68956.201   125.615     7.08    3.39
  69332.186   127.631     5.36    4.08
  69708.218   129.247     4.30    5.26
  70084.298   130.330     2.88    6.31
  70460.425   131.877     4.11    6.98
  70836.600   133.663     4.75    7.03
  71212.823   135.062     3.72    6.85
  71589.094   135.084     0.06    6.92
  71965.412   133.462    -4.31    7.79
  72341.778   128.287   -13.75    9.51
  72718.192   122.155   -16.29    9.36
  73094.653   115.475   -17.74    7.06
  73471.162   111.347   -10.96    5.06
  73847.719   109.162    -5.80    5.06
  74224.324   107.330    -4.86    5.15
  74600.977   105.456    -4.98    4.81
  74977.678   105.084    -0.99    4.42
  75354.426   104.975    -0.29    4.58
  75731.222   106.508     4.07    4.74
  76108.067   107.678     3.11    4.26
  76484.959   107.256    -1.12    4.19
  76861.899   105.985    -3.37    3.70
  77238.888   103.941    -5.42    3.14
  77615.924   101.712    -5.91    3.16
  77993.008    98.329    -8.97    4.64
  78370.140    93.905   -11.73    5.03
  78747.321    90.262    -9.66    4.75
  79124.549    86.539    -9.87    3.50
  79501.826    83.885    -7.04    2.69
  79879.150    81.472    -6.39    2.57
  80256.523    79.413    -5.46    2.73
  80633.944    77.238    -5.77    3.06
  81011.413    74.747    -6.60    2.63
  81388.931    72.370    -6.30    2.90
  81766.496    69.901    -6.54    3.09
  82144.110    67.615    -6.05    3.59
  82521.772    64.631    -7.90    3.83
  82899.483    61.853    -7.36    3.52
  83277.241    59.100    -7.29    3.55
  83655.048    56.499    -6.88    3.00
  84032.904    54.231    -6.00    2.70
  84410.807    52.227    -5.30    2.04
  84788.760    51.047    -3.12    1.75
  85166.760    49.889    -3.06    1.74
  85544.809    49.313    -1.52    1.87
  85922.906    48.693    -1.64    1.75
  86301.052    47.905    -2.08    1.62
  86679.246    47.207    -1.84    1.79
  87057.489    46.480    -1.92    2.10
  87435.780    45.066    -3.74    2.42
  87814.120    43.456    -4.26    2.80
  88192.509    42.101    -3.58    2.23
  88570.946    41.031    -2.83    1.47
  88949.431    40.821    -0.55    1.41
  89327.966    40.881     0.16    1.51
  89706.548    40.843    -0.10    1.51
  90085.180    40.882     0.10    1.36
  90463.860    40.437    -1.18    1.48
  90834.439    40.155    -0.76    1.69
  91203.715    39.582    -1.55    1.81
  91573.038    39.016    -1.53    1.82
  91942.406    38.453    -1.52    2.13
  92311.821    37.754    -1.89    1.96
  92681.282    36.853    -2.44    2.00
  93050.789    36.131    -1.95    1.69
  93420.343    35.816    -0.85    1.71
  93789.942    35.571    -0.66    1.62
  94159.588    35.256    -0.85    1.65
  94529.280    35.012    -0.66    1.61
  94899.018    34.354    -1.78    1.62
  95268.803    34.329    -0.07    1.66
  95638.634    34.662     0.90    2.00
  96008.511    35.084     1.14    2.26
  96378.435    35.313     0.62    2.23
  96748.405    35.106    -0.56    2.04
  97118.421    34.808    -0.80    2.07
  97488.484    34.013    -2.15    2.05
  97858.593    32.970    -2.82    2.22
  98228.748    32.030    -2.54    2.37
  98598.950    31.381    -1.75    2.03
  98969.199    30.518    -2.33    1.59
  99339.493    29.874    -1.74    1.54
  99709.835    29.424    -1.21    1.51
 100080.223    29.361    -0.17    1.68
 100450.657    29.996     1.71    2.62
 100821.138    30.831     2.26    2.99
 101191.666    31.616     2.12    2.76
 101562.240    32.069     1.22    2.88
 101932.861    32.708     1.73    2.95
 102303.529    32.916     0.56    2.78
 102674.243    33.031     0.31    2.42
 103045.004    33.250     0.59    2.34
 103415.811    33.240    -0.03    2.20
 103786.666    33.352     0.30    2.31
 104157.567    33.600     0.67    2.50
 104528.514    33.813     0.58    2.48
 104899.509    34.029     0.58    2.76
 105270.550    33.792    -0.64    3.73
 105641.638    32.885    -2.44    4.21
 106012.773    32.508    -1.01    4.63
 106383.955    33.041     1.43    5.24
 106755.184    34.600     4.20    5.57
 107126.459    35.970     3.69    4.32
 107497.782    35.742    -0.61    3.65
 107869.151    35.975     0.63    6.39
 108240.568    40.877    13.20   13.28
 108612.031    48.692    21.04   17.71
 108983.541    56.877    22.03   17.78
 109355.098    62.361    14.76   15.28
 109726.703    63.162     2.16   12.35
 110098.354    62.389    -2.08   10.26
 110470.052    63.985     4.30    9.72
 110841.798    67.308     8.94   12.07
 111213.590    74.827    20.23   14.13
 111585.430    84.276    25.41    9.76
 111957.317    90.294    16.18    8.18
 112329.251    94.996    12.64    8.59
 112701.232    97.170     5.84    9.59
 113073.260    98.107     2.52   10.56
 113445.336    97.740    -0.99   11.55
 113817.458    94.939    -7.53   12.22
 114189.628    90.662   -11.49   11.87
 114561.846    86.262   -11.82   11.01
 114934.110    83.837    -6.51    9.29
 115306.422    82.308    -4.11    8.38
 115678.781    82.028    -0.75    8.38
 116051.188    81.764    -0.71    8.37
 116423.642    81.711    -0.14    8.42
 116796.143    81.794     0.22    7.51
 117168.692    82.276     1.29    7.77
 117541.288    82.542     0.72    7.31
 117913.931    81.872    -1.80    6.81
 118286.622    79.816    -5.52    6.13
 118659.361    78.424    -3.73    4.57
 119032.147    78.475     0.14    3.87
 119404.980    79.431     2.57    3.88
 119777.861    79.416    -0.04    4.34
 120150.790    77.047    -6.35    6.49
 120523.766    73.853    -8.56    6.47
 120896.790    71.185    -7.15    4.86
 121269.861    70.501    -1.83    4.15
 121642.980    71.353     2.28    4.87
 122016.147    72.018     1.78    5.82
 122389.362    70.615    -3.76    6.70
 122762.624    69.034    -4.24    6.52
 123135.933    67.508    -4.09    5.80
 123509.291    66.260    -3.34    4.39
 123882.696    65.801    -1.23    3.70
 124256.149    66.256     1.22    3.98
 124629.650    67.091     2.24    3.97
 125003.199    67.510     1.12    3.81
 125376.795    67.840     0.88    3.65
 125750.439    68.919     2.89    3.75
 126124.132    71.742     7.55    5.46
 126497.872    77.147    14.46    8.22
 126871.660    84.324    19.20    7.60
 127245.496    91.426    19.00    8.13
 127619.379    99.107    20.55    7.87
 127993.311   106.216    19.01    8.90
 128367.291   114.139    21.19    8.59
 128741.319   119.975    15.61    7.52
 129115.395   125.216    14.01    5.24
 129489.519   127.889     7.15    4.67
 129863.691   129.893     5.36    4.15
 130237.911   131.059     3.12    3.33
 130612.179   130.412    -1.73    4.09
 130986.495   128.147    -6.05    5.06
 131360.860   124.853    -8.80    6.09
 131735.272   121.324    -9.43    5.49
 132109.733   118.155    -8.47    5.41
 132484.242   116.256    -5.07    5.72
 132858.799   114.677    -4.22    6.01
 133233.405   112.662    -5.38    7.03
 133608.059   111.816    -2.26    7.79
 133982.761   110.893    -2.46    8.48
 134357.511   111.155     0.70    8.79
 134732.310   110.970    -0.49    9.05
 135107.157   110.930    -0.11    9.12
 135482.052   110.393    -1.43    8.96
 135856.996   108.469    -5.13    8.65
 136231.988   106.107    -6.30    8.06
 136607.028   102.819    -8.77    7.78
 136982.117   100.677    -5.71    7.66
 137357.255    97.738    -7.84    7.19
 137732.441    95.740    -5.32    5.95
 138107.675    92.970    -7.38    5.13
 138482.958    89.738    -8.61    5.01
 138858.290    85.470   -11.37    5.24
 139233.670    81.230   -11.30    4.54
 139609.099    78.753    -6.60    3.30
 139984.576    77.663    -2.90    3.27
 140360.102    78.401     1.96    4.32
 140735.677    79.091     1.84    4.52
 141111.300    77.995    -2.92    4.76
 141486.972    75.647    -6.25    4.25
 141862.693    73.365    -6.07    3.57
 142238.462    71.201    -5.76    2.50
 142614.280    69.948    -3.33    2.23
 142990.147    68.647    -3.46    2.60
 143366.063    67.872    -2.06    2.59
 143742.027    67.647    -0.60    2.68
 144118.040    67.073    -1.53    2.29
 144494.103    67.277     0.54    2.25
 144870.214    66.539    -1.96    2.44
 145246.373    65.277    -3.35    2.90
 145622.582    63.647    -4.34    3.70
 145998.840    61.805    -4.89    3.94
 146375.147    59.954    -4.92    3.31
 146751.502    59.614    -0.90    3.62
 147127.907    61.735     5.63    7.71
 147504.361    63.292     4.14    8.98
 147880.863    63.816     1.39    8.96
 148257.415    66.334     6.69   12.62
 148634.016    74.477    21.63   19.21
 149010.666    84.950    27.81   20.06
 149387.365    93.416    22.48   16.06
 149764.113    99.493    16.13    6.86
 150140.910    96.582    -7.73    8.83
 150517.757    90.495   -16.15   11.63
 150894.653    85.347   -13.66   10.79
 151271.598    85.132    -0.57    9.21
 151648.592    89.647    11.98   12.60
 152025.635    98.724    24.08   14.77
 152402.728   110.115    30.21   11.10
 152779.870   117.980    20.86    8.20
 153157.061   122.677    12.45    5.78
 153534.302   123.662     2.61    4.57
 153911.592   123.194    -1.24    4.58
 154288.931   121.106    -5.53    5.04
 154666.320   115.751   -14.19    7.47
 155043.758   109.695   -16.05    8.30
 155421.246   103.904   -15.34    7.80
 155798.783    98.444   -14.47    5.88
 156176.369    94.758    -9.76    5.21
 156554.005    91.283    -9.20    5.28
 156931.691    88.361    -7.74    5.07
 157309.426    86.000    -6.25    4.20
 157687.211    84.647    -3.58    4.64
 158065.045    83.472    -3.11    4.37
 158442.929    82.185    -3.41    3.68
 158820.862    80.801    -3.66    3.67
 159198.846    79.900    -2.38    3.80
 159576.878    80.985     2.87    4.60
 159954.961    84.693     9.81    7.10
 160333.093    89.647    13.10    7.84
 160711.275    98.253    22.76   10.33
 161089.507   106.330    21.36   10.28
 161467.788   115.735    24.87   11.45
 161846.120   125.056    24.64    8.49
 162224.501   130.293    13.84    7.12
 162602.932   134.631    11.47    5.40
 162981.413   135.954     3.50    4.33
 163359.943   133.661    -6.06    6.19
 163738.524   129.953    -9.80    7.10
 164117.154   125.475   -11.83    6.28
 164495.835   121.234   -11.20    4.29
 164874.565   117.510    -9.83    4.96
 165253.346   113.139   -11.54    5.86
 165625.568   108.647   -12.07    5.98
 165994.698   103.554   -13.80    5.86
 166363.875    99.710   -10.41    5.83
 166733.100    96.334    -9.14    5.80
 167102.372    92.965    -9.13    6.66
 167471.692    88.844   -11.16    7.70
 167841.058    85.308    -9.57    7.32
 168210.472    81.247   -11.00    6.12
 168579.934    78.553    -7.29    4.51
 168949.443    76.047    -6.78    3.28
 169318.999    74.001    -5.53    2.46
 169688.602    71.647    -6.37    3.37
 170058.254    69.234    -6.53    3.51
 170427.952    67.075    -5.84    3.31
 170797.698    65.921    -3.12    3.10
 171167.492    69.205     8.88    6.93
 171537.333    73.647    12.01    7.79
 171907.222    78.288    12.55    6.21
 172277.158    81.123     7.66    2.46
 172647.142    78.954    -5.86    4.60
 173017.173    75.293    -9.90    6.36
 173387.252    70.318   -13.44    7.40
 173757.379    63.647   -18.03    6.71
 174127.553    58.465   -14.00    5.97
 174497.775    54.123   -11.73    3.85
 174868.045    51.490    -7.11    2.73
 175238.363    49.447    -5.52    1.87
 175608.728    48.244    -3.25    1.91
 175979.141    46.877    -3.69    1.70
 176349.602    46.006    -2.35    1.51
 176720.110    45.477    -1.43    1.45
 177090.667    45.231    -0.66    1.94
 177461.271    44.882    -0.94    2.17
 177831.923    44.694    -0.51    2.40
 178202.623    44.231    -1.25    2.66
 178573.371    43.114    -3.01    2.16
 178944.167    42.207    -2.45    1.83
 179315.010    41.098    -2.99    1.21
 179685.902    40.500    -1.61    1.19
 180056.842    39.937    -1.52    1.09
 180427.830    39.601    -0.91    1.01
 180798.865    39.440    -0.43    1.11
 181169.949    39.207    -0.63    1.27
 181541.081    38.862    -0.93    1.40
 181912.261    38.035    -2.23    1.81
 182283.489    37.016    -2.74    1.83
 182654.765    36.216    -2.16    1.25
 183026.089    35.586    -1.70    1.21
 183397.462    35.339    -0.67    1.46
 183768.882    35.389     0.13    1.88
 184140.351    35.043    -0.93    2.04
 184511.868    34.954    -0.24    2.19
 184883.433    34.276    -1.83    2.34
 185255.047    33.209    -2.87    2.14
 185626.709    32.211    -2.69    1.81
 185998.419    31.455    -2.03    1.66
 186370.177    30.743    -1.92    1.08
 186741.984    30.401    -0.92    1.00
 187113.839    30.679     0.75    1.28
 187485.743    31.298     1.67    1.73
 187857.695    32.185     2.38    1.66
 188229.695    32.856     1.80    1.27
 188601.744    32.954     0.27    1.44
 188973.841    32.693    -0.70    1.68
 189345.987    32.071    -1.67    1.73
 189718.181    31.847    -0.60    1.84
 190090.424    31.177    -1.80    2.01
 190462.715    30.361    -2.19    2.11
 190835.055    29.694    -1.79    2.07
 191207.443    29.453    -0.65    1.74
 191579.881    29.262    -0.51    1.39
 191952.366    29.179    -0.22    1.42
 192324.900    28.603    -1.55    1.87
 192697.483    28.218    -1.03    2.26
 193070.115    27.724    -1.33    2.31
 193442.795    27.726     0.01    2.31
 193815.524    28.510     2.10    2.83
 194188.302    30.828     6.22    3.89
 194561.129    33.367     6.81    3.80
 194934.004    35.293     5.17    2.64
 195306.928    35.708     1.11    2.04
 195679.901    35.493    -0.58    2.03
