# NaN NaN NaN ;Mean Elev.(m), Avg Gradient(m/km), RMS Gradient(m/km) - SRTM1     
#    5.044  -2.247   5.988 ;Mean Elev.(m), Avg Gradient(m/km), RMS Gradient(m/km) - ASTER GDEM
#    8.563  -2.145   4.418 ;Mean Elev.(m), Avg Gradient(m/km), RMS Gradient(m/km) - GMTED2010 
  7  46.018714  51.499610    14.800    14.871 10 52456.75881527 22.583
  8  46.028024  51.502279    14.746    14.659  9 52491.75878720 22.107
 10  46.017899  51.496951    14.904    14.977 10 52561.75881555 23.038
 12  46.016702  51.495582    15.593    15.593 10 52631.75876963 30.805
 14  46.021201  51.498586    15.199    15.197 10 52701.75876197 12.679
 15  46.024691  51.501235    15.699    15.703  9 52736.75880303 31.029
 16  46.027500  51.502087    16.171    16.177  9 52771.75877517 28.036
 17  46.012811  51.495002    14.654    14.606 10 52806.75882590 25.157
 18  46.016248  51.496367    14.850    14.896 10 52841.75888530 19.476
 19  46.017092  51.496762    15.109    15.088 10 52876.75892399 22.958
 20  46.031029  51.503425    15.235    15.219  8 52911.75888529 32.135
 21  46.017160  51.497001    13.900    13.958 10 52946.75883881 34.949
 23  46.023170  51.500049    15.507    15.507  9 53016.75887429 36.940
 24  46.017134  51.498068    15.382    15.409 10 53051.75885241 30.527
 25  46.017586  51.497724    15.645    15.616 10 53086.75888888 39.463
 26  46.015250  51.496878    15.739    15.836 10 53121.75885902 21.108
 27  46.013061  51.494374    14.924    14.928 11 53156.75891407 29.705
 28  46.026549  51.496259    15.104    15.136  7 53191.75890619 20.074
 29  46.024766  51.500985    14.581    14.511  9 53226.75890978 19.659
 30  46.023478  51.499680    14.354    14.125 10 53261.75888320 23.537
 31  46.009875  51.493583    61.115    64.194 11 53296.75891696 15.774
 32  46.020967  51.498299    14.342    14.438 10 53331.75888965 23.324
 33  46.028670  51.501958    15.449    15.402  9 53366.75883623 30.403
 34  46.017542  51.497692    15.378    15.350 10 53401.75886322 31.974
 35  46.026163  51.500921    15.445    15.453  9 53436.75885287 22.109
 36  46.014500  51.495150    15.725    15.710 10 53471.75890342 49.323
 37  46.017416  51.499152    16.332    16.239 10 53506.75893633 24.212
 38  46.019357  51.495253    16.449    15.198  9 53541.75894118 19.879
 39  46.022500  51.498630    14.793    14.760 10 53576.75893019 26.956
 40  46.024393  51.500745    14.249    13.981  9 53611.75888248 28.479
 41  46.016431  51.497035    15.137    15.158 10 53646.75888646 38.676
 42  46.017422  51.497525    13.942    13.836 10 53681.75890242 22.426
 43  46.027838  51.501862    15.086    15.156  9 53716.75883050 20.720
 44  46.019571  51.497974    14.819    14.834 10 53751.75874878 28.184
 45  46.025633  51.500564    15.173    15.144  9 53786.75877929 20.829
 46  46.031206  51.504612    15.260    15.242  9 53821.75873538 27.148
 47  46.014353  51.495645    15.599    15.584 10 53856.75882397 33.636
 48  46.022748  51.500321    14.924    14.897 10 53891.75883717 28.052
 49  46.011263  51.493301    14.769    14.777 11 53926.75889762 25.561
 50  46.018375  51.497216    15.248    15.132 10 53961.75888322 39.472
 51  46.013046  51.494481    14.991    15.048 10 53996.75882522 19.241
 52  46.018744  51.498145    14.614    14.653 10 54031.75887815 31.743
 53  46.023699  51.500963    14.884    14.942 10 54066.75887217 20.659
 54  46.025872  51.500247    15.484    15.475  9 54101.75883340 48.211
 55  46.016949  51.495686    15.449    15.439 10 54136.75879913 36.957
 56  46.023635  51.500008    15.250    15.240  9 54171.75881010 18.401
 57  46.015216  51.495725    16.332    16.343 10 54206.75880429 35.255
 58  46.020484  51.498857    15.629    15.627  9 54241.75883777 29.055
 59  46.020666  51.497988    16.664    16.914 10 54276.75885211 19.123
 60  46.021273  51.499192    15.161    15.199 10 54311.75885304 34.350
 61  46.026520  51.501308    14.702    14.503  9 54346.75882657 20.234
 62  46.019606  51.493223    15.733    15.133  8 54381.75878885 20.866
 63  46.023576  51.499409    13.319    13.412  9 54416.75877519 23.032
 64  46.015670  51.495683    15.265    15.237 10 54451.75875839 33.975
 65  46.022429  51.499227    15.196    15.210  9 54486.75877194 22.190
 66  46.019407  51.496891    15.529    15.489 10 54521.75877173 42.461
 67  46.024211  51.500157    14.617    14.541  9 54556.75878260 20.071
 68  46.019107  51.496958    15.998    16.012 10 54591.75876810 30.777
 69  46.021253  51.499175    14.281    14.316  9 54626.75878404 24.381
 70  46.018105  51.497244    14.718    14.729 10 54661.75879155 24.601
 71  46.025085  51.500842    14.663    14.639  9 54696.75876829 19.525
 72  46.016767  51.497188    14.903    14.930 10 54731.75874783 18.566
 73  46.021723  51.498127    14.644    14.544 10 54766.75874655 25.750
 74  46.015538  51.495943    15.438    15.071 10 54801.75874127 19.046
 75  46.021370  51.498304    15.520    15.549 10 54836.75873911 36.506
 76  46.016764  51.496665    15.399    15.386 10 54871.75873980 24.313
 77  46.024341  51.499761    15.437    15.466  9 54906.75874693 24.372
 78  46.016884  51.495545    14.982    14.999 10 54941.75873249 24.524
 79  46.019394  51.497454    16.770    16.845 10 54976.75876094 20.314
 80  46.020878  51.499445    14.306    14.232  9 55011.75876990 22.168
 81  46.020542  51.497568    14.669    14.622 10 55046.75876149 27.722
 82  46.026135  51.501010    14.858    14.903  9 55081.75873452 19.982
 83  46.018177  51.497062    14.954    14.894 10 55116.75869322 21.668
 85  46.016016  51.496178    14.911    14.901 10 55186.75867960 33.999
 86  46.022034  51.498123    14.817    14.850 10 55221.75869000 25.617
 87  46.019432  51.497364    15.286    15.258 10 55256.75867551 14.569
 88  46.024990  51.500541    15.451    15.444  9 55291.75867890 34.274
 89  46.018434  51.497520    16.004    16.029 10 55326.75866056 24.142
 90  46.022304  51.499649    15.050    13.906  9 55361.75865701 23.987
 91  46.016973  51.496658    14.628    14.643 10 55396.75866363 20.337
 92  46.021817  51.498965    14.336    14.275  9 55431.75867215 25.079
 93  46.028517  51.501515    14.363    14.344  9 55466.75863228 29.850
