-289282.138    15.502     0.00    0.88
-288910.784    15.294    -0.56    0.98
-288539.392    15.075    -0.59    1.02
-288167.961    14.782    -0.79    1.02
-287796.493    14.523    -0.70    1.00
-287424.986    14.230    -0.79    0.97
-287053.441    14.115    -0.31    0.97
-286681.859    13.776    -0.91    0.98
-286310.238    13.678    -0.27    0.97
-285938.578    13.759     0.22    0.88
-285566.881    13.865     0.29    0.87
-285195.145    13.827    -0.10    0.97
-284823.372    13.840     0.04    0.98
-284451.560    13.858     0.05    0.96
-284079.709    13.816    -0.11    0.89
-283707.821    13.665    -0.41    0.89
-283335.894    13.349    -0.85    0.99
-282963.929    13.279    -0.19    0.86
-282591.925    13.247    -0.09    0.91
-282219.884    13.073    -0.47    0.95
-281847.804    13.216     0.39    0.97
-281475.685    13.248     0.09    0.96
-281103.529    13.367     0.32    0.86
-280731.333    13.276    -0.24    0.89
-280359.100    13.033    -0.65    0.80
-279986.828    13.026    -0.02    0.73
-279614.518    12.833    -0.52    0.79
-279242.169    12.946     0.30    0.80
-278869.782    13.044     0.26    0.82
-278497.357    12.911    -0.36    0.92
-278124.892    12.919     0.02    0.97
-277752.390    12.830    -0.24    1.06
-277379.849    12.696    -0.36    1.03
-277007.270    12.730     0.09    0.94
-276634.652    12.776     0.12    1.00
-276261.995    12.903     0.34    0.89
-275889.300    12.955     0.14    0.97
-275516.566    13.151     0.53    0.95
-275143.794    13.253     0.27    0.95
-274770.983    13.384     0.35    0.99
-274398.134    13.609     0.60    0.68
-274025.246    13.659     0.13    0.74
-273652.320    13.402    -0.69    0.89
-273279.354    13.173    -0.61    0.94
-272906.351    13.020    -0.41    0.96
-272533.308    13.133     0.30    0.83
-272160.227    13.333     0.54    0.83
-271787.107    13.420     0.23    0.83
-271413.948    13.595     0.47    0.75
-271040.751    13.592    -0.01    0.74
-270667.515    13.655     0.17    0.71
-270294.240    13.560    -0.26    0.73
-269920.927    13.610     0.13    0.71
-269547.574    13.589    -0.05    0.74
-269174.183    13.612     0.06    0.66
-268800.753    13.661     0.13    0.62
-268427.285    13.827     0.44    0.64
-268053.777    14.006     0.48    0.77
-267680.231    14.075     0.18    0.81
-267306.645    14.279     0.55    0.90
-266933.021    14.348     0.18    0.90
-266559.358    14.252    -0.26    0.80
-266185.656    14.250    -0.00    0.73
-265811.916    14.133    -0.31    0.69
-265438.136    14.216     0.22    0.77
-265064.317    14.200    -0.05    0.84
-264690.460    14.230     0.08    0.91
-264316.563    14.385     0.41    1.00
-263942.627    14.318    -0.18    1.00
-263568.653    14.294    -0.06    0.86
-263194.639    14.182    -0.30    0.80
-262820.587    14.200     0.05    0.80
-262446.495    14.098    -0.27    0.82
-262072.364    14.030    -0.18    0.91
-261698.195    14.132     0.27    0.91
-261323.986    14.314     0.49    0.89
-260949.738    14.623     0.83    0.88
-260575.451    14.747     0.33    0.75
-260201.125    14.812     0.17    0.75
-259826.760    14.619    -0.52    0.75
-259452.355    14.555    -0.17    0.74
-259077.912    14.580     0.06    0.88
-258703.429    14.691     0.30    1.01
-258328.907    14.747     0.15    1.01
-257954.346    14.946     0.53    1.00
-257579.746    15.200     0.68    0.90
-257205.106    15.368     0.45    0.92
-256830.427    15.562     0.52    0.95
-256455.709    15.673     0.30    0.90
-256080.952    15.759     0.23    0.95
-255706.155    15.794     0.09    0.94
-255331.320    15.759    -0.09    0.92
-254956.444    15.823     0.17    1.03
-254581.530    15.858     0.09    0.96
-254206.576    16.233     1.00    0.96
-253831.583    16.385     0.40    0.89
-253456.550    16.455     0.19    0.90
-253081.478    16.364    -0.24    0.88
-252706.367    16.403     0.10    0.81
-252331.216    16.562     0.42    0.83
-251956.026    16.657     0.25    0.74
-251580.796    16.609    -0.13    0.70
-251205.527    16.682     0.20    0.81
-250830.218    16.674    -0.02    0.88
-250454.870    16.626    -0.13    0.95
-250079.483    16.580    -0.12    1.00
-249704.056    16.600     0.06    0.92
-249328.589    16.572    -0.07    0.90
-248953.083    16.582     0.03    0.89
-248577.537    16.570    -0.03    1.00
-248201.952    16.678     0.29    0.92
-247826.327    16.678     0.00    1.00
-247450.663    16.725     0.12    0.83
-247074.959    16.805     0.21    0.96
-246699.215    16.937     0.35    0.91
-246323.432    17.029     0.25    0.90
-245947.609    16.691    -0.90    1.09
-245571.746    16.156    -1.42    1.05
-245195.844    15.928    -0.61    0.94
-244819.902    16.126     0.53    0.98
-244443.920    16.282     0.41    0.99
-244067.899    16.519     0.63    1.02
-243691.838    16.562     0.11    0.95
-243315.737    16.575     0.03    0.93
-242939.596    16.548    -0.07    0.92
-242563.416    16.637     0.24    0.86
-242187.195    16.812     0.47    0.73
-241810.935    16.953     0.38    0.77
-241434.635    17.109     0.41    0.85
-241058.296    17.169     0.16    0.88
-240681.916    17.250     0.22    0.92
-240305.497    17.233    -0.05    0.83
-239929.038    17.209    -0.06    0.91
-239552.538    17.169    -0.11    0.88
-239175.999    17.092    -0.20    1.04
-238799.420    17.247     0.41    0.98
-238422.801    17.589     0.91    0.98
-238046.142    17.793     0.54    0.89
-237669.443    17.868     0.20    0.90
-237292.705    17.979     0.30    1.04
-236915.926    18.091     0.30    1.00
-236539.107    18.026    -0.17    1.06
-236162.248    18.149     0.33    0.85
-235785.349    18.200     0.13    0.88
-235408.410    18.282     0.22    0.85
-235031.431    18.592     0.82    0.87
-234654.412    18.589    -0.01    0.91
-234277.353    18.723     0.35    0.95
-233900.253    18.853     0.35    0.83
-233523.114    18.878     0.06    0.75
-233145.934    18.989     0.29    0.68
-232768.715    18.989     0.00    0.73
-232391.455    18.962    -0.07    0.75
-232014.155    18.955    -0.02    1.03
-231636.814    19.103     0.39    1.05
-231259.434    19.115     0.03    0.84
-230882.013    19.205     0.24    0.89
-230504.552    19.230     0.07    0.85
-230127.051    19.149    -0.22    0.77
-229749.509    18.883    -0.70    0.69
-229371.928    18.928     0.12    0.75
-228994.306    19.103     0.46    0.78
-228616.643    19.156     0.14    0.77
-228238.941    19.121    -0.09    0.74
-227861.197    19.043    -0.21    0.67
-227483.414    18.851    -0.51    1.04
-227105.590    18.540    -0.82    1.78
-226727.726    18.257    -0.75    1.77
-226349.822    17.800    -1.21    1.89
-225971.877    17.555    -0.65    2.19
-225593.891    17.491    -0.17    2.04
-225215.865    17.437    -0.14    2.06
-224837.799    17.770     0.88    2.00
-224464.354    18.333     1.51    1.60
-224094.141    18.788     1.23    0.97
-223723.889    18.954     0.45    0.71
-223353.598    18.987     0.09    0.72
-222983.268    18.998     0.03    0.71
-222612.900    18.894    -0.28    0.68
-222242.493    19.048     0.41    0.63
-221872.048    19.058     0.03    0.70
-221501.563    18.901    -0.42    0.69
-221131.040    18.650    -0.68    0.99
-220760.478    18.367    -0.76    1.00
-220389.877    18.156    -0.57    1.05
-220019.237    17.998    -0.43    1.25
-219648.559    18.103     0.28    1.12
-219277.842    17.928    -0.47    1.17
-218907.085    17.928     0.00    1.17
-218536.290    18.213     0.77    0.97
-218165.456    18.103    -0.29    0.95
-217794.584    18.076    -0.07    1.03
-217423.672    17.937    -0.38    1.08
-217052.721    17.963     0.07    0.95
-216681.731    18.289     0.88    1.11
-216310.703    18.454     0.44    1.12
-215939.635    18.753     0.81    0.89
-215568.529    18.716    -0.10    0.92
-215197.383    18.626    -0.24    0.95
-214826.199    18.626     0.00    0.95
-214454.975    18.570    -0.15    1.10
-214083.712    18.471    -0.27    1.12
-213712.411    18.139    -0.90    1.22
-213341.070    17.891    -0.67    1.02
-212969.690    17.827    -0.17    0.91
-212598.271    17.919     0.25    0.87
-212226.813    18.030     0.30    0.91
-211855.316    17.955    -0.20    0.93
-211483.780    17.990     0.10    0.99
-211112.204    18.047     0.15    1.03
-210740.590    17.793    -0.68    0.87
-210368.936    17.764    -0.08    1.07
-209997.243    17.759    -0.01    1.04
-209625.511    17.911     0.41    1.12
-209253.739    18.044     0.36    1.15
-208881.929    18.303     0.70    0.77
-208510.079    18.237    -0.18    0.83
-208138.190    18.040    -0.53    0.90
-207766.261    17.865    -0.47    0.83
-207394.294    17.737    -0.35    0.81
-207022.287    17.788     0.14    0.74
-206650.240    17.678    -0.29    0.78
-206278.154    17.506    -0.46    0.79
-205906.029    17.402    -0.28    0.80
-205533.865    17.195    -0.55    0.96
-205161.661    17.174    -0.06    1.03
-204789.418    17.226     0.14    1.05
-204417.136    17.103    -0.33    1.04
-204044.814    17.191     0.23    0.92
-203672.452    17.110    -0.22    0.88
-203300.051    16.885    -0.60    1.08
-202927.611    16.800    -0.23    1.04
-202555.131    16.644    -0.42    1.02
-202182.612    16.560    -0.23    1.09
-201810.053    16.703     0.39    0.94
-201437.455    16.747     0.12    0.92
-201064.817    16.788     0.11    0.97
-200692.140    16.896     0.29    0.96
-200319.423    16.954     0.16    0.90
-199946.666    17.033     0.21    1.05
-199573.870    17.122     0.24    1.02
-199201.034    17.098    -0.06    1.03
-198828.159    17.296     0.53    1.01
-198455.244    17.420     0.33    0.92
-198082.290    17.640     0.59    0.91
-197709.295    17.747     0.29    0.92
-197336.261    17.742    -0.01    0.91
-196963.188    17.759     0.05    0.97
-196590.074    17.776     0.05    1.00
-196216.921    18.026     0.67    1.11
-195843.729    18.250     0.60    1.17
-195470.496    18.669     1.12    1.14
-195097.224    19.020     0.94    1.01
-194723.912    19.151     0.35    0.93
-194350.560    19.226     0.20    0.88
-193977.168    19.506     0.75    1.04
-193603.737    19.572     0.18    1.02
-193230.266    19.647     0.20    0.96
-192856.755    19.799     0.41    1.09
-192483.204    19.945     0.39    1.19
-192109.613    20.091     0.39    1.00
-191735.982    20.253     0.43    1.00
-191362.311    20.091    -0.43    1.11
-190988.601    20.230     0.37    1.24
-190614.850    20.471     0.65    1.27
-190241.060    20.720     0.67    1.19
-189867.230    20.799     0.21    0.97
-189493.359    20.770    -0.08    0.99
-189119.449    20.765    -0.01    1.00
-188745.498    20.816     0.14    1.09
-188371.508    20.626    -0.51    1.12
-187997.478    20.603    -0.06    1.13
-187623.407    20.603     0.00    1.12
-187249.297    20.633     0.08    1.21
-186875.146    20.606    -0.07    1.12
-186500.955    20.589    -0.05    1.03
-186126.725    20.385    -0.55    1.03
-185752.454    20.335    -0.13    1.12
-185378.143    20.191    -0.38    1.24
-185003.791    20.139    -0.14    1.32
-184629.400    19.865    -0.73    1.40
-184254.969    19.687    -0.48    1.39
-183880.497    19.682    -0.01    1.48
-183505.985    19.920     0.63    1.31
-183131.433    20.267     0.93    1.19
-182756.840    20.333     0.18    1.05
-182382.208    20.437     0.28    0.88
-182007.535    20.525     0.23    0.91
-181632.822    20.352    -0.46    0.99
-181258.068    20.044    -0.82    1.06
-180883.275    19.781    -0.70    1.18
-180508.440    19.678    -0.27    1.20
-180133.566    19.612    -0.18    1.20
-179758.651    19.759     0.39    1.02
-179383.696    19.575    -0.49    1.00
-179008.701    19.577     0.01    0.85
-178633.665    19.612     0.09    0.80
-178258.588    19.603    -0.02    0.76
-177883.472    19.544    -0.16    0.78
-177508.314    19.670     0.34    0.79
-177133.117    19.644    -0.07    0.83
-176757.879    19.489    -0.41    0.78
-176382.600    19.522     0.09    0.84
-176007.281    19.522     0.00    0.79
-175631.921    19.577     0.15    0.91
-175256.521    19.420    -0.42    1.07
-174881.080    19.388    -0.09    1.12
-174505.599    19.205    -0.49    1.06
-174130.077    19.137    -0.18    1.21
-173754.515    19.437     0.80    1.10
-173378.912    19.472     0.09    1.02
-173003.268    19.609     0.37    1.11
-172627.584    19.592    -0.05    1.01
-172251.859    19.316    -0.73    1.24
-171876.093    18.823    -1.31    1.50
-171500.287    18.765    -0.15    1.63
-171124.440    18.647    -0.31    1.74
-170748.553    18.893     0.65    1.64
-170372.624    19.267     1.00    1.12
-169996.655    19.183    -0.23    1.01
-169620.645    19.264     0.22    1.16
-169244.595    19.233    -0.08    1.36
-168868.503    19.322     0.24    1.43
-168492.371    19.723     1.06    1.42
-168116.198    20.301     1.54    1.15
-167739.984    20.615     0.83    1.28
-167363.730    20.875     0.69    1.23
-166987.434    20.928     0.14    1.28
-166611.098    21.064     0.36    1.26
-166234.721    21.156     0.24    1.18
-165858.302    21.420     0.70    0.74
-165481.843    21.683     0.70    0.83
-165105.343    21.633    -0.13    0.90
-164728.802    21.572    -0.16    0.94
-164352.220    21.577     0.01    0.90
-163975.598    21.540    -0.10    0.87
-163598.934    21.713     0.46    0.95
-163222.229    21.759     0.12    1.04
-162845.483    22.020     0.69    1.03
-162468.696    22.187     0.44    1.01
-162091.868    22.634     1.19    1.12
-161714.999    23.086     1.20    1.03
-161338.089    23.351     0.70    1.16
-160961.138    23.674     0.86    1.16
-160584.145    23.911     0.63    1.15
-160207.112    24.314     1.07    1.07
-159830.037    24.402     0.23    1.06
-159452.922    24.797     1.05    1.25
-159075.765    24.812     0.04    1.33
-158698.567    24.878     0.17    1.22
-158321.327    24.718    -0.42    1.33
-157944.047    24.523    -0.52    1.26
-157566.725    24.333    -0.50    1.31
-157189.362    24.016    -0.84    1.24
-156811.958    23.853    -0.43    1.21
-156434.512    23.544    -0.82    1.04
-156057.025    23.240    -0.80    0.95
-155679.497    23.058    -0.48    0.91
-155301.928    22.885    -0.46    0.88
-154924.317    22.657    -0.60    0.87
-154546.665    22.522    -0.36    0.93
-154168.972    22.226    -0.78    1.10
-153791.237    21.955    -0.72    1.08
-153413.460    21.601    -0.94    1.14
-153035.643    21.139    -1.22    1.00
-152657.784    21.006    -0.35    1.06
-152279.883    20.570    -1.15    0.98
-151901.941    20.367    -0.54    1.03
-151523.958    19.920    -1.18    1.11
-151145.933    19.655    -0.70    1.08
-150767.866    19.037    -1.63    1.12
-150389.758    18.349    -1.82    1.17
-150011.609    17.921    -1.13    1.11
-149637.194    17.216    -1.88    1.16
-149267.100    16.954    -0.71    1.14
-148896.967    16.453    -1.35    1.27
-148526.793    15.928    -1.42    1.43
-148156.581    15.609    -0.86    1.27
-147786.328    15.213    -1.07    1.30
-147416.036    14.896    -0.86    1.37
-147045.704    14.669    -0.61    1.35
-146675.332    14.555    -0.31    1.23
-146304.921    14.307    -0.67    1.30
-145934.469    14.250    -0.15    1.17
-145563.978    14.230    -0.06    1.18
-145193.448    13.945    -0.77    1.03
-144822.877    13.885    -0.16    0.98
-144452.266    13.713    -0.47    0.97
-144081.616    13.539    -0.47    0.94
-143710.926    13.353    -0.50    0.79
-143340.196    13.230    -0.33    0.77
-142969.426    13.030    -0.54    0.89
-142598.616    12.945    -0.23    0.96
-142227.766    12.971     0.07    0.92
-141856.877    12.820    -0.41    0.96
-141485.947    12.728    -0.25    0.88
-141114.977    12.626    -0.27    0.95
-140743.968    12.209    -1.13    1.24
-140372.918    11.781    -1.15    1.32
-140001.828    11.226    -1.49    1.15
-139630.699    10.868    -0.97    1.03
-139259.529    10.535    -0.90    0.89
-138888.319    10.351    -0.50    0.94
-138517.070    10.040    -0.84    1.06
-138145.780     9.776    -0.71    1.11
-137774.450     9.420    -0.96    1.13
-137403.080     9.261    -0.43    1.17
-137031.670     9.011    -0.68    0.99
-136660.219     9.098     0.23    0.82
-136288.729     9.282     0.50    0.89
-135917.198     9.402     0.32    0.93
-135545.628     9.324    -0.21    0.91
-135174.017     9.279    -0.12    0.88
-134802.365     9.316     0.10    0.97
-134430.674     9.937     1.67    1.13
-134058.942    10.149     0.57    1.13
-133687.170    10.368     0.59    1.01
-133315.358    10.352    -0.04    1.07
-132943.506    10.352     0.00    0.92
-132571.613    10.384     0.09    1.01
-132199.680    10.437     0.14    0.98
-131827.707    10.294    -0.38    1.07
-131455.693    10.023    -0.73    1.01
-131083.639     9.805    -0.59    1.06
-130711.544     9.617    -0.51    1.04
-130339.409     9.223    -1.06    0.99
-129967.234     9.098    -0.34    1.06
-129595.018     8.953    -0.39    1.28
-129222.762     8.902    -0.14    1.27
-128850.466     8.747    -0.42    1.19
-128478.129     8.928     0.49    1.12
-128105.751     9.170     0.65    0.88
-127733.333     9.544     1.00    1.00
-127360.875     9.617     0.20    1.04
-126988.376     9.612    -0.01    1.14
-126615.837     9.805     0.52    1.08
-126243.256     9.979     0.47    0.92
-125870.636    10.320     0.91    0.96
-125497.975    10.489     0.45    0.94
-125125.273    10.318    -0.46    1.02
-124752.530     9.802    -1.38    1.22
-124379.747     9.244    -1.50    1.32
-124006.924     9.013    -0.62    1.48
-123634.060     8.992    -0.06    1.88
-123261.155     9.183     0.51    1.93
-122888.209     9.348     0.44    1.84
-122515.223     9.240    -0.29    1.61
-122142.196     8.799    -1.18    0.99
-121769.128     8.885     0.23    0.90
-121396.019     8.979     0.25    1.28
-121022.870     8.911    -0.18    1.34
-120649.680     8.851    -0.16    1.38
-120276.449     8.827    -0.06    1.44
-119903.178     8.732    -0.25    1.30
-119529.865     8.937     0.55    1.32
-119156.512     9.320     1.03    1.54
-118783.118     9.800     1.29    1.58
-118409.683    10.200     1.07    1.51
-118036.207    10.161    -0.10    1.18
-117662.690    10.076    -0.23    1.11
-117289.133     9.937    -0.37    0.98
-116915.534     9.954     0.05    0.80
-116541.895    10.289     0.90    0.87
-116168.214    10.626     0.90    0.91
-115794.493    10.730     0.28    0.94
-115420.730    10.865     0.36    0.85
-115046.927    10.765    -0.27    1.00
-114673.083    10.868     0.28    1.11
-114299.197    11.006     0.37    1.14
-113925.271    11.207     0.54    1.13
-113551.303    11.132    -0.20    0.88
-113177.295    11.437     0.82    1.11
-112803.245    11.437     0.00    1.11
-112429.154    11.470     0.09    0.98
-112055.022    11.633     0.44    0.80
-111680.849    11.814     0.48    0.84
-111306.635    12.128     0.84    0.81
-110932.380    12.472     0.92    1.19
-110558.083    12.587     0.31    1.31
-110183.746    12.985     1.06    1.30
-109809.367    13.539     1.48    1.99
-109434.947    14.352     2.17    2.60
-109060.485    14.888     1.43    2.96
-108685.983    15.454     1.51    3.44
-108311.439    15.894     1.18    3.57
-107936.854    16.848     2.54    4.27
-107562.227    16.797    -0.13    4.23
-107187.560    16.525    -0.73    4.31
-106812.851    17.081     1.48    4.81
-106438.100    18.420     3.57    5.81
-106063.308    19.708     3.44    6.53
-105688.475    21.868     5.76    6.93
-105313.601    23.891     5.40    6.74
-104938.685    25.903     5.37    5.49
-104563.727    27.740     4.90    3.20
-104188.729    27.748     0.02    1.96
-103813.688    26.911    -2.23    2.26
-103438.607    26.230    -1.82    2.21
-103063.483    26.403     0.46    2.44
-102688.319    27.725     3.52    3.24
-102313.113    30.403     7.14    3.85
-101937.865    33.386     7.95    3.47
-101562.576    36.716     8.87    3.43
-101187.245    39.351     7.02    2.72
-100811.872    41.070     4.58    1.93
-100436.458    42.595     4.06    1.45
-100061.003    43.640     2.78    1.63
 -99685.506    44.023     1.02    1.56
 -99309.967    43.928    -0.25    2.22
 -98934.386    42.617    -3.49    2.76
 -98558.764    40.971    -4.38    2.66
 -98183.100    40.003    -2.58    2.07
 -97807.395    39.233    -2.05    1.58
 -97431.647    38.352    -2.34    1.81
 -97055.859    37.301    -2.80    1.88
 -96680.028    35.834    -3.90    2.00
 -96304.155    34.953    -2.34    1.74
 -95928.241    34.506    -1.19    1.59
 -95552.285    33.921    -1.56    1.86
 -95176.287    33.799    -0.32    2.17
 -94800.248    33.902     0.28    2.05
 -94424.166    34.174     0.72    2.27
 -94048.043    34.792     1.64    2.55
 -93671.878    35.695     2.40    2.96
 -93295.671    36.316     1.65    3.18
 -92919.422    36.929     1.63    3.37
 -92543.131    37.453     1.39    3.09
 -92166.798    37.385    -0.18    2.92
 -91790.423    36.891    -1.31    2.85
 -91414.006    36.912     0.06    2.38
 -91037.548    37.333     1.12    2.47
 -90661.047    38.257     2.45    2.43
 -90284.504    39.403     3.04    2.08
 -89907.920    39.928     1.40    2.06
 -89531.293    40.264     0.89    2.10
 -89154.624    40.472     0.55    2.10
 -88777.913    40.720     0.66    2.02
 -88401.160    40.508    -0.56    1.74
 -88024.365    39.748    -2.02    2.10
 -87647.528    39.075    -1.79    1.86
 -87270.649    39.092     0.05    1.69
 -86893.727    40.537     3.83    2.66
 -86516.764    42.776     5.94    3.38
 -86139.758    44.989     5.87    3.04
 -85762.710    46.560     4.17    1.90
 -85385.620    46.863     0.80    1.73
 -85008.487    46.885     0.06    1.68
 -84631.312    47.385     1.33    1.84
 -84254.096    48.267     2.34    1.83
 -83876.836    49.250     2.61    1.53
 -83499.535    50.006     2.00    1.48
 -83122.191    50.522     1.37    1.47
 -82744.805    50.273    -0.66    1.69
 -82367.376    49.507    -2.03    2.04
 -81989.906    49.087    -1.11    1.98
 -81612.392    48.537    -1.46    1.64
 -81234.837    48.352    -0.49    1.92
 -80857.239    48.267    -0.22    2.00
 -80479.599    48.183    -0.22    1.93
 -80101.916    48.240     0.15    1.75
 -79724.191    48.062    -0.47    1.71
 -79346.423    47.273    -2.09    1.84
 -78968.613    46.609    -1.76    1.69
 -78590.760    45.623    -2.61    1.71
 -78212.865    45.487    -0.36    1.82
 -77834.927    46.306     2.17    2.41
 -77456.947    48.203     5.02    2.61
 -77078.924    49.990     4.73    2.33
 -76700.858    51.404     3.74    2.01
 -76322.750    52.782     3.64    1.78
 -75944.600    53.523     1.96    1.67
 -75566.407    53.827     0.80    1.98
 -75188.171    53.870     0.12    2.46
 -74812.668    52.713    -3.08    3.37
 -74442.700    52.047    -1.80    3.52
 -74072.691    51.978    -0.19    3.33
 -73702.642    52.875     2.43    3.07
 -73332.552    53.887     2.73    2.78
 -72962.421    54.598     1.92    2.66
 -72592.249    55.683     2.93    2.47
 -72222.037    56.678     2.69    2.41
 -71851.784    57.879     3.24    2.41
 -71481.490    59.200     3.56    2.36
 -71111.156    59.885     1.85    1.62
 -70740.780    59.301    -1.58    2.12
 -70370.364    57.470    -4.94    3.19
 -69999.907    54.303    -8.55    4.00
 -69629.409    52.213    -5.64    3.90
 -69258.870    49.753    -6.64    3.72
 -68888.291    48.267    -4.01    4.00
 -68517.670    47.233    -2.79    4.47
 -68147.009    46.247    -2.66    4.32
 -67776.307    44.470    -4.79    4.15
 -67405.564    42.851    -4.37    3.61
 -67034.779    41.878    -2.62    3.75
 -66663.954    41.314    -1.52    4.56
 -66293.088    41.207    -0.29    4.98
 -65922.181    40.542    -1.79    5.28
 -65551.233    38.928    -4.35    4.77
 -65180.244    38.060    -2.34    4.13
 -64809.214    37.996    -0.17    4.21
 -64438.142    37.640    -0.96    4.31
 -64067.030    37.725     0.23    4.14
 -63695.877    37.224    -1.35    3.38
 -63324.682    37.678     1.22    2.84
 -62953.447    39.195     4.09    3.02
 -62582.170    41.151     5.27    2.47
 -62210.852    42.699     4.17    1.89
 -61839.493    43.911     3.26    1.36
 -61468.093    44.765     2.30    1.33
 -61096.652    45.555     2.13    1.38
 -60725.169    45.996     1.19    1.19
 -60353.645    45.962    -0.09    1.38
 -59982.080    45.620    -0.92    1.69
 -59610.474    44.299    -3.56    2.15
 -59238.826    42.996    -3.51    2.88
 -58867.138    41.098    -5.11    2.96
 -58495.407    39.352    -4.70    3.17
 -58123.636    36.520    -7.62    4.13
 -57751.823    33.548    -7.99    4.80
 -57379.969    30.284    -8.78    5.22
 -57008.074    27.330    -7.94    4.51
 -56636.137    24.808    -6.78    3.85
 -56264.159    23.437    -3.69    3.32
 -55892.139    22.640    -2.14    2.91
 -55520.078    22.553    -0.23    3.32
 -55147.975    23.371     2.20    5.16
 -54775.832    26.437     8.24    9.08
 -54403.646    32.730    16.91   12.23
 -54031.419    41.921    24.69   14.44
 -53659.151    48.402    17.41   11.33
 -53286.841    52.537    11.10    7.78
 -52914.490    55.507     7.98    4.63
 -52542.097    54.207    -3.49    5.31
 -52169.662    49.267   -13.26    9.68
 -51797.186    46.747    -6.77    9.98
 -51424.668    46.220    -1.41    9.48
 -51052.109    47.250     2.77    9.25
 -50679.508    50.454     8.60    8.49
 -50306.866    52.996     6.82    8.07
 -49934.182    57.130    11.09    7.62
 -49561.456    61.420    11.51    4.60
 -49188.688    63.353     5.19    3.48
 -48815.879    64.789     3.85    1.70
 -48443.028    64.887     0.26    1.77
 -48070.136    64.542    -0.92    1.88
 -47697.201    64.211    -0.89    1.95
 -47324.225    63.606    -1.62    1.82
 -46951.207    62.793    -2.18    1.92
 -46578.147    60.355    -6.53    4.93
 -46205.046    58.716    -4.39    5.74
 -45831.903    59.200     1.30    6.56
 -45458.717    61.522     6.22    7.33
 -45085.490    66.050    12.13    5.79
 -44712.222    69.946    10.44    3.96
 -44338.911    72.120     5.82    2.51
 -43965.558    72.678     1.49    1.67
 -43592.164    71.485    -3.19    2.54
 -43218.727    69.216    -6.08    3.17
 -42845.249    66.759    -6.58    3.31
 -42471.728    64.273    -6.66    2.70
 -42098.166    62.352    -5.14    2.21
 -41724.561    60.996    -3.63    1.99
 -41350.915    59.640    -3.63    1.91
 -40977.227    58.502    -3.04    1.77
 -40603.496    57.816    -1.84    1.86
 -40229.724    57.670    -0.39    2.32
 -39855.909    57.473    -0.53    2.78
 -39482.052    57.322    -0.40    2.61
 -39108.154    56.816    -1.35    2.48
 -38734.213    55.961    -2.29    2.39
 -38360.230    54.888    -2.87    2.40
 -37986.205    53.674    -3.25    2.13
 -37612.137    52.253    -3.80    2.70
 -37238.028    50.489    -4.72    3.12
 -36863.876    49.670    -2.19    2.76
 -36489.682    49.506    -0.44    2.85
 -36115.446    50.679     3.13    2.79
 -35741.168    51.928     3.34    1.66
 -35366.847    52.064     0.36    1.65
 -34992.484    52.403     0.91    1.67
 -34618.079    52.388    -0.04    1.72
 -34243.631    52.386    -0.00    1.46
 -33869.141    52.471     0.23    1.47
 -33494.609    52.453    -0.05    1.52
 -33120.035    52.332    -0.32    1.64
 -32745.418    52.027    -0.81    1.57
 -32370.759    51.937    -0.24    1.68
 -31996.057    52.008     0.19    1.68
 -31621.313    51.953    -0.15    1.67
 -31246.526    51.742    -0.56    1.62
 -30871.697    50.630    -2.97    3.11
 -30496.826    49.953    -1.81    3.54
 -30121.912    49.894    -0.16    3.73
 -29746.955    50.868     2.60    3.28
 -29371.956    52.338     3.92    1.49
 -28996.915    52.006    -0.89    1.49
 -28621.831    51.861    -0.39    1.48
 -28246.704    51.471    -1.04    1.43
 -27871.535    51.142    -0.88    1.62
 -27496.323    51.098    -0.12    1.52
 -27121.069    51.287     0.50    1.67
 -26745.772    51.759     1.26    1.89
 -26370.432    52.115     0.95    2.14
 -25995.050    52.420     0.81    2.19
 -25619.625    52.526     0.28    2.12
 -25244.157    52.292    -0.62    1.94
 -24868.647    52.058    -0.62    1.95
 -24493.094    51.387    -1.79    1.81
 -24117.498    50.584    -2.14    1.68
 -23741.859    50.337    -0.66    1.62
 -23366.178    50.064    -0.73    1.61
 -22990.454    49.419    -1.72    1.99
 -22614.687    48.060    -3.62    2.51
 -22238.877    46.562    -3.99    2.50
 -21863.024    44.985    -4.19    2.12
 -21487.129    43.503    -3.94    1.94
 -21111.191    42.620    -2.35    1.93
 -20735.209    41.803    -2.17    2.11
 -20359.185    40.937    -2.30    2.02
 -19983.118    40.001    -2.49    2.05
 -19607.008    39.044    -2.55    2.24
 -19230.855    36.568    -6.58    4.23
 -18854.660    33.019    -9.43    5.61
 -18478.421    30.103    -7.75    4.93
 -18102.139    29.070    -2.75    4.32
 -17725.814    30.792     4.57    4.83
 -17349.446    34.257     9.21    2.85
 -16973.035    36.064     4.80    1.96
 -16596.581    36.985     2.45    1.67
 -16220.084    37.764     2.07    1.29
 -15843.544    38.037     0.72    1.44
 -15466.961    37.320    -1.90    2.32
 -15090.334    35.675    -4.37    2.99
 -14713.665    33.691    -5.27    2.93
 -14336.952    31.996    -4.50    2.69
 -13960.196    30.570    -3.78    1.69
 -13583.397    29.878    -1.84    1.28
 -13206.555    29.003    -2.32    2.25
 -12829.669    28.333    -1.78    2.55
 -12452.740    27.243    -2.89    3.03
 -12075.768    25.920    -3.51    3.13
 -11698.753    24.759    -3.08    3.12
 -11321.694    23.814    -2.51    3.63
 -10944.592    22.699    -2.96    3.99
 -10567.447    21.338    -3.61    4.00
 -10190.259    18.989    -6.23    4.39
  -9813.027    15.945    -8.07    4.38
  -9435.751    13.609    -6.19    3.79
  -9058.433    11.216    -6.34    3.30
  -8681.070     9.870    -3.57    4.16
  -8303.665     7.650    -5.88    5.73
  -7926.216     4.200    -9.14    5.83
  -7548.724     2.270    -5.11    5.14
  -7171.188    -0.031    -6.09    1.29
  -6793.608     0.044     0.20    1.32
  -6415.985     0.170     0.33    1.59
  -6038.319    -0.055    -0.60    1.41
  -5660.609     0.627     1.81    2.16
  -5282.855     1.289     1.75    3.02
  -4905.058     2.351     2.81    3.63
  -4527.218     3.163     2.15    3.79
  -4149.333     3.437     0.73    4.26
  -3771.405     4.470     2.73    4.54
  -3393.434     6.149     4.44    4.51
  -3015.419     6.738     1.56    4.13
  -2637.360     6.535    -0.54    4.36
  -2259.257     4.996    -4.07    5.01
  -1881.111     2.147    -7.54    4.36
  -1502.921     0.454    -4.48    2.96
  -1124.687    -0.563    -2.69    0.00
   -746.410    -0.563     0.00    0.00
   -368.089    -0.563     0.00    0.00
      8.636    -0.563     0.00    0.00
    378.479    -0.563     0.00    0.00
    748.364    -0.013     1.49    1.92
   1118.290     3.371     9.15    7.44
   1488.258    12.503    24.68   14.06
   1858.268    23.878    30.74   15.93
   2228.320    37.485    36.77   13.48
   2598.413    45.894    22.72    9.61
   2968.548    51.970    16.41    8.12
   3338.725    57.247    14.26    5.45
   3708.944    60.273     8.17    4.05
   4079.205    63.299     8.17    4.30
   4449.507    67.142    10.38    7.89
   4819.852    73.747    17.84   13.27
   5190.238    81.614    21.24   18.03
   5560.666    90.674    24.46   21.17
   5931.136    94.170     9.44   17.00
   6301.648    97.781     9.75   14.00
   6672.202   101.847    10.97   12.34
   7042.798   107.470    15.17   10.58
   7413.436   110.853     9.13    7.65
   7784.115   111.897     2.82    5.24
   8154.837   111.894    -0.01    4.05
   8525.601   108.787    -8.38    5.71
   8896.407   105.758    -8.17    7.26
   9267.255   101.945   -10.28    7.95
   9638.145   104.368     6.53   12.14
  10009.077   117.808    36.23   23.49
  10380.051   133.770    43.03   22.23
  10751.067   141.830    21.72   13.13
  11122.126   140.861    -2.61   13.29
  11493.226   131.017   -26.52   15.44
  11864.369   120.552   -28.20   13.29
  12235.554   113.369   -19.35   12.88
  12606.781   107.237   -16.52   11.78
  12978.050   106.191    -2.82   10.87
  13349.362   109.207     8.12   10.92
  13720.715   113.070    10.40    9.56
  14092.111   114.905     4.94   10.16
  14463.550   110.437   -12.03   14.19
  14835.030   103.306   -19.20   14.45
  15206.553    97.954   -14.40   14.64
  15578.118    92.695   -14.15   13.90
  15949.726    85.708   -18.80   14.92
  16321.376    76.570   -24.59   16.50
  16693.068    65.587   -29.55   17.41
  17064.802    55.617   -26.82   14.24
  17436.579    48.520   -19.09    7.73
  17808.399    46.903    -4.35    5.71
  18180.261    50.469     9.59    9.17
  18552.165    56.149    15.27   10.90
  18924.112    64.125    21.45   10.98
  19296.101    70.730    17.76   11.01
  19668.133    76.076    14.37    9.86
  20040.207    78.144     5.56    7.16
  20412.324    72.797   -14.37   12.07
  20784.483    61.674   -29.89   17.58
  21156.685    49.326   -33.18   17.12
  21528.929    38.737   -28.45    9.60
  21901.216    36.137    -6.98    6.79
  22273.546    40.034    10.47    9.56
  22645.918    46.403    17.11   10.15
  23018.333    52.637    16.74    7.80
  23390.791    55.471     7.61    6.67
  23763.291    52.388    -8.28   10.04
  24135.834    46.592   -15.56   11.32
  24508.420    42.405   -11.24    8.68
  24881.048    41.902    -1.35    8.08
  25253.719    46.372    11.99    9.61
  25626.433    52.725    17.04    8.55
  25999.189    56.653    10.54    7.87
  26371.989    61.994    14.33    9.85
  26744.831    68.037    16.21   12.91
  27117.716    76.887    23.73   15.80
  27490.644    86.487    25.74   15.49
  27863.615    97.840    30.44   11.12
  28236.628   104.506    17.87    6.15
  28609.685   105.666     3.11    4.70
  28982.784   104.244    -3.81    7.06
  29355.926    96.872   -19.76   10.99
  29729.111    87.153   -26.04   12.66
  30102.340    76.093   -29.64   13.85
  30475.611    63.289   -34.30   14.27
  30848.925    54.276   -24.15   12.24
  31222.282    47.020   -19.43    6.30
  31595.682    45.703    -3.53    4.16
  31969.125    46.929     3.28    5.80
  32342.611    48.810     5.04    6.90
  32716.140    48.748    -0.16    6.69
  33089.713    48.191    -1.49    6.20
  33463.328    48.130    -0.16    4.72
  33836.987    48.970     2.25    4.30
  34210.688    51.371     6.43    5.47
  34584.433    55.535    11.14    8.45
  34958.221    60.978    14.56   11.92
  35332.052    68.987    21.42   14.59
  35705.926    76.753    20.77   15.77
  36079.844    85.630    23.74   13.92
  36453.804    91.640    16.07   10.81
  36827.808    97.093    14.58    8.85
  37201.856   100.998    10.44    6.38
  37575.946   104.082     8.24    6.25
  37950.080   107.503     9.15    6.59
  38324.257   114.453    18.57   10.98
  38698.478   126.617    32.51   16.68
  39072.741   138.987    33.05   16.68
  39447.048   148.403    25.16   10.98
  39821.399   151.725     8.87    9.35
  40195.793   155.421     9.87   15.49
  40570.230   160.713    14.13   21.00
  40944.711   172.405    31.22   25.34
  41319.235   186.023    36.36   22.61
  41693.803   197.034    29.40   19.97
  42068.414   209.120    32.27   14.38
  42443.068   217.087    21.26   11.65
  42817.766   221.568    11.96   12.78
  43192.508   226.187    12.33   12.66
  43567.293   231.887    15.21   12.27
  43942.122   238.471    17.57   10.83
  44316.994   244.683    16.57    6.96
  44691.910   249.178    11.99    4.12
  45066.869   251.614     6.50    3.60
  45441.873   252.793     3.14    3.41
  45816.919   252.373    -1.12    3.28
  46192.010   250.125    -5.99    4.50
  46567.144   248.109    -5.38    4.52
  46942.322   245.072    -8.10    4.93
  47317.543   241.793    -8.74    5.69
  47692.808   239.421    -6.32    6.15
  48068.117   238.454    -2.58    7.17
  48443.470   238.945     1.31    8.52
  48818.866   240.183     3.30   10.27
  49194.307   236.653    -9.40   15.66
  49569.791   227.420   -24.59   21.63
  49945.319   215.191   -32.57   24.69
  50320.890   198.753   -43.77   24.96
  50696.506   183.403   -40.87   22.50
  51072.165   165.388   -47.96   20.86
  51447.869   151.437   -37.14   17.33
  51823.616   142.207   -24.56   16.31
  52199.407   133.953   -21.96   10.41
  52575.242   137.103     8.38   17.52
  52951.121   147.387    27.36   32.15
  53327.044   158.620    29.88   39.64
  53703.011   168.953    27.48   41.84
  54079.022   174.502    14.76   43.92
  54455.078   165.179   -24.79   38.92
  54831.177   156.006   -24.39   35.45
  55207.320   139.727   -43.28   31.00
  55583.507   124.471   -40.56   23.17
  55959.739   115.716   -23.27   20.37
  56336.014   112.003    -9.87   19.83
  56712.334   108.699    -8.78   14.56
  57088.697   106.921    -4.73   12.78
  57465.105   106.320    -1.60   13.51
  57841.557   104.776    -4.10   12.94
  58218.054   101.525    -8.64    8.83
  58594.594    98.550    -7.90    5.00
  58971.179    97.663    -2.36    4.94
  59347.808    96.486    -3.12    4.65
  59724.481    95.748    -1.96    5.03
  60101.199    96.027     0.74    5.35
  60477.960    96.453     1.13    7.25
  60854.767    97.894     3.82   10.00
  61231.617    99.371     3.92   12.53
  61608.512    99.282    -0.24   13.46
  61985.451    96.017    -8.66   11.99
  62362.435    93.453    -6.80   10.57
  62739.463    90.743    -7.19    7.62
  63116.535    88.879    -4.94    6.21
  63493.652    86.903    -5.24    6.24
  63870.813    89.913     7.98    9.97
  64248.019    96.782    18.21   14.87
  64625.269   111.984    40.30   22.31
  65002.564   129.851    47.36   17.49
  65379.903   135.024    13.71   14.47
  65757.287   134.420    -1.60   18.08
  66134.715   127.338   -18.76   19.24
  66512.188   121.985   -14.18   14.47
  66889.706   121.912    -0.19   14.25
  67267.268   122.748     2.21   12.41
  67644.875   126.454     9.81   12.11
  68022.526   126.163    -0.77    8.44
  68400.222   130.355    11.10    8.54
  68777.963   140.486    26.82   19.01
  69155.748   161.568    55.81   34.04
  69533.579   186.732    66.61   38.12
  69911.453   215.679    76.61   30.33
  70289.373   233.353    46.77   16.06
  70667.338   240.647    19.30    7.26
  71045.347   240.086    -1.48    6.25
  71423.401   239.630    -1.21    5.15
  71801.499   240.695     2.82    3.37
  72179.643   240.227    -1.24    3.92
  72557.832   238.262    -5.20    4.51
  72936.065   237.420    -2.23    4.55
  73314.343   237.611     0.51    4.19
  73692.666   238.402     2.09    4.17
  74071.034   241.163     7.30    4.97
  74449.447   243.737     6.80    4.18
  74827.522   244.420     1.81    3.83
  75197.234   241.437    -8.07    6.43
  75566.988   236.163   -14.27    8.12
  75936.786   229.650   -17.61    7.97
  76306.626   224.637   -13.56    6.48
  76676.509   221.151    -9.42    5.14
  77046.435   219.742    -3.81    4.45
  77416.403   219.373    -1.00    3.60
  77786.415   218.799    -1.55    3.29
  78156.469   216.224    -6.96    5.12
  78526.566   212.885    -9.02    6.23
  78896.706   208.765   -11.13    5.91
  79266.889   204.471   -11.60    4.85
  79637.115   202.743    -4.67    5.11
  80007.384   200.996    -4.72    5.28
  80377.696   199.240    -4.74    5.45
  80748.050   196.743    -6.74    5.99
  81118.448   193.259    -9.41    6.48
  81488.889   189.257   -10.81    4.86
  81859.372   187.224    -5.49    2.82
  82229.899   186.278    -2.55    2.63
  82600.469   185.961    -0.85    3.09
  82971.082   186.114     0.41    3.50
  83341.738   186.437     0.87    3.99
  83712.437   187.776     3.61    4.91
  84083.179   189.575     4.85    5.25
  84453.965   191.531     5.28    4.60
  84824.793   193.230     4.58    3.90
  85195.665   194.879     4.45    3.50
  85566.580   196.216     3.61    2.93
  85937.538   196.720     1.36    2.37
  86308.539   195.703    -2.74    2.85
  86679.583   193.691    -5.42    3.42
  87050.671   190.683    -8.11    3.61
  87421.802   188.076    -7.02    3.58
  87792.976   185.246    -7.62    3.07
  88164.194   183.519    -4.65    2.60
  88535.455   182.183    -3.60    2.24
  88906.759   181.060    -3.02    2.42
  89278.107   179.388    -4.50    2.87
  89649.498   178.006    -3.72    3.18
  90020.932   176.151    -4.99    3.16
  90392.410   174.299    -4.99    1.86
  90763.931   173.679    -1.67    1.70
  91135.495   173.920     0.65    2.02
  91507.103   174.195     0.74    2.27
  91878.755   174.637     1.19    2.35
  92250.450   174.759     0.33    2.58
  92622.188   174.564    -0.53    2.62
  92993.970   174.743     0.48    2.86
  93365.796   176.273     4.11    3.72
  93737.665   178.937     7.16    4.82
  94109.577   184.163    14.05    7.30
  94481.534   190.017    15.74    8.54
  94853.533   197.969    21.38   10.97
  95225.577   207.230    24.89   11.25
  95597.664   217.195    26.78   10.82
  95969.794   224.759    20.33    7.58
  96341.969   229.485    12.70    4.82
  96714.187   232.420     7.89    3.50
  97086.449   233.135     1.92    4.61
  97458.754   233.273     0.37    5.81
  97831.103   233.215    -0.16    5.77
  98203.496   236.151     7.89    6.41
  98575.933   239.520     9.05    6.72
  98948.413   241.485     5.28    6.08
  99320.938   243.092     4.31    5.58
  99693.506   241.601    -4.00    6.04
 100066.118   240.316    -3.45    5.49
 100438.774   241.327     2.71    6.01
 100811.473   241.333     0.02    6.20
 101184.217   240.961    -1.00    5.52
 101557.004   239.487    -3.95    5.20
 101929.836   238.109    -3.70    5.15
 102302.711   241.650     9.50    8.84
 102675.630   247.856    16.64   10.87
 103048.593   253.727    15.74    8.87
 103421.601   255.753     5.43    5.50
 103794.652   254.082    -4.48    6.37
 104167.747   249.998   -10.95    7.17
 104540.886   246.252   -10.04    7.29
 104914.070   243.989    -6.07    5.97
 105287.297   244.017     0.08    4.90
 105660.569   244.720     1.88    2.92
 106033.884   244.879     0.43    2.22
 106407.244   244.503    -1.01    1.53
 106780.648   244.076    -1.14    3.16
 107154.096   241.961    -5.67    5.92
 107527.588   238.961    -8.03    6.49
 107901.124   235.611    -8.97    6.35
 108274.705   234.640    -2.60    6.11
 108648.330   236.969     6.23    6.83
 109021.999   240.037     8.21    7.25
 109395.712   244.017    10.65    7.07
 109769.470   248.120    10.98    5.75
 110143.272   248.834     1.91    5.54
 110517.118   249.671     2.24    5.28
 110891.008   250.008     0.90    5.02
 111264.943   250.167     0.42    4.56
 111638.922   250.770     1.61    3.87
 112012.946   252.303     4.10    4.69
 112387.014   255.489     8.52    5.47
 112761.126   258.404     7.79    5.11
 113135.283   258.333    -0.19    6.07
 113509.484   254.218   -11.00    9.41
 113883.730   247.318   -18.44    9.65
 114258.020   240.945   -17.03    7.31
 114632.355   237.270    -9.82    5.15
 115006.735   236.863    -1.09    6.02
 115381.158   237.770     2.42    7.21
 115755.627   237.566    -0.55    7.52
 116130.140   234.675    -7.72    7.72
 116504.697   231.403    -8.74    6.73
 116879.299   228.969    -6.50    6.23
 117253.946   225.318    -9.75    3.25
 117628.637   222.675    -7.06    3.05
 118003.373   220.372    -6.15    3.25
 118378.154   217.759    -6.97    3.97
 118752.979   215.404    -6.28    4.35
 119127.850   213.863    -4.11    4.84
 119502.764   212.257    -4.29    4.97
 119877.724   210.653    -4.28    4.73
 120252.728   208.534    -5.65    3.59
 120627.777   206.282    -6.01    3.30
 121002.871   203.718    -6.84    3.15
 121378.010   201.183    -6.76    3.00
 121753.194   199.088    -5.58    3.04
 122128.422   198.403    -1.82    3.24
 122503.695   198.224    -0.48    3.86
 122879.013   198.246     0.06    4.46
 123254.376   199.276     2.74    5.01
 123629.784   199.718     1.18    5.74
 124005.237   200.170     1.20    6.54
 124380.735   198.978    -3.18    6.42
 124756.278   198.575    -1.07    5.96
 125131.866   197.609    -2.57    5.81
 125507.499   195.814    -4.78    5.46
 125883.176   192.501    -8.82    6.31
 126258.899   191.195    -3.48    6.12
 126634.667   193.552     6.27    9.40
 127010.480   199.066    14.67   13.23
 127386.338   208.471    25.03   12.74
 127762.242   216.781    22.11    9.41
 128138.190   222.385    14.91    7.85
 128514.183   226.881    11.96    6.99
 128890.222   232.732    15.56    7.92
 129266.306   238.389    15.04    9.12
 129642.435   243.550    13.72    8.28
 130018.609   245.130     4.20    7.53
 130394.829   242.373    -7.33    8.19
 130771.093   238.284   -10.87    7.58
 131147.403   234.514   -10.02    5.36
 131523.759   232.320    -5.83    4.85
 131900.159   231.437    -2.35    4.55
 132276.605   229.050    -6.34    4.31
 132653.097   226.695    -6.26    4.38
 133029.633   223.356    -8.87    4.76
 133406.215   219.582   -10.02    4.99
 133782.843   215.437   -11.01    5.30
 134159.516   213.003    -6.46    4.41
 134536.234   212.240    -2.03    3.83
 134912.998   211.609    -1.67    3.23
 135289.807   210.130    -3.93    3.69
 135666.661   207.037    -8.21    5.21
 136043.562   202.289   -12.60    8.10
 136420.507   196.643   -14.98    8.86
 136797.498   194.308    -6.20    8.35
 137174.535   196.421     5.61   11.35
 137551.618   201.053    12.29   13.56
 137928.746   206.486    14.41   11.58
 138305.919   210.149     9.71    7.83
 138683.138   210.093    -0.15    8.42
 139060.403   211.421     3.52    9.12
 139437.714   215.167     9.93   10.01
 139815.070   222.596    19.69   10.44
 140192.472   230.047    19.75    8.29
 140569.919   235.718    15.03    8.31
 140947.413   240.195    11.86    5.81
 141324.952   241.224     2.72    4.31
 141702.537   240.553    -1.78    4.87
 142080.167   238.109    -6.47    5.92
 142457.844   235.727    -6.31    5.93
 142835.566   234.699    -2.72    4.88
 143213.334   234.008    -1.83    3.50
 143591.148   234.421     1.09    3.03
 143969.008   234.195    -0.60    2.77
 144346.914   233.454    -1.96    3.55
 144724.866   231.675    -4.71    3.99
 145102.863   230.598    -2.85    3.90
 145480.907   231.262     1.76    4.38
 145858.996   234.215     7.81    4.83
 146237.132   235.437     3.23    4.46
 146615.313   234.484    -2.52    5.00
 146993.541   233.489    -2.63    5.46
 147371.815   231.404    -5.51    4.92
 147750.134   228.674    -7.22    5.94
 148128.500   223.195   -14.48    8.66
 148506.912   215.834   -19.46    9.76
 148885.370   211.289   -12.01    8.56
 149263.874   210.008    -3.38    7.55
 149642.424   212.224     5.85    9.36
 150013.015   217.582    14.46    8.03
 150382.634   221.971    11.88    4.04
 150752.296   222.840     2.35    3.09
 151122.003   221.920    -2.49    3.89
 151491.754   218.874    -8.24    5.30
 151861.548   215.353    -9.52    5.00
 152231.386   212.501    -7.71    4.88
 152601.269   209.147    -9.07    6.42
 152971.195   206.199    -7.97   10.56
 153341.165   203.727    -6.68   11.89
 153711.179   201.453    -6.15   11.66
 154081.237   198.856    -7.02   11.13
 154451.339   194.098   -12.86   10.70
 154821.486   188.405   -15.38   10.14
 155191.676   184.647   -10.15    9.38
 155561.910   181.659    -8.07    9.28
 155932.188   180.098    -4.22    9.16
 156302.511   180.114     0.04    8.96
 156672.877   180.030    -0.23    6.43
 157043.288   179.698    -0.90    5.55
 157413.743   179.237    -1.25    7.00
 157784.242   178.017    -3.29    7.74
 158154.785   177.387    -1.70    8.33
 158525.372   173.093   -11.59   10.65
 158896.004   164.743   -22.53   13.16
 159266.679   154.812   -26.80   13.87
 159637.399   145.663   -24.68    9.22
 160008.164   140.881   -12.90    4.75
 160378.972   139.953    -2.50    2.58
 160749.825   141.897     5.24    3.91
 161120.722   144.834     7.92    5.76
 161491.664   147.978     8.48    7.16
 161862.649   155.727    20.89   13.32
 162233.680   166.587    29.27   18.48
 162604.754   177.598    29.68   17.93
 162975.873   186.471    23.91   10.63
 163347.037   186.179    -0.79    8.45
 163718.244   180.661   -14.87   13.05
 164089.497   169.469   -30.15   18.45
 164460.793   157.793   -31.45   18.23
 164832.135   148.167   -25.93   15.17
 165203.520   141.125   -18.96   10.15
 165574.951   137.151   -10.70    5.20
 165946.426   135.340    -4.88    1.21
 166317.945   135.050    -0.78    1.06
 166689.509   134.872    -0.48    1.14
 167061.117   135.276     1.09    2.11
 167432.770   135.961     1.84    3.20
 167804.468   136.486     1.41    3.56
 168176.211   136.468    -0.05    3.35
 168547.998   136.555     0.24    3.05
 168919.829   136.338    -0.58    2.68
 169291.706   136.282    -0.15    2.48
 169663.627   136.883     1.62    2.98
 170035.593   137.370     1.31    3.32
 170407.604   137.977     1.63    3.68
 170779.659   138.470     1.33    3.35
 171151.759   139.324     2.30    4.18
 171523.904   140.500     3.16    5.43
 171896.094   142.257     4.72    6.76
 172268.329   143.357     2.96    8.38
 172640.608   143.388     0.08    9.25
 173012.933   142.890    -1.34    9.92
 173385.302   143.641     2.02   11.00
 173757.716   145.031     3.74   12.49
