-221576.824    34.208     0.00    2.68
-221201.877    34.741     1.42    3.07
-220826.979    35.661     2.45    3.05
-220452.131    36.782     2.99    2.94
-220077.332    36.467    -0.84    3.71
-219702.583    35.242    -3.27    4.09
-219327.883    34.160    -2.89    3.69
-218953.232    33.725    -1.16    3.04
-218578.630    33.536    -0.50    2.83
-218204.078    33.952     1.11    2.97
-217829.575    33.684    -0.72    3.61
-217455.121    33.335    -0.93    4.14
-217080.717    33.191    -0.38    4.12
-216706.361    32.239    -2.54    3.46
-216332.055    32.042    -0.53    2.86
-215957.798    32.842     2.14    2.58
-215583.590    32.706    -0.36    2.31
-215209.431    32.304    -1.07    2.28
-214835.322    31.784    -1.39    2.25
-214461.261    31.776    -0.02    2.12
-214087.249    32.797     2.73    2.28
-213713.287    33.729     2.49    1.72
-213339.373    33.950     0.59    1.54
-212965.508    33.827    -0.33    1.43
-212591.693    33.615    -0.57    1.62
-212217.926    33.251    -0.97    1.81
-211844.208    32.781    -1.26    1.40
-211470.539    32.691    -0.24    1.24
-211096.919    33.227     1.44    1.75
-210723.348    34.365     3.05    2.18
-210349.825    34.971     1.62    2.13
-209976.352    35.254     0.76    2.30
-209602.927    35.493     0.64    2.22
-209229.551    35.584     0.24    1.97
-208856.224    35.391    -0.52    1.52
-208482.945    35.563     0.46    1.14
-208109.715    36.223     1.77    1.30
-207736.534    37.100     2.35    1.37
-207363.402    37.952     2.28    1.36
-206990.318    38.479     1.41    1.08
-206617.283    38.919     1.18    1.07
-206244.296    39.275     0.95    1.18
-205871.358    39.765     1.31    1.27
-205498.469    40.251     1.30    1.26
-205125.628    40.749     1.33    1.16
-204752.836    41.389     1.72    1.19
-204380.092    41.636     0.66    1.03
-204007.397    42.042     1.09    1.02
-203634.750    42.254     0.57    1.01
-203262.152    42.467     0.57    1.15
-202889.602    42.827     0.97    1.37
-202517.100    42.996     0.45    1.46
-202144.647    43.342     0.93    1.55
-201772.242    43.615     0.73    1.48
-201399.886    43.596    -0.05    1.39
-201027.578    43.150    -1.20    1.68
-200655.318    42.545    -1.62    1.61
-200283.106    41.858    -1.85    1.58
-199910.943    41.545    -0.84    1.60
-199538.828    41.888     0.92    1.65
-199166.762    42.396     1.37    1.64
-198794.743    43.264     2.33    1.79
-198422.773    44.262     2.68    1.95
-198050.851    45.504     3.34    2.32
-197678.977    46.692     3.20    2.28
-197307.151    48.073     3.71    2.61
-196935.373    49.252     3.17    2.85
-196563.643    50.012     2.04    3.22
-196191.962    50.904     2.40    3.52
-195820.328    51.948     2.81    4.55
-195448.743    53.933     5.34    5.81
-195077.205    55.327     3.75    6.03
-194705.716    57.965     7.10    6.27
-194334.274    60.280     6.23    6.31
-193962.881    62.992     7.30    6.36
-193591.535    66.112     8.41    6.30
-193220.237    70.342    11.39    8.03
-192848.988    76.498    16.58    9.19
-192477.786    83.612    19.17    9.95
-192106.631    90.149    17.62    7.43
-191735.525    93.431     8.84    7.12
-191364.467    95.520     5.63    6.73
-190993.456    93.811    -4.61    6.32
-190622.493    91.068    -7.40    6.58
-190251.578    87.999    -8.28    6.88
-189880.711    85.938    -5.56    7.18
-189509.891    84.320    -4.36    9.31
-189139.119    84.412     0.25   11.30
-188768.395    82.827    -4.27   14.46
-188397.718    76.702   -16.53   17.30
-188027.089    68.642   -21.75   19.32
-187656.508    58.828   -26.49   17.24
-187285.974    51.782   -19.02   10.97
-186915.488    48.996    -7.52    5.74
-186545.049    50.207     3.27    6.63
-186174.658    53.236     8.18    6.46
-185804.315    56.636     9.18    6.11
-185434.019    59.916     8.86    6.27
-185063.770    62.999     8.33    6.59
-184693.569    67.668    12.61    7.01
-184323.415    71.681    10.84    6.89
-183953.309    73.386     4.61    5.73
-183583.250    73.742     0.96    4.64
-183213.239    73.798     0.15    4.36
-182843.275    73.969     0.46    4.47
-182473.358    75.689     4.65    5.16
-182103.488    77.704     5.45    5.02
-181733.666    79.216     4.09    4.51
-181363.892    81.624     6.51    5.06
-180994.164    82.612     2.67    4.33
-180624.484    81.096    -4.10    6.55
-180254.851    73.999   -19.21   13.75
-179885.265    62.581   -30.90   16.25
-179515.726    53.585   -24.35   13.95
-179146.235    44.119   -25.62    6.78
-178776.790    42.624    -4.05    5.36
-178407.393    44.965     6.34    7.50
-178038.043    47.642     7.25    7.54
-177668.740    50.903     8.83    6.22
-177299.484    52.065     3.15    5.31
-176930.275    51.750    -0.85    4.30
-176557.356    52.498     2.01    4.53
-176178.545    54.130     4.31    4.95
-175799.784    57.359     8.53    5.31
-175421.072    60.902     9.36    6.56
-175042.410    64.919    10.61    5.47
-174663.798    67.504     6.83    5.71
-174285.236    71.561    10.72    6.78
-173906.723    75.749    11.06    6.65
-173528.260    80.578    12.76    6.35
-173149.846    84.859    11.31    5.40
-172771.482    88.366     9.27    5.16
-172393.167    91.334     7.85    3.52
-172014.903    92.888     4.11    3.03
-171636.687    93.612     1.91    3.22
-171258.521    93.165    -1.18    3.15
-170880.405    92.704    -1.22    3.95
-170502.338    91.239    -3.87    4.70
-170124.320    87.350   -10.29    6.01
-169746.352    83.876    -9.19    5.95
-169368.434    80.195    -9.74    5.27
-168990.564    76.058   -10.95    4.92
-168612.745    71.073   -13.20    7.46
-168234.974    64.045   -18.61    9.99
-167857.253    56.767   -19.27   10.04
-167479.581    50.070   -17.74    8.03
-167101.958    46.227   -10.18    7.35
-166724.385    45.068    -3.07    6.81
-166346.861    45.423     0.94    7.38
-165969.386    45.403    -0.05    7.69
-165591.960    46.246     2.23    7.70
-165214.583    46.904     1.74    8.60
-164837.256    46.596    -0.82    8.08
-164459.978    46.033    -1.49    7.20
-164082.748    45.797    -0.63    5.87
-163705.568    45.068    -1.93    2.96
-163328.437    45.607     1.43    2.14
-162951.355    47.859     5.97    3.80
-162574.323    51.858    10.61    5.72
-162197.339    56.596    12.57    5.97
-161820.404    61.504    13.02    5.39
-161443.518    66.342    12.84    5.38
-161066.681    70.624    11.36    5.17
-160689.893    74.335     9.85    4.64
-160313.154    77.827     9.27    4.48
-159936.464    80.754     7.77    3.79
-159559.822    83.159     6.39    3.19
-159183.230    85.312     5.72    3.16
-158806.686    87.568     5.99    3.47
-158430.191    89.596     5.39    3.10
-158053.745    91.630     5.40    3.05
-157677.348    93.236     4.27    3.26
-157300.999    94.827     4.23    3.71
-156924.699    96.668     4.89    4.29
-156548.448    98.658     5.29    4.33
-156172.246   100.584     5.12    3.82
-155796.092   102.269     4.48    3.75
-155419.987   102.810     1.44    3.34
-155043.931   101.473    -3.56    3.86
-154667.923    99.588    -5.01    4.13
-154291.964    97.689    -5.05    3.91
-153916.053    95.373    -6.16    3.43
-153540.191    93.615    -4.68    3.28
-153164.377    92.196    -3.78    2.99
-152788.612    91.203    -2.64    3.02
-152412.895    90.280    -2.46    2.93
-152037.227    89.009    -3.38    3.49
-151661.608    87.019    -5.30    4.12
-151286.036    84.042    -7.93    5.83
-150910.513    78.747   -14.10    9.26
-150535.039    72.525   -16.57    9.84
-150159.613    68.058   -11.90    7.20
-149784.235    67.012    -2.79    5.01
-149408.906    70.233     8.58    5.23
-149033.625    75.557    14.19    5.87
-148658.392    79.717    11.09    5.13
-148283.207    83.401     9.82    4.19
-147908.071    86.392     7.97    2.82
-147532.983    87.186     2.12    2.49
-147157.943    87.207     0.06    2.63
-146782.951    86.535    -1.79    3.02
-146408.008    85.782    -2.01    3.06
-146033.112    85.994     0.57    3.57
-145658.265    87.381     3.70    3.75
-145283.466    88.223     2.25    3.26
-144908.715    89.119     2.39    2.53
-144534.012    88.762    -0.95    2.22
-144159.357    88.622    -0.37    2.25
-143784.750    88.778     0.42    2.55
-143410.192    88.826     0.13    2.74
-143035.681    87.649    -3.14    3.97
-142661.218    86.418    -3.29    4.58
-142286.803    85.389    -2.75    4.95
-141912.436    84.535    -2.28    5.15
-141538.117    83.620    -2.44    5.29
-141163.846    81.287    -6.24    6.04
-140789.622    75.948   -14.27    8.96
-140415.447    70.810   -13.73    8.74
-140041.319    66.903   -10.44    6.09
-139667.240    64.709    -5.87    2.56
-139293.208    65.729     2.73    2.42
-138919.223    67.181     3.88    2.86
-138545.287    68.416     3.30    4.05
-138171.398    69.483     2.85    4.66
-137797.557    69.796     0.84    4.75
-137423.764    69.509    -0.77    4.73
-137050.018    69.181    -0.88    4.59
-136676.320    69.042    -0.37    4.35
-136302.670    68.858    -0.49    4.66
-135929.067    68.858    -0.00    5.30
-135555.512    68.974     0.31    5.57
-135182.005    69.342     0.99    5.74
-134808.545    68.726    -1.65    5.92
-134435.132    67.186    -4.12    5.75
-134061.767    66.004    -3.17    5.50
-133688.450    64.557    -3.88    4.77
-133315.180    63.489    -2.86    4.56
-132941.958    62.427    -2.84    4.11
-132568.783    61.719    -1.90    3.97
-132195.655    60.577    -3.06    4.17
-131822.575    59.436    -3.06    4.66
-131449.542    57.950    -3.98    4.89
-131076.557    56.484    -3.93    4.69
-130703.619    55.303    -3.17    4.20
-130330.728    54.733    -1.53    3.33
-129957.885    54.957     0.60    2.78
-129585.088    54.251    -1.89    2.41
-129212.340    53.742    -1.37    2.45
-128839.638    53.024    -1.93    2.48
-128466.984    52.186    -2.25    2.08
-128094.377    51.686    -1.34    1.84
-127721.817    51.358    -0.88    1.56
-127349.304    50.689    -1.80    1.60
-126976.838    49.735    -2.56    2.24
-126604.420    48.319    -3.80    2.61
-126232.048    47.092    -3.29    2.36
-125859.724    46.452    -1.72    1.91
-125487.447    46.092    -0.97    1.62
-125115.217    45.536    -1.50    1.31
-124743.034    45.207    -0.88    1.31
-124370.898    44.876    -0.89    1.37
-123998.809    44.903     0.07    1.41
-123626.767    45.278     1.01    1.48
-123254.772    46.058     2.10    1.58
-122882.823    47.112     2.84    1.81
-122510.922    47.670     1.50    1.57
-122139.068    48.264     1.60    1.48
-121767.261    49.155     2.40    1.60
-121395.500    50.089     2.51    2.23
-121023.786    51.471     3.72    2.63
-120652.119    53.139     4.49    2.49
-120280.499    54.202     2.86    2.31
-119908.926    54.460     0.70    1.70
-119537.400    54.493     0.09    1.45
-119165.920    54.939     1.20    1.65
-118794.487    56.059     3.02    1.99
-118423.101    57.312     3.37    2.13
-118051.761    58.442     3.04    1.50
-117680.468    59.092     1.75    1.32
-117309.222    59.826     1.98    1.52
-116938.023    60.686     2.32    2.06
-116566.870    61.530     2.27    1.81
-116195.763    62.073     1.46    1.69
-115824.704    63.073     2.70    2.58
-115453.690    65.271     5.92    5.02
-115082.724    69.092    10.30    6.64
-114711.804    72.458     9.07    6.51
-114340.930    76.795    11.70    4.41
-113970.103    79.170     6.41    3.61
-113599.323    80.890     4.64    3.48
-113228.588    81.889     2.70    3.62
-112857.901    83.111     3.30    3.37
-112487.259    84.009     2.42    2.34
-112116.665    83.965    -0.12    2.64
-111746.116    82.762    -3.25    3.94
-111375.614    80.655    -5.69    4.51
-111005.158    78.646    -5.42    4.36
-110634.749    76.751    -5.11    2.81
-110264.385    75.541    -3.27    1.33
-109894.069    75.223    -0.86    1.52
-109523.798    76.700     3.99    5.03
-109153.574    78.608     5.16    6.78
-108783.396    79.950     3.63    6.98
-108413.264    81.186     3.34    6.78
-108043.178    83.303     5.72    6.32
-107673.138    85.108     4.88    5.08
-107303.145    85.983     2.37    3.41
-106933.198    85.827    -0.42    3.81
-106563.297    85.249    -1.56    5.27
-106193.442    83.715    -4.15    6.53
-105823.633    78.530   -14.02    8.32
-105453.870    73.310   -14.12    9.56
-105084.153    66.630   -18.07   10.05
-104714.482    58.726   -21.38   10.49
-104344.858    48.907   -26.57   14.94
-103975.279    37.692   -30.35   14.04
-103605.746    28.975   -23.59   10.02
-103236.259    23.536   -14.72    5.38
-102866.818    21.160    -6.43    1.68
-102497.423    20.842    -0.86    0.00
-102128.074    20.842     0.00    0.00
-101756.368    20.842     0.00    0.00
-101377.660    20.842     0.00    0.00
-100999.001    20.842     0.00    0.00
-100620.390    20.842     0.00    0.00
-100241.828    20.842     0.00    0.00
 -99863.314    20.842     0.00    0.00
 -99484.848    20.858     0.04    0.13
 -99106.431    25.285    11.70   14.26
 -98728.062    39.104    36.53   32.69
 -98349.741    60.249    55.90   46.43
 -97971.469    83.119    60.47   53.80
 -97593.245   107.452    64.34   48.94
 -97215.069   122.439    39.63   38.14
 -96836.941   125.539     8.20   31.34
 -96458.862   116.776   -23.18   34.21
 -96080.831    99.624   -45.38   33.97
 -95702.848    95.620   -10.59   28.62
 -95324.913   101.358    15.18   27.23
 -94947.027   117.242    42.04   29.21
 -94569.188   134.717    46.25   27.07
 -94191.398   154.530    52.45   21.52
 -93813.655   166.842    32.60   14.02
 -93435.961   171.655    12.74    8.56
 -93058.315   170.592    -2.81    8.42
 -92680.717   163.236   -19.48    9.71
 -92303.166   155.985   -19.21    8.12
 -91925.664   152.827    -8.37    6.39
 -91548.210   151.358    -3.89    6.58
 -91170.804   151.068    -0.77    6.98
 -90793.445   147.842    -8.55    8.78
 -90416.135   134.476   -35.43   21.08
 -90038.872   114.181   -53.80   29.79
 -89661.657    96.229   -47.59   25.77
 -89284.491    83.509   -33.73   15.49
 -88907.372    79.983    -9.35   10.16
 -88530.300    84.969    13.23   10.65
 -88153.277    89.795    12.80    9.53
 -87776.301    91.858     5.47    7.44
 -87399.373    87.842   -10.66   10.22
 -87022.493    78.236   -25.49   15.03
 -86645.661    67.351   -28.89   15.88
 -86268.876    60.676   -17.72   10.28
 -85892.139    62.735     5.47   11.71
 -85515.449    71.530    23.35   15.37
 -85138.807    81.287    25.91   15.37
 -84762.213    89.920    22.93   12.93
 -84385.666    97.334    19.69   10.22
 -84009.167   106.063    23.19   11.28
 -83632.716   113.892    20.80   11.58
 -83256.312   122.187    22.04   11.87
 -82879.955   134.375    32.39   13.04
 -82503.646   144.639    27.28   13.50
 -82127.385   153.795    24.33   13.31
 -81751.171   159.186    14.33   13.20
 -81375.004   155.827    -8.93   17.54
 -80998.885   146.020   -26.08   23.22
 -80622.814   125.981   -53.29   26.22
 -80246.789   104.498   -57.14   20.45
 -79870.812    88.906   -41.47   15.96
 -79494.882    77.142   -31.29   10.81
 -79119.000    73.686    -9.20    8.65
 -78743.165    72.100    -4.22    9.84
 -78367.377    71.405    -1.85   10.25
 -77991.637    72.278     2.32    9.92
 -77615.944    69.988    -6.10    9.38
 -77240.298    73.319     8.87   10.38
 -76864.699    79.117    15.44   11.82
 -76489.147    87.311    21.82   14.65
 -76113.643    98.351    29.40   11.25
 -75738.186   107.715    24.94    9.12
 -75362.775   114.423    17.87    8.29
 -74987.412   119.196    12.72    7.20
 -74612.096   123.729    12.08    5.69
 -74236.828   127.207     9.27    4.92
 -73861.606   129.249     5.44    4.99
 -73486.431   129.374     0.33    5.60
 -73111.303   125.217   -11.08    9.41
 -72736.223   120.433   -12.76    8.34
 -72361.189   119.423    -2.69    6.87
 -71986.202   121.809     6.36    7.00
 -71611.262   125.604    10.12    5.74
 -71236.369   127.294     4.51    7.66
 -70861.523   124.065    -8.62   13.04
 -70486.724   116.636   -19.82   20.02
 -70111.972   107.414   -24.61   20.16
 -69737.266   103.196   -11.26   15.36
 -69362.608   104.729     4.09   13.40
 -68987.996   115.303    28.23   15.77
 -68613.431   125.252    26.56   13.60
 -68238.913   132.107    18.30    9.10
 -67864.441   134.676     6.86    7.49
 -67490.017   130.617   -10.84   11.94
 -67115.639   129.859    -2.02   12.55
 -66741.307   131.920     5.51   11.53
 -66367.023   136.670    12.69   12.01
 -65992.785   143.461    18.15   12.64
 -65618.593   150.670    19.27   10.92
 -65244.449   154.588    10.47    8.45
 -64870.351   156.319     4.63    7.40
 -64496.299   158.084     4.72    8.98
 -64122.294   164.020    15.87   15.20
 -63748.336   174.492    28.01   17.35
 -63374.424   183.736    24.72   15.89
 -63000.559   193.697    26.64   14.29
 -62626.740   200.904    19.28   18.60
 -62252.967   211.811    29.18   20.64
 -61879.241   223.092    30.19   19.96
 -61505.562   233.604    28.13   15.60
 -61131.929   238.412    12.87   11.11
 -60758.342   241.374     7.93    7.85
 -60384.802   240.525    -2.27    8.37
 -60011.308   238.577    -5.22   10.33
 -59637.860   231.926   -17.81   17.31
 -59264.459   223.030   -23.83   24.98
 -58891.104   214.292   -23.40   28.04
 -58517.795   202.749   -30.92   31.29
 -58144.533   190.584   -32.59   30.30
 -57771.317   180.604   -26.74   29.52
 -57398.147   166.762   -37.10   26.66
 -57025.023   155.334   -30.63   22.29
 -56651.946   146.092   -24.77   19.73
 -56278.914   142.139   -10.60   21.60
 -55905.929   137.904   -11.36   20.50
 -55532.990   131.858   -16.21   17.89
 -55160.097   121.271   -28.39   18.34
 -54787.250   113.809   -20.01   16.51
 -54414.450   108.933   -13.08   16.33
 -54041.695   102.492   -17.28   16.38
 -53668.986   100.001    -6.68   14.06
 -53296.324   100.874     2.34   10.58
 -52923.707   103.483     7.00   10.57
 -52551.137   110.652    19.24    9.44
 -52178.612   112.686     5.46   11.91
 -51806.133   114.017     3.57   15.90
 -51433.701   115.264     3.35   17.32
 -51061.314   115.620     0.96   16.48
 -50688.973   115.746     0.34   12.90
 -50316.678   118.096     6.31    8.98
 -49944.429   122.711    12.40    9.32
 -49572.226   129.931    19.40   11.90
 -49200.068   139.411    25.48   11.72
 -48827.956   152.326    34.71   17.08
 -48455.891   167.676    41.26   21.21
 -48083.870   182.196    39.03   21.87
 -47711.896   193.907    31.48   18.13
 -47339.968   199.170    14.15   19.50
 -46968.085   197.729    -3.88   24.25
 -46596.247   193.483   -11.42   27.35
 -46224.456   189.681   -10.23   29.18
 -45852.710   184.874   -12.93   27.61
 -45481.010   176.541   -22.42   25.32
 -45109.355   167.242   -25.02   22.51
 -44737.746   157.051   -27.43   18.94
 -44366.183   147.176   -26.58   14.92
 -43994.665   142.246   -13.27   11.00
 -43623.193   138.542    -9.97    7.84
 -43251.766   136.104    -6.57    6.30
 -42880.385   134.133    -5.31    7.18
 -42509.050   129.155   -13.41    9.12
 -42137.759   120.588   -23.07   12.25
 -41766.515   110.436   -27.35   16.73
 -41395.315    95.077   -41.38   19.26
 -41024.162    80.967   -38.02   20.03
 -40653.053    67.557   -36.14   15.48
 -40281.990    58.665   -23.96   12.13
 -39910.972    50.842   -21.08   10.33
 -39540.000    45.923   -13.26    8.03
 -39169.073    42.652    -8.82    4.90
 -38798.191    40.678    -5.32    2.61
 -38427.355    39.342    -3.60    2.72
 -38056.564    37.776    -4.23    2.48
 -37685.818    35.888    -5.09    2.55
 -37315.118    34.192    -4.57    2.25
 -36944.462    32.842    -3.64    1.69
 -36573.852    32.213    -1.70    1.31
 -36203.287    32.295     0.22    1.47
 -35832.768    33.794     4.04    3.70
 -35462.293    36.890     8.36    6.76
 -35091.864    42.430    14.96    9.81
 -34721.480    48.455    16.27   11.63
 -34351.140    57.170    23.53   12.42
 -33980.846    65.826    23.38   12.97
 -33610.597    74.588    23.67   14.34
 -33240.393    81.811    19.51   15.06
 -32870.234    85.938    11.15   12.89
 -32500.120    83.990    -5.26   12.85
 -32130.052    74.446   -25.79   16.51
 -31760.028    63.842   -28.66   11.87
 -31390.049    63.589    -0.69   11.63
 -31020.115    70.635    19.05   15.74
 -30650.226    82.482    32.03   14.74
 -30280.381    94.436    32.32   11.55
 -29910.582   104.708    27.78   12.15
 -29540.828   115.471    29.11   12.80
 -29171.118   123.350    21.31   12.02
 -28801.454   130.778    20.09   10.30
 -28431.834   134.795    10.87    8.98
 -28062.259   135.858     2.88    8.24
 -27692.728   135.207    -1.76    7.67
 -27323.243   133.907    -3.52    8.52
 -26952.614   133.561    -0.93    8.91
 -26574.005   133.681     0.32    8.45
 -26195.442   134.100     1.11    8.04
 -25816.927   133.262    -2.22    7.96
 -25438.459   133.131    -0.35    7.65
 -25060.038   133.706     1.52    6.58
 -24681.664   132.568    -3.01    5.40
 -24303.337   128.906    -9.68    6.85
 -23925.057   122.303   -17.46    8.93
 -23546.824   114.547   -20.50   10.66
 -23168.639   103.427   -29.41   13.19
 -22790.500    91.503   -31.53   13.66
 -22412.409    79.957   -30.54   13.14
 -22034.364    69.029   -28.91   10.00
 -21656.366    60.202   -23.35    8.27
 -21278.416    52.509   -20.35    7.95
 -20900.512    48.746    -9.96    6.20
 -20522.655    52.030     8.69   10.82
 -20144.845    59.375    19.44   14.46
 -19767.082    67.581    21.72   11.70
 -19389.366    72.076    11.90    7.56
 -19011.696    66.375   -15.10   11.49
 -18634.074    57.433   -23.68   11.59
 -18256.498    51.017   -16.99    8.34
 -17878.969    48.271    -7.27    3.46
 -17501.487    49.536     3.35    3.86
 -17124.051    52.374     7.52    4.17
 -16746.663    54.004     4.32    3.49
 -16369.321    54.670     1.77    2.49
 -15992.025    54.842     0.46    2.10
 -15614.776    55.004     0.43    2.11
 -15237.574    55.096     0.25    2.91
 -14860.419    55.264     0.45    4.10
 -14483.310    54.620    -1.71    5.38
 -14106.248    53.181    -3.82    6.12
 -13729.232    50.889    -6.08    6.92
 -13352.263    47.859    -8.04    7.40
 -12975.341    42.541   -14.11    8.99
 -12598.465    37.055   -14.55    8.35
 -12221.635    33.342    -9.85    5.69
 -11844.852    31.452    -5.02    5.11
 -11468.116    31.186    -0.71    5.92
 -11091.426    29.160    -5.38    7.08
 -10714.782    26.842    -6.15    7.12
 -10338.185    24.577    -6.02    6.14
  -9961.634    24.992     1.10    8.18
  -9585.129    27.990     7.96    9.77
  -9208.671    29.825     4.88    9.30
  -8832.259    31.280     3.86    7.98
  -8455.894    33.207     5.12    5.74
  -8079.574    32.223    -2.62    6.73
  -7703.302    27.366   -12.91    8.93
  -7327.075    21.826   -14.73   10.51
  -6950.894    16.458   -14.27    9.68
  -6574.760    11.653   -12.77    7.35
  -6198.672     9.170    -6.60    6.68
  -5822.630     6.419    -7.32    7.04
  -5446.635     3.935    -6.61    6.28
  -5070.685     3.121    -2.16    5.25
  -4694.782     2.020    -2.93    3.16
  -4318.925     4.017     5.31    4.89
  -3943.113     4.620     1.61    4.27
  -3567.348     4.217    -1.07    4.41
  -3191.629     3.537    -1.81    3.97
  -2815.956     2.596    -2.50    2.56
  -2440.329     2.609     0.03    3.15
  -2064.748     3.519     2.42    4.07
  -1689.213     4.006     1.30    4.80
  -1313.724     4.128     0.32    5.72
   -938.281     4.327     0.53    8.39
   -562.884     4.592     0.71   10.65
   -187.533     4.842     0.67   12.80
    187.772     7.557     7.23   16.79
    563.032     9.504     5.19   18.45
    938.245    11.809     6.14   19.71
   1313.413    14.119     6.16   20.99
   1688.535    18.531    11.76   24.18
   2063.611    25.715    19.15   27.01
   2438.642    32.033    16.85   29.38
   2813.626    40.477    22.52   31.13
   3188.565    49.969    25.32   30.85
   3563.458    57.746    20.74   28.91
   3938.305    60.217     6.59   28.14
   4313.107    58.278    -5.17   30.31
   4687.863    53.262   -13.38   30.34
   5062.573    52.808    -1.21   29.41
   5437.238    51.452    -3.62   28.66
   5811.857    47.826    -9.68   27.72
   6186.431    46.436    -3.71   24.80
   6560.959    47.055     1.65   24.39
   6935.441    50.969    10.45   23.53
   7309.878    51.713     1.99   21.54
   7684.269    52.726     2.70   19.55
   8058.615    51.430    -3.46   18.88
   8432.915    51.242    -0.50   19.56
   8807.170    53.358     5.65   17.88
   9181.379    53.961     1.61   15.10
   9555.543    58.794    12.92   14.35
   9929.661    65.974    19.19   14.82
  10303.734    74.636    23.16   18.29
  10677.762    86.600    31.99   19.53
  11051.744    96.652    26.88   19.05
  11425.681   106.842    27.25   19.07
  11799.573   114.744    21.13   16.63
  12173.419   122.366    20.39   17.40
  12547.220   129.176    18.22   17.83
  12920.976   137.187    21.43   18.09
  13294.686   146.187    24.08   16.59
  13668.351   154.735    22.87   14.93
  14041.971   163.259    22.82    8.86
  14415.546   166.700     9.21    5.43
  14789.075   168.088     3.72    3.71
  15162.560   168.423     0.90    3.54
  15535.999   168.715     0.78    5.19
  15909.393   170.181     3.93    8.95
  16282.742   178.319    21.80   17.82
  16656.046   188.439    27.11   20.03
  17029.305   189.170     1.96   21.89
  17402.518   179.893   -24.86   30.74
  17775.687   154.826   -67.17   38.48
  18148.810   132.416   -60.06   25.75
  18521.889   124.061   -22.39   16.02
  18894.923   126.810     7.37   17.58
  19267.911   132.414    15.02   21.12
  19640.855   133.826     3.79   26.55
  20013.754   134.488     1.77   24.74
  20386.607   135.780     3.47   18.10
  20759.416   143.471    20.63   21.75
  21132.180   160.795    46.47   27.88
  21504.899   175.294    38.90   27.62
  21877.574   190.117    39.77   23.19
  22250.203   206.773    44.70   22.17
  22622.787   215.655    23.84   18.80
  22995.327   211.536   -11.06   23.54
  23367.822   202.303   -24.79   29.53
  23740.272   183.826   -49.61   30.83
  24112.678   171.080   -34.22   29.73
  24485.039   158.536   -33.69   27.99
  24857.355   152.938   -15.04   23.76
  25229.626   152.493    -1.19   25.27
  25601.853   154.515     5.43   27.05
  25974.035   148.762   -15.46   29.01
  26346.172   136.876   -31.94   27.55
  26718.265   125.465   -30.66   19.41
  27090.313   127.653     5.88   21.33
  27462.316   147.342    52.93   30.45
  27834.275   170.944    63.45   35.66
  28206.189   195.192    65.19   31.32
  28578.059   213.301    48.70   16.85
  28949.885   217.859    12.26    6.27
  29321.665   212.252   -15.08   10.84
  29693.402   202.294   -26.79   15.04
  30065.093   190.096   -32.82   15.30
  30436.741   179.955   -27.29   13.65
  30808.344   170.557   -25.29    9.39
  31179.902   164.713   -15.73    9.68
  31551.416   158.810   -15.89    9.94
  31922.886   153.724   -13.69   12.63
  32294.311   146.903   -18.36   15.17
  32665.692   139.704   -19.38   14.31
  33037.029   133.262   -17.35   14.75
  33408.321   129.639    -9.76   16.05
  33779.569   127.128    -6.76   16.99
  34150.773   125.170    -5.27   18.03
  34521.933   121.112   -10.93   18.00
  34893.048   114.859   -16.85   18.19
  35264.119   113.383    -3.98   18.13
  35635.146   115.588     5.94   19.75
  36006.128   126.617    29.73   14.53
  36377.067   135.794    24.74   13.34
  36747.961   141.729    16.00   11.77
  37118.811   145.278     9.57    8.63
  37489.617   147.318     5.50    7.31
  37860.379   143.552   -10.16    8.01
  38231.097   137.009   -17.65    8.32
  38601.770   129.504   -20.25    9.44
  38972.400   121.775   -20.85   10.19
  39342.985   113.149   -23.28   11.90
  39713.527   104.794   -22.55   10.07
  40084.025    98.461   -17.09    8.82
  40454.478    92.662   -15.65    6.74
  40824.888    89.176    -9.41    5.50
  41195.253    86.649    -6.82    3.94
  41565.575    86.414    -0.63    4.34
  41935.853    89.430     8.14    8.40
  42306.087    93.039     9.75   11.36
  42676.277   100.121    19.13   14.77
  43046.423   107.893    21.00   14.89
  43416.525   112.160    11.53   12.48
  43786.583   113.532     3.71   10.61
  44156.598   109.212   -11.68   11.79
  44526.569   103.153   -16.38   11.14
  44896.496    97.515   -15.24    9.36
  45266.379    91.911   -15.15    6.95
  45636.218    89.981    -5.22    4.70
  46006.014    90.942     2.60    5.26
  46375.766    95.128    11.32    7.81
  46745.474   104.285    24.77   11.76
  47115.139   112.859    23.19   12.36
  47484.760   119.992    19.30    9.91
  47854.448   124.117    11.16    8.18
  48232.956   122.017    -5.55   16.08
  48611.419   114.762   -19.17   28.11
  48989.835   108.233   -17.25   33.11
  49368.206   103.808   -11.69   34.64
  49746.531   101.133    -7.07   35.61
  50124.809    95.471   -14.97   39.32
  50503.042    94.827    -1.70   43.54
  50881.229    92.662    -5.72   45.83
  51259.371    89.294    -8.91   46.69
  51637.466    83.375   -15.65   47.35
  52015.516    78.249   -13.56   49.32
  52393.520    74.793    -9.14   51.26
  52771.478    74.141    -1.73   53.31
  53149.390    72.112    -5.37   52.36
  53527.257    64.342   -20.56   49.00
  53905.077    66.584     5.93   51.40
  54282.853    72.573    15.85   56.06
  54660.582    81.531    23.72   60.02
  55038.266    84.186     7.03   62.51
  55415.904    91.029    18.12   64.82
  55793.497    92.342     3.48   65.34
  56171.044    83.941   -22.25   65.49
  56548.545    74.423   -25.21   62.06
  56926.001    57.154   -45.75   57.21
  57303.411    43.923   -35.05   52.85
  57680.776    21.923   -58.30   36.01
  58058.095     7.842   -37.32   19.21
  58435.369     0.629   -19.12    5.64
  58812.597    -1.071    -4.51    0.66
  59189.780    -1.158    -0.23    0.00
  59566.917    -1.158     0.00    0.00
  59944.009    -1.158     0.00    0.00
  60321.055    -1.158     0.00    0.00
  60698.056    -1.158     0.00    0.00
  61075.012    -1.158     0.00    0.00
  61451.922    -1.158     0.00    0.00
  61828.787    -1.158     0.00    0.00
  62205.607    -1.158     0.00    0.00
  62582.381    -1.158     0.00    0.00
  62959.110    -1.158     0.00    0.00
  63335.794    -1.158     0.00    0.00
  63712.433    -1.158     0.00    0.00
  64089.026    -1.158     0.00    0.00
  64465.574    -1.158     0.00    0.00
  64842.077    -1.158     0.00    0.00
  65218.535    -1.158     0.00    0.00
  65594.948    -1.158     0.00    0.00
  65971.315    -1.158     0.00    0.00
  66347.637    -1.158     0.00    0.00
  66723.914    -1.158     0.00    0.00
  67100.147    -1.158     0.00    0.00
  67476.334    -1.158     0.00    0.00
  67852.476    -1.158     0.00    0.00
  68228.573    -1.158     0.00    0.00
  68604.625    -1.158     0.00    0.00
  68980.631    -1.158     0.00    0.00
  69356.593    -1.158     0.00    0.00
  69732.510    -1.158     0.00    0.00
  70108.382    -1.158     0.00    0.00
  70484.209    -1.158     0.00    0.00
  70859.992    -1.158     0.00    0.00
  71235.729    -1.158     0.00    0.00
  71611.421    -1.158     0.00    0.00
  71987.069    -1.158     0.00    0.00
  72362.672    -1.158     0.00    0.00
  72738.229    -1.158     0.00    0.00
  73113.742    -1.158     0.00    0.00
  73489.211    -1.158     0.00    0.00
  73864.634    -1.031     0.34    0.73
  74240.013    -0.367     1.77    2.52
  74615.347     0.729     2.92    4.45
  74990.636     4.292     9.49    9.50
  75365.881     9.525    13.94   13.89
  75741.081    18.492    23.90   22.83
  76116.236    31.923    35.80   31.90
  76491.346    49.826    47.72   37.44
  76866.412    63.488    36.42   35.21
  77241.434    65.416     5.14   31.36
  77616.410    61.584   -10.22   25.70
  77991.342    53.001   -22.89   21.13
  78366.230    46.076   -18.47   18.81
  78741.073    42.577    -9.33   18.80
  79115.871    37.687   -13.04   16.36
  79490.625    29.433   -22.03   16.67
  79865.335    21.259   -21.81   16.94
  80240.000    12.939   -22.20   13.72
  80614.620     7.278   -15.11   10.70
  80989.196     4.713    -6.85    8.96
  81363.728     2.564    -5.74    7.35
  81738.215     2.059    -1.35    5.85
  82112.658     2.939     2.35    6.13
  82487.057     4.687     4.67    7.45
  82861.411     7.027     6.25    9.08
  83235.720     8.135     2.96    9.05
  83609.986     9.117     2.62    9.45
  83984.207    11.142     5.41   12.76
  84358.384    13.678     6.78   15.27
  84732.516    14.318     1.71   15.64
  85106.605    15.236     2.45   15.38
  85480.649    16.375     3.04   14.41
  85854.648    16.023    -0.94   13.63
  86228.604    13.778    -6.00   12.32
  86602.516    12.690    -2.91   11.16
  86976.383    11.084    -4.29   10.48
  87350.206     8.259    -7.56   10.37
  87723.985     4.810    -9.23    8.30
  88097.720     1.760    -8.16    5.45
  88471.411     0.052    -4.57    3.17
  88845.057    -1.141    -3.19    0.13
  89218.660    -1.158    -0.04    0.00
  89592.218    -1.158     0.00    0.00
  89965.733    -1.158     0.00    0.00
  90339.203    -1.158     0.00    0.00
  90712.630    -1.158     0.00    0.00
  91086.012    -1.158     0.00    0.00
  91459.351    -1.158     0.00    0.00
  91832.646    -1.158     0.00    0.00
  92205.896    -1.158     0.00    0.00
  92579.103    -1.158     0.00    0.00
  92952.266    -1.158     0.00    0.00
  93325.385    -1.158     0.00    0.00
  93698.460    -1.158     0.00    0.00
  94071.491    -1.158     0.00    0.00
  94444.479    -1.158     0.00    0.00
  94817.422    -1.158     0.00    0.00
  95190.322    -1.158     0.00    0.00
  95563.178    -1.158     0.00    0.00
  95935.990    -1.158     0.00    0.00
  96308.759    -1.158     0.00    0.00
  96681.484    -1.158     0.00    0.00
  97054.165    -1.158     0.00    0.00
  97426.802    -1.158     0.00    0.00
  97799.396    -1.158     0.00    0.00
  98171.946    -1.158     0.00    0.00
  98544.452    -1.158     0.00    0.00
  98916.915    -1.158     0.00    0.00
  99289.334    -1.158     0.00    0.00
  99661.710    -1.158     0.00    0.00
 100034.042    -1.158     0.00    0.00
 100406.330    -1.158     0.00    0.00
 100778.575    -1.158     0.00    0.00
 101150.776    -1.158     0.00    0.00
 101522.934    -1.158     0.00    0.00
 101895.049    -1.158     0.00    0.00
 102267.119    -1.158     0.00    0.00
 102639.147    -1.158     0.00    0.00
 103011.131    -1.108     0.13    0.28
 103383.071    -0.874     0.63    0.85
 103754.968    -0.561     0.84    1.18
 104126.822     0.181     2.00    1.81
 104498.632     0.692     1.37    1.84
 104870.399     1.504     2.18    1.88
 105242.123     2.187     1.84    1.47
 105613.803     2.246     0.16    1.37
 105985.440     2.536     0.78    1.65
 106357.034     2.891     0.95    1.89
 106728.584     3.285     1.06    1.94
 107100.091     3.552     0.72    1.76
 107471.555     3.826     0.74    1.49
 107842.976     4.080     0.69    1.23
 108214.353     3.955    -0.34    1.29
 108585.688     3.592    -0.98    1.42
 108956.979     3.187    -1.09    1.42
 109328.227     2.893    -0.79    1.22
 109699.431     2.326    -1.53    1.20
 110070.593     2.187    -0.37    1.22
 110441.712     2.084    -0.28    1.29
 110812.787     1.895    -0.51    1.34
 111183.819     1.859    -0.10    1.37
 111554.809     1.709    -0.40    1.53
 111925.755     1.891     0.49    1.75
 112296.658     2.219     0.89    1.78
 112667.518     2.262     0.11    1.51
 113038.335     2.695     1.17    1.36
 113409.109     2.974     0.75    1.54
 113779.841     3.350     1.02    1.77
 114150.529     3.526     0.47    1.76
 114521.174     3.726     0.54    1.87
 114891.777     3.673    -0.14    2.11
 115262.336     3.859     0.50    2.56
 115632.853     4.377     1.40    3.35
 116003.326     6.287     5.15    6.84
 116373.757     7.527     3.35    7.01
 116744.145     7.367    -0.43    5.85
 117114.491     6.842    -1.42    4.44
 117484.793     7.036     0.52    2.38
 117855.053     7.564     1.43    2.34
 118225.270     8.652     2.94    2.76
 118595.444     9.568     2.47    3.05
 118965.575    10.990     3.84    2.35
 119335.664    12.039     2.83    2.06
 119705.710    13.476     3.88    2.26
 120075.713    15.542     5.58    2.87
 120445.674    17.109     4.23    2.50
 120815.591    17.477     1.00    1.84
 121185.467    17.063    -1.12    2.21
 121555.299    15.294    -4.78    2.27
 121925.089    13.667    -4.40    1.77
 122294.837    12.252    -3.83    1.76
 122664.542    11.187    -2.88    1.64
 123042.099    10.229    -2.54    1.80
 123420.469     8.990    -3.28    1.96
 123798.794     8.117    -2.31    1.69
 124177.074     7.301    -2.15    1.40
 124555.309     7.409     0.28    1.56
 124933.500     8.100     1.83    1.78
 125311.646     9.153     2.78    1.95
 125689.747    10.483     3.52    2.19
 126067.803    11.554     2.83    1.71
 126445.815    11.239    -0.83    2.10
 126823.783     9.531    -4.52    3.24
 127201.706     7.262    -6.00    3.58
 127579.584     4.488    -7.34    3.05
 127957.417     2.622    -4.94    2.19
 128335.206     1.439    -3.13    1.62
 128712.951     1.101    -0.90    1.52
 129090.651     1.439     0.90    1.54
 129468.307     1.957     1.37    1.64
 129845.918     2.465     1.35    1.66
 130223.484     2.629     0.43    1.59
 130601.006     2.367    -0.69    1.80
 130978.484     1.729    -1.69    1.70
 131355.917     0.992    -1.95    1.52
 131733.306     0.859    -0.35    1.55
 132110.651     0.777    -0.22    1.55
 132487.951     0.941     0.43    1.59
 132865.207     0.859    -0.22    1.58
 133242.418     0.278    -1.54    1.46
 133619.585     0.020    -0.68    1.22
 133996.708    -0.091    -0.29    1.13
 134373.787    -0.400    -0.82    1.21
 134750.821    -0.491    -0.24    1.21
 135127.812    -0.722    -0.61    1.22
 135504.757    -1.174    -1.20    1.07
 135881.659    -1.108     0.17    1.02
 136258.517    -1.269    -0.43    1.08
 136635.330    -1.324    -0.15    1.04
 137012.099    -1.535    -0.56    1.00
 137388.824    -1.894    -0.95    1.11
 137765.505    -1.961    -0.18    1.11
 138142.142    -2.058    -0.26    0.93
 138518.735    -2.524    -1.24    1.22
 138895.283    -3.338    -2.16    2.51
 139271.788    -3.863    -1.39    2.92
 139648.248    -4.724    -2.29    3.19
 140024.665    -4.869    -0.39    3.55
 140401.038    -5.354    -1.29    3.73
 140777.366    -5.813    -1.22    3.62
 141153.651    -5.996    -0.49    3.26
 141529.891    -6.090    -0.25    3.26
 141906.088    -4.967     2.98    3.51
 142282.241    -3.518     3.85    3.61
 142658.350    -1.764     4.66    2.58
 143034.415    -0.539     3.26    1.20
 143410.436    -0.107     1.15    1.12
 143786.413     0.455     1.49    1.06
 144162.347     0.791     0.89    1.08
 144538.236     0.957     0.44    0.98
 144914.082     1.131     0.46    0.97
 145289.884     1.076    -0.15    0.89
 145665.642     1.039    -0.10    0.83
 146041.357     1.105     0.17    0.95
 146417.028     0.957    -0.39    1.14
 146792.655     0.876    -0.22    1.13
 147168.238     0.842    -0.09    1.16
 147543.778     0.825    -0.05    0.92
 147919.274     0.809    -0.04    0.84
 148294.726     0.724    -0.23    0.85
 148670.135     0.811     0.23    1.02
 149045.500     1.226     1.11    1.30
 149420.822     1.759     1.42    1.36
 149796.100     2.309     1.47    1.33
 150171.334     2.941     1.68    1.55
 150546.525     3.810     2.32    1.76
 150921.672     4.446     1.69    1.80
 151296.776     4.907     1.23    1.80
 151671.836     5.377     1.25    1.65
 152046.853     6.059     1.82    1.57
 152421.826     6.792     1.96    1.28
 152796.756     7.219     1.14    1.25
 153171.643     7.649     1.15    1.27
 153546.486     7.709     0.16    1.28
 153921.285     7.294    -1.11    1.48
 154296.042     6.825    -1.25    1.54
 154670.755     6.795    -0.08    1.46
 155045.424     6.791    -0.01    1.42
 155420.050     7.520     1.95    1.87
 155794.633     7.711     0.51    2.03
 156169.173     7.592    -0.32    2.32
 156543.669     7.515    -0.21    2.34
 156918.122     7.219    -0.79    2.18
 157292.532     7.036    -0.49    2.01
 157666.899     7.009    -0.07    1.99
 158041.222     7.117     0.29    2.08
 158415.502     7.039    -0.21    2.54
 158789.739     6.695    -0.92    2.85
 159163.933     6.376    -0.85    2.68
 159538.083     6.117    -0.69    2.20
 159912.191     6.426     0.83    1.70
 160286.255     6.876     1.20    1.41
 160660.276     7.876     2.67    1.68
 161034.255     8.892     2.72    2.23
 161408.190    10.778     5.04    2.78
 161782.082    12.131     3.62    2.45
 162155.931    13.531     3.75    1.98
 162529.737    14.735     3.22    1.97
 162903.500    16.121     3.71    2.47
 163277.220    17.690     4.20    2.70
 163650.897    19.255     4.19    2.54
 164024.531    21.114     4.97    2.16
 164398.122    22.741     4.35    2.06
 164771.670    24.924     5.84    3.00
 165145.175    27.531     6.98    3.87
 165518.638    33.203    15.19    7.53
 165892.057    40.532    19.62   10.39
 166265.434    49.498    24.01   11.82
 166638.768    59.003    25.46    9.03
 167012.059    67.759    23.45    7.89
 167385.307    74.266    17.43    7.43
 167758.512    79.477    13.96    6.59
 168131.675    84.226    12.72    3.55
 168504.795    86.376     5.76    2.14
 168877.872    87.055     1.82    1.54
 169250.906    86.564    -1.32    2.54
 169623.898    85.974    -1.58    3.09
 169996.847    85.080    -2.40    3.85
 170369.753    84.367    -1.91    4.38
 170742.617    83.878    -1.31    4.79
 171115.438    82.580    -3.48    5.28
 171488.216    80.368    -5.93    6.53
 171860.952    77.953    -6.48    8.78
 172233.645    76.359    -4.28    8.31
 172606.295    77.063     1.89    6.79
 172978.903    78.939     5.04    5.41
 173351.469    81.285     6.30    4.75
 173723.991    84.192     7.80    3.65
 174096.472    86.131     5.20    2.63
 174468.910    86.023    -0.29    2.70
 174841.305    85.141    -2.37    3.25
 175213.658    83.715    -3.83    3.48
 175585.968    81.807    -5.12    3.22
 175958.236    79.955    -4.97    3.43
 176330.462    77.995    -5.27    3.41
 176702.645    76.097    -5.10    2.87
 177074.786    75.039    -2.84    1.94
 177446.884    75.088     0.13    1.72
 177818.940    75.080    -0.02    1.71
 178190.954    74.859    -0.59    1.88
 178562.925    73.827    -2.78    2.26
 178934.854    72.775    -2.83    2.12
 179306.741    71.729    -2.81    2.10
 179678.585    70.825    -2.43    1.45
 180050.388    70.596    -0.61    1.67
 180422.148    70.537    -0.16    1.93
 180793.865    70.596     0.16    2.00
 181165.541    70.576    -0.06    1.87
 181537.174    70.492    -0.22    1.88
 181908.765    69.659    -2.24    1.80
 182280.314    68.692    -2.60    1.75
 182651.821    67.778    -2.46    1.85
 183023.286    66.809    -2.61    1.73
 183394.708    65.876    -2.51    1.88
 183766.088    65.246    -1.70    1.70
 184137.427    64.697    -1.48    1.42
 184508.723    64.176    -1.40    1.35
 184879.977    64.072    -0.28    1.12
 185251.189    63.588    -1.30    1.32
 185622.359    63.039    -1.48    1.56
 185993.488    62.709    -0.89    1.42
 186364.574    62.439    -0.73    1.32
 186735.618    62.283    -0.42    1.43
 187106.620    62.436     0.41    1.23
 187477.580    62.433    -0.01    1.35
 187848.498    62.596     0.44    1.61
 188219.375    63.292     1.88    2.06
 188590.209    64.114     2.21    2.05
 188961.002    64.181     0.18    2.06
 189331.753    64.308     0.34    2.12
 189702.461    65.449     3.08    3.08
 190073.128    66.773     3.57    3.77
 190443.754    68.465     4.56    3.65
 190814.337    69.480     2.74    3.08
 191184.878    69.283    -0.53    2.49
 191555.378    68.232    -2.84    2.67
 191925.836    66.557    -4.52    3.03
 192296.253    65.126    -3.86    2.26
 192666.627    65.042    -0.22    2.52
 193036.960    65.072     0.08    2.62
 193407.251    64.742    -0.89    2.55
 193777.501    64.126    -1.67    2.50
 194147.708    62.892    -3.33    2.49
 194517.875    61.633    -3.40    2.05
 194887.999    60.826    -2.18    1.47
 195258.082    60.426    -1.08    1.18
 195628.123    60.021    -1.09    1.29
 195998.123    59.482    -1.46    1.30
 196368.081    59.557     0.20    1.29
 196737.998    59.471    -0.23    1.30
 197107.873    59.439    -0.09    1.08
 197477.706    59.032    -1.10    1.53
 197854.333    58.442    -1.57    1.58
 198232.608    58.105    -0.89    1.69
 198610.840    57.576    -1.40    1.62
 198989.029    57.469    -0.28    1.40
 199367.174    57.778     0.82    1.20
 199745.275    58.200     1.11    1.17
 200123.333    58.609     1.08    1.28
 200501.347    59.164     1.47    1.29
 200879.318    59.391     0.60    1.17
 201257.246    59.564     0.46    1.23
 201635.130    59.453    -0.29    1.30
 202012.970    59.165    -0.76    1.39
 202390.767    58.950    -0.57    1.15
 202768.521    58.709    -0.64    1.11
 203146.231    58.673    -0.10    1.10
 203523.898    58.811     0.36    1.20
 203901.521    59.176     0.97    1.46
 204279.101    59.927     1.99    2.03
 204656.638    61.236     3.47    2.42
 205034.132    62.092     2.27    2.47
 205411.582    62.842     1.99    2.79
 205788.989    63.775     2.47    3.21
 206166.353    64.488     1.89    3.64
 206543.673    65.385     2.38    4.03
 206920.950    65.995     1.62    4.17
 207298.184    67.442     3.84    4.48
 207675.375    68.978     4.07    4.49
 208052.523    70.909     5.12    5.02
 208429.627    73.670     7.32    4.96
 208806.688    75.036     3.62    4.54
 209183.706    75.726     1.83    3.69
 209560.681    75.012    -1.89    3.17
 209937.613    73.542    -3.90    3.37
 210314.502    71.810    -4.60    3.33
 210691.348    69.842    -5.22    2.63
 211068.151    68.773    -2.84    1.90
 211444.910    69.006     0.62    2.34
 211821.627    70.049     2.77    3.19
 212198.301    71.571     4.04    3.50
 212574.931    73.409     4.88    3.35
 212951.519    75.252     4.89    3.19
 213328.064    76.592     3.56    2.46
 213704.566    77.910     3.50    2.03
 214081.025    78.498     1.56    1.64
 214457.441    78.544     0.12    1.64
 214833.814    77.203    -3.56    2.87
 215210.144    75.368    -4.88    3.47
 215586.431    73.461    -5.07    3.00
 215962.676    72.334    -3.00    2.74
 216338.877    72.318    -0.04    3.10
 216715.036    72.842     1.39    2.97
 217091.152    72.419    -1.13    2.82
 217467.226    71.149    -3.38    2.96
 217843.256    69.386    -4.69    2.73
 218219.244    67.629    -4.67    3.26
 218595.189    65.639    -5.29    3.18
 218971.092    64.317    -3.52    3.13
 219346.951    63.777    -1.44    3.57
 219722.768    62.792    -2.62    4.12
 220098.543    61.232    -4.15    4.84
 220474.274    59.015    -5.90    4.87
 220849.963    55.777    -8.62    4.79
 221225.610    52.963    -7.49    4.22
 221601.214    50.676    -6.09    4.14
 221976.775    48.526    -5.72    3.12
 222352.294    47.164    -3.62    2.76
 222727.770    45.893    -3.38    2.54
 223103.203    44.876    -2.71    2.50
 223478.594    43.375    -4.00    2.03
 223853.943    42.559    -2.17    1.92
 224229.249    41.776    -2.09    1.85
 224604.513    40.972    -2.14    2.37
 224979.734    41.219     0.66    2.51
 225354.913    42.394     3.13    3.27
 225730.049    43.729     3.56    3.68
 226105.143    45.676     5.19    2.86
 226480.194    46.808     3.02    2.77
 226855.203    48.609     4.80    3.38
 227230.170    51.003     6.38    3.49
 227605.095    53.009     5.35    3.41
 227979.977    55.411     6.41    3.23
 228354.816    58.488     8.20    4.25
 228729.614    61.775     8.77    4.63
 229104.369    64.232     6.56    3.90
 229479.082    65.453     3.26    2.67
 229853.753    64.187    -3.38    3.34
 230228.381    61.618    -6.85    4.17
 230602.968    59.588    -5.42    4.40
 230977.512    56.826    -7.37    4.99
 231352.013    53.439    -9.04    5.67
 231726.473    50.292    -8.40    5.39
 232100.891    48.118    -5.81    3.72
 232475.266    47.907    -0.56    2.73
 232849.599    49.486     4.22    3.24
 233223.890    51.292     4.82    2.97
 233598.139    52.536     3.32    2.93
 233972.346    53.909     3.67    3.04
 234346.511    55.639     4.62    3.49
 234720.634    58.101     6.58    3.38
 235094.715    60.154     5.49    3.05
 235468.754    61.913     4.70    2.98
 235842.751    63.744     4.90    3.16
 236216.706    66.059     6.19    3.36
 236590.619    67.893     4.90    3.26
 236964.490    69.249     3.63    1.93
 237338.319    68.859    -1.04    2.05
 237712.106    67.659    -3.21    2.53
 238085.851    66.273    -3.71    2.36
 238459.554    65.351    -2.47    2.13
 238833.216    64.624    -1.94    2.17
 239206.835    64.526    -0.26    2.15
 239580.413    64.232    -0.79    2.17
 239953.949    63.955    -0.74    1.93
 240327.443    64.292     0.90    1.49
 240700.895    64.584     0.78    1.33
 241074.306    64.326    -0.69    1.42
 241447.674    63.605    -1.93    2.21
 241821.001    62.114    -3.99    2.84
 242194.287    60.419    -4.54    2.90
 242567.530    58.700    -4.60    2.67
 242940.732    57.367    -3.57    2.29
