# NaN NaN NaN ;Mean Elev.(m), Avg Gradient(m/km), RMS Gradient(m/km) - SRTM1     
#   22.340  -4.124   8.183 ;Mean Elev.(m), Avg Gradient(m/km), RMS Gradient(m/km) - ASTER GDEM
#   24.158  -3.834   8.334 ;Mean Elev.(m), Avg Gradient(m/km), RMS Gradient(m/km) - GMTED2010 
  7  48.443125  53.085560    28.808    28.780 14 52461.31405995 38.216
  8  48.438740  53.087031    28.459    28.541 12 52496.31406078 26.541
  9  48.436598  53.068124    26.289    25.252  5 52531.31405040 38.917
 11  48.432956  53.095072    28.050    27.986  7 52601.31408063 19.466
 12  48.437064  53.077627   129.502   128.552  9 52636.31404724  1.931
 13  48.434711  53.086340   127.446   127.654  7 52671.31405139  2.606
 14  48.441717  53.080572   128.324   129.250 11 52706.31404891  2.029
 16  48.431078  53.083560    29.747    29.760  4 52776.31402578 34.483
 17  48.438625  53.079871    28.742    28.639 10 52811.31410330 12.195
 18  48.442375  53.084000    28.355    28.296 14 52846.31415768 44.208
 19  48.436697  53.088325    27.998    28.117 11 52881.31419411 44.868
 20  48.435257  53.086790    31.318    29.064  9 52916.31415170 34.869
 21  48.441797  53.065596    28.542    28.607  6 52951.31411614 28.234
 22  48.435072  53.063949    28.495    28.495  2 52986.31413558 26.494
 23  48.435868  53.083155   126.798   126.682  8 53021.31412154  2.789
 24  48.442452  53.075075   131.597   132.419  7 53056.31411244  1.692
 25  48.430745  53.101513    28.651    28.651  2 53091.31414563 33.897
 26  48.449966  53.094376    29.974    29.991  8 53126.31411677 25.969
 27  48.435958  53.092370   122.866   123.166  9 53161.31417978  5.043
 28  48.435379  53.077016    28.920    28.947  7 53196.31418075 34.786
 29  48.441429  53.085386    26.190    26.552 14 53231.31416196 39.632
 31  48.431977  53.082985    29.471    29.136  5 53301.31418325 10.626
 32  48.436704  53.087930    28.454    28.412 11 53336.31415281 36.330
 33  48.431960  53.088555   127.283   127.213  4 53371.31408981  2.256
 34  48.436611  53.072767   131.522   132.790  6 53406.31412819  3.264
 35  48.433673  53.093909   123.986   123.753  8 53441.31411063  2.768
 36  48.434822  53.082991    28.769    28.705  8 53476.31417993 39.890
 38  48.434922  53.094932   122.661   122.708  8 53546.31420859  4.013
 39  48.434219  53.087288    28.701    28.679  7 53581.31418319 10.476
 40  48.431980  53.097816    29.013    28.618  6 53616.31413623 38.372
 41  48.441831  53.085475    29.125    28.939 13 53651.31415266 17.672
 44  48.444896  53.072560   138.774   137.026 10 53756.31401645  0.875
 45  48.437506  53.081359   125.651   129.542 11 53791.31404186  2.233
 46  48.446351  53.074685    28.682    28.660 11 53826.31400380 33.288
 48  48.442019  53.086776    29.000    28.946 13 53896.31411193 19.134
 49  48.432701  53.097583    29.391    29.361  6 53931.31416098 46.589
 50  48.432548  53.095103    30.710    29.096  6 53966.31413777 44.833
 51  48.447327  53.077217    30.596    29.318 13 54001.31410168 19.851
 52  48.441487  53.082287    28.892    28.722 13 54036.31414173 15.152
 54  48.432640  53.096711    28.580    28.612  7 54106.31408542 35.368
 55  48.438108  53.079239   130.187   131.274 10 54141.31406992  1.296
 56  48.434968  53.092561    30.278    28.737  8 54176.31406742 18.134
 57  48.434639  53.075957    29.757    29.760  6 54211.31407756 40.068
 58  48.446017  53.100858    30.396    30.304  3 54246.31410217 35.236
 60  48.443230  53.097510    29.486    29.487  6 54316.31411224 36.265
 61  48.430924  53.083044    26.410    26.132  3 54351.31408245 20.610
 62  48.440560  53.085118    28.634    28.692 14 54386.31405377 15.620
 63  48.433762  53.088242    28.130    28.167  7 54421.31403132 17.633
 64  48.448140  53.090408    28.596    28.524  3 54456.31402537 32.251
 65  48.430258  53.075569   135.612   135.357  3 54491.31403525  0.652
 66  48.437338  53.074776    28.879    28.756  7 54526.31404145 35.552
 67  48.434748  53.091405    28.613    28.648  9 54561.31404045 38.424
 68  48.437872  53.086642    29.800    29.753  8 54596.31403479 29.663
 69  48.439023  53.090912    29.359    29.405 10 54631.31404787 27.730
 70  48.442915  53.100353    29.690    29.722  5 54666.31405210 46.272
 71  48.433102  53.086165    28.253    28.255  6 54701.31402339 29.851
 72  48.442328  53.084283    29.109    28.756 14 54736.31401494 24.854
 73  48.437577  53.089368    27.980    28.599 11 54771.31400367 18.061
 74  48.441753  53.085633    29.099    28.956 14 54806.31400848 17.106
 75  48.435635  53.082584   133.369   130.845  9 54841.31400054  2.155
 76  48.438070  53.084186   130.050   128.653 11 54876.31401031  2.177
 77  48.434402  53.095235    32.844    33.094  8 54911.31400365 14.739
 78  48.439748  53.086562    28.993    29.135 13 54946.31400209 20.759
 79  48.438533  53.091108    28.969    28.963 10 54981.31402748 24.694
 80  48.431791  53.074866    28.408    28.419  4 55016.31403187 36.805
 81  48.432812  53.076185    27.942    27.858  5 55051.31402606 26.872
 82  48.434055  53.094857   124.161   123.759  8 55086.31398764  3.252
 83  48.444664  53.088694    36.903    37.094 11 55121.31395775 16.600
 84  48.431302  53.083082    98.705   122.508  3 55156.31395022 12.889
 85  48.437402  53.075491   132.111   133.534  8 55191.31394970  2.354
 86  48.436278  53.091471   125.679   125.666  9 55226.31394918  2.251
 87  48.438779  53.085001   128.420   128.278 13 55261.31394373  2.914
 88  48.435793  53.093294    29.041    29.025  9 55296.31393364 30.890
 89  48.437138  53.089821    29.451    29.478 10 55331.31392306 24.012
 90  48.437155  53.090052    31.614    29.339 11 55366.31391624 17.165
 91  48.449041  53.099134    29.345    29.553  5 55401.31392713 46.063
 92  48.438313  53.087962    28.335    28.323 11 55436.31393362 38.605
 93  48.433841  53.093364   124.904   124.805  8 55471.31388457  4.332
