-206475.501   131.120     0.00   18.61
-206097.264   127.279   -10.16   20.38
-205719.073   120.615   -17.62   23.09
-205340.926   115.871   -12.55   20.29
-204962.823   120.079    11.13   23.41
-204584.766   133.297    34.97   24.15
-204206.752   147.114    36.56   21.67
-203828.784   156.249    24.17   22.58
-203450.860   162.658    16.96   20.80
-203072.980   168.444    15.32   16.04
-202695.145   167.133    -3.47   16.13
-202317.354   156.572   -27.96   20.95
-201939.608   147.330   -24.47   18.58
-201561.906   145.286    -5.41   15.30
-201184.249   152.132    18.13   16.12
-200806.636   161.549    24.94   14.13
-200429.067   170.133    22.74   11.38
-200051.543   178.666    22.61   13.00
-199674.063   187.346    23.00   14.39
-199296.628   196.569    24.44   12.96
-198919.237   204.603    21.29   10.22
-198541.890   206.908     6.11    8.52
-198164.587   201.915   -13.23   12.47
-197787.329   195.053   -18.19   14.45
-197410.115   189.002   -16.05   13.64
-197032.945   185.199   -10.08   12.34
-196655.819   182.166    -8.04   12.24
-196278.738   179.962    -5.85   10.47
-195901.701   177.854    -5.59    7.95
-195524.708   177.527    -0.87    5.21
-195147.759   177.456    -0.19    4.09
-194770.854   174.248    -8.51    6.31
-194393.993   169.690   -12.10    8.36
-194017.177   163.349   -16.83    8.85
-193640.404   158.999   -11.55    9.55
-193263.676   157.795    -3.20   10.06
-192886.992   158.492     1.85    9.36
-192510.351   159.330     2.22    7.54
-192133.755   155.803    -9.37    9.54
-191757.203   148.505   -19.39   13.03
-191380.695   136.576   -31.69   16.08
-191004.230   125.936   -28.27   18.08
-190627.810   118.690   -19.25   19.31
-190251.433   115.182    -9.32   20.68
-189875.101   112.747    -6.47   20.20
-189498.812   108.992    -9.98   19.89
-189122.567    96.805   -32.40   22.15
-188746.366    80.369   -43.70   19.71
-188370.209    66.665   -36.44   17.68
-187994.096    52.494   -37.69   16.14
-187618.027    42.444   -26.73   12.42
-187242.001    36.131   -16.79    8.41
-186866.019    34.657    -3.92    9.04
-186490.081    35.526     2.31    9.89
-186114.187    40.492    13.21   12.79
-185738.336    48.069    20.16   15.59
-185362.529    51.741     9.77   16.42
-184986.766    51.404    -0.90   16.67
-184611.047    44.882   -17.36   17.49
-184235.371    33.049   -31.50   18.06
-183859.738    21.055   -31.94   17.08
-183484.150    13.097   -21.19   14.35
-183108.605     7.674   -14.44   11.09
-182733.104     3.217   -11.87    7.02
-182357.646     1.395    -4.85    3.37
-181982.232     1.046    -0.93    3.08
-181606.861     0.582    -1.24    2.76
-181231.534    -0.335    -2.44    1.55
-180856.250    -0.179     0.42    1.70
-180481.010     0.499     1.81    2.51
-180105.813     0.623     0.33    2.56
-179730.660     0.424    -0.53    2.47
-179355.550    -0.064    -1.30    2.25
-178980.484    -0.818    -2.01    0.00
-178605.461    -0.801     0.05    0.13
-178230.481     0.452     3.34    2.96
-177855.545     1.999     4.13    3.94
-177480.653     2.799     2.13    3.99
-177105.803     2.985     0.50    3.89
-176730.997     2.117    -2.32    3.41
-176356.234     1.248    -2.32    2.87
-175981.515     0.915    -0.89    2.82
-175606.839     0.576    -0.91    2.59
-175232.206     0.410    -0.44    2.49
-174857.616     0.069    -0.91    2.06
-174483.069     0.470     1.07    2.92
-174108.566     1.754     3.43    3.88
-173734.106     2.332     1.55    3.81
-173359.689     3.382     2.80    3.98
-172985.316     3.972     1.58    4.22
-172610.985     2.482    -3.98    3.97
-172236.698     2.349    -0.36    4.39
-171862.453     2.303    -0.12    4.26
-171488.252     2.526     0.60    3.88
-171114.094     3.372     2.26    4.19
-170739.979     3.465     0.25    4.34
-170365.907     3.665     0.53    4.50
-169991.878     3.357    -0.83    4.27
-169617.892     3.018    -0.91    4.07
-169243.949     3.313     0.79    3.74
-168870.049     3.424     0.30    3.12
-168496.192     3.521     0.26    2.90
-168122.378     2.565    -2.56    2.98
-167748.607     2.010    -1.49    2.89
-167374.879     1.821    -0.50    3.56
-167001.193     1.286    -1.43    3.25
-166627.551     1.199    -0.23    3.06
-166253.952     1.099    -0.27    3.02
-165880.395     1.424     0.87    3.04
-165506.881     1.657     0.63    2.82
-165133.410     1.815     0.42    2.74
-164759.982     1.436    -1.02    2.46
-164386.596     1.487     0.14    2.38
-164013.254     1.313    -0.47    2.27
-163639.954     1.596     0.76    2.36
-163266.697     1.707     0.30    2.47
-162893.482     1.458    -0.67    2.59
-162520.311     1.487     0.08    3.13
-162147.182     1.282    -0.55    3.55
-161774.095     1.166    -0.31    3.73
-161401.052     0.665    -1.34    3.34
-161028.051     0.805     0.37    3.32
-160655.092     1.706     2.42    4.09
-160282.177     2.606     2.41    4.50
-159909.304     2.999     1.05    4.69
-159536.473     3.200     0.54    4.85
-159163.685     3.772     1.54    4.77
-158790.939     3.682    -0.24    4.19
-158418.237     4.015     0.89    3.08
-158045.576     4.487     1.27    2.39
-157672.958     3.763    -1.94    1.92
-157300.383     2.996    -2.06    2.10
-156927.850     3.772     2.08    2.98
-156555.359     5.214     3.87    3.41
-156182.911     6.499     3.45    2.93
-155810.506     7.657     3.11    1.74
-155438.142     8.165     1.37    2.39
-155065.821     8.543     1.01    2.78
-154693.543     8.372    -0.46    3.23
-154321.307     7.799    -1.54    3.42
-153949.113     6.761    -2.79    3.14
-153576.962     6.311    -1.21    2.77
-153204.852     5.741    -1.53    2.94
-152832.786     5.789     0.13    3.05
-152460.761     5.264    -1.41    3.34
-152088.779     4.084    -3.17    3.57
-151716.839     4.615     1.43    4.93
-151344.941     6.249     4.39    6.38
-150973.085     9.408     8.50    6.84
-150601.272    12.335     7.87    6.02
-150229.500    14.989     7.14    3.89
-149857.771    16.271     3.45    1.44
-149486.084    16.815     1.46    1.35
-149114.440    17.267     1.21    1.26
-148742.837    17.779     1.38    1.21
-148371.276    18.015     0.64    1.26
-147999.758    18.555     1.45    1.39
-147628.282    19.249     1.87    1.45
-147256.847    19.953     1.90    1.55
-146885.455    20.649     1.87    1.28
-146514.105    21.267     1.66    1.34
-146142.796    21.892     1.68    1.23
-145771.530    22.352     1.24    1.10
-145400.306    22.854     1.35    1.15
-145029.123    23.682     2.23    1.45
-144657.983    24.707     2.76    1.68
-144286.885    25.906     3.23    2.11
-143915.828    27.615     4.61    2.50
-143544.813    28.911     3.49    2.39
-143173.841    29.859     2.56    2.09
-142802.910    30.532     1.81    1.53
-142432.021    30.732     0.54    1.27
-142061.173    30.805     0.20    1.07
-141690.368    31.199     1.06    1.44
-141319.604    31.815     1.66    1.54
-140948.883    32.365     1.48    1.56
-140578.203    32.956     1.59    1.43
-140207.564    32.860    -0.26    1.36
-139836.968    33.049     0.51    1.24
-139466.413    33.504     1.23    1.01
-139095.900    33.608     0.28    0.94
-138725.429    33.682     0.20    0.97
-138354.999    33.601    -0.22    1.08
-137984.611    33.849     0.67    1.26
-137614.264    34.267     1.13    1.41
-137243.960    34.809     1.46    1.36
-136873.697    35.690     2.38    1.92
-136503.475    37.521     4.95    3.29
-136133.295    39.385     5.04    3.73
-135763.157    40.965     4.27    3.51
-135393.060    41.903     2.53    3.30
-135023.005    42.749     2.28    3.60
-134652.991    44.131     3.74    4.28
-134283.019    45.569     3.89    4.76
-133909.418    47.200     4.36    4.59
-133531.005    48.854     4.37    5.09
-133152.635    51.751     7.66    5.40
-132774.309    54.515     7.31    5.83
-132396.026    57.231     7.18    5.06
-132017.787    58.182     2.51    3.66
-131639.591    55.972    -5.84    5.69
-131261.439    51.958   -10.62    7.76
-130883.330    47.657   -11.38    6.78
-130505.265    45.112    -6.73    4.58
-130127.243    45.618     1.34    3.70
-129749.265    48.249     6.96    2.66
-129371.330    50.046     4.76    2.90
-128993.438    51.618     4.16    2.58
-128615.590    53.097     3.92    2.28
-128237.785    54.313     3.22    2.25
-127860.023    55.130     2.16    3.07
-127482.305    56.494     3.61    3.83
-127104.630    57.707     3.21    4.14
-126726.999    58.640     2.47    3.64
-126349.410    59.085     1.18    3.71
-125971.865    58.250    -2.21    3.67
-125594.363    57.369    -2.33    3.66
-125216.905    56.638    -1.94    3.86
-124839.489    56.133    -1.34    3.82
-124462.117    55.555    -1.53    3.63
-124084.788    54.860    -1.84    3.06
-123707.502    54.067    -2.10    2.64
-123330.260    52.809    -3.34    2.34
-122953.060    51.453    -3.60    2.08
-122575.904    50.487    -2.56    1.92
-122198.790    49.494    -2.64    1.82
-121821.720    48.803    -1.83    1.83
-121444.693    48.165    -1.69    1.63
-121067.709    47.962    -0.54    1.54
-120690.767    48.215     0.67    1.47
-120313.869    48.216     0.00    1.41
-119937.014    48.065    -0.40    1.61
-119560.202    47.376    -1.83    1.90
-119183.433    45.803    -4.18    2.57
-118806.707    44.641    -3.08    2.65
-118430.023    43.779    -2.29    2.73
-118053.383    43.569    -0.56    2.90
-117676.785    43.837     0.71    3.05
-117300.231    43.615    -0.59    3.09
-116923.719    43.658     0.11    2.84
-116547.250    43.114    -1.45    2.50
-116170.824    42.515    -1.59    2.40
-115794.441    42.146    -0.98    2.51
-115418.101    42.505     0.95    2.52
-115041.803    43.734     3.27    1.84
-114665.548    43.599    -0.36    1.81
-114289.336    42.149    -3.85    2.87
-113913.167    41.002    -3.05    3.17
-113537.040    39.613    -3.69    2.96
-113160.956    39.270    -0.91    2.86
-112784.915    39.827     1.48    2.99
-112408.917    41.236     3.75    2.38
-112032.961    41.698     1.23    1.71
-111657.048    41.640    -0.16    2.03
-111281.177    41.013    -1.67    2.26
-110905.349    40.346    -1.77    2.50
-110529.564    40.215    -0.35    2.41
-110153.821    41.313     2.92    2.32
-109778.120    42.555     3.31    2.30
-109402.463    43.707     3.07    1.71
-109026.848    44.468     2.03    1.40
-108651.275    44.792     0.86    1.23
-108275.745    45.097     0.81    1.10
-107900.257    45.119     0.06    1.03
-107524.812    45.198     0.21    0.94
-107149.409    45.234     0.09    0.94
-106774.049    45.537     0.81    0.96
-106398.731    45.717     0.48    0.96
-106023.456    45.915     0.53    0.90
-105648.222    46.010     0.25    0.90
-105273.032    45.936    -0.20    0.99
-104897.883    45.013    -2.46    1.75
-104522.777    43.606    -3.75    2.29
-104147.714    42.002    -4.28    2.49
-103772.692    40.402    -4.27    2.09
-103397.713    38.826    -4.20    1.90
-103022.776    37.352    -3.93    2.28
-102647.882    35.723    -4.34    2.53
-102273.029    34.217    -4.02    2.58
-101898.219    32.949    -3.38    2.11
-101523.452    32.112    -2.23    2.13
-101148.726    31.815    -0.79    2.46
-100774.042    30.992    -2.20    2.74
-100399.401    29.877    -2.98    3.61
-100024.802    28.053    -4.87    4.19
 -99650.245    25.734    -6.19    4.11
 -99275.730    23.699    -5.43    2.76
 -98901.257    22.478    -3.26    1.82
 -98526.826    21.965    -1.37    1.47
 -98152.438    21.648    -0.85    1.38
 -97778.091    21.101    -1.46    1.64
 -97403.787    19.741    -3.63    2.51
 -97029.524    16.928    -7.52    5.47
 -96655.304    11.482   -14.55    8.46
 -96281.125     6.264   -13.95    8.15
 -95906.989     1.423   -12.94    5.11
 -95532.894    -0.785    -5.90    0.26
 -95158.841    -0.818    -0.09    0.00
 -94784.831    -0.818     0.00    0.00
 -94410.862    -0.818     0.00    0.00
 -94036.935    -0.818     0.00    0.00
 -93663.050    -0.818     0.00    0.00
 -93289.207    -0.818     0.00    0.00
 -92915.406    -0.818     0.00    0.00
 -92541.646    -0.818     0.00    0.00
 -92167.929    -0.818     0.00    0.00
 -91794.253    -0.818     0.00    0.00
 -91420.619    -0.818     0.00    0.00
 -91047.027    -0.818     0.00    0.00
 -90673.476    -0.818     0.00    0.00
 -90299.967    -0.818     0.00    0.00
 -89926.500    -0.818     0.00    0.00
 -89553.075    -0.818     0.00    0.00
 -89179.692    -0.818     0.00    0.00
 -88806.350    -0.818     0.00    0.00
 -88433.049    -0.818     0.00    0.00
 -88059.791    -0.818     0.00    0.00
 -87686.574    -0.818     0.00    0.00
 -87313.399    -0.818     0.00    0.00
 -86940.265    -0.818     0.00    0.00
 -86567.173    -0.818     0.00    0.00
 -86194.122    -0.818     0.00    0.00
 -85821.113     1.792     7.00    9.09
 -85448.146    10.572    23.54   21.62
 -85075.220    31.691    56.63   40.52
 -84702.335    59.453    74.46   50.34
 -84329.493    95.402    96.43   47.19
 -83956.691   125.315    80.25   34.56
 -83583.931   147.461    59.41   16.36
 -83211.213   153.234    15.49    3.19
 -82838.536   150.362    -7.71    5.44
 -82465.900   146.273   -10.98    6.41
 -82093.306   139.657   -17.76    8.95
 -81720.753   130.286   -25.16   12.74
 -81348.241   117.494   -34.34   18.17
 -80975.771    99.979   -47.03   19.63
 -80603.342    85.318   -39.37   17.94
 -80230.955    71.915   -35.99   11.86
 -79858.609    66.739   -13.90    7.88
 -79486.304    68.165     3.83   10.62
 -79114.040    73.199    13.52   12.96
 -78741.818    79.608    17.22   10.29
 -78369.637    84.432    12.96    6.88
 -77997.497    83.999    -1.16    6.78
 -77625.399    81.561    -6.55    7.88
 -77253.341    79.666    -5.09    9.05
 -76881.325    79.843     0.48   10.52
 -76509.350    81.113     3.41   10.97
 -76137.416    80.789    -0.87   10.08
 -75765.524    74.233   -17.63   15.99
 -75393.672    61.751   -33.57   22.68
 -75021.862    47.182   -39.19   24.03
 -74650.092    35.408   -31.67   17.71
 -74278.364    29.786   -15.13   11.70
 -73906.677    29.899     0.30   10.86
 -73535.031    32.034     5.75    7.98
 -73163.426    28.749    -8.84    8.03
 -72791.862    21.415   -19.74    8.36
 -72420.339    14.311   -19.12    9.88
 -72048.857     6.982   -19.73    8.24
 -71677.416     2.561   -11.90    5.71
 -71306.016    -0.276    -7.64    2.14
 -70934.656    -0.818    -1.46    0.00
 -70563.338    -0.818     0.00    0.00
 -70192.061    -0.818     0.00    0.00
 -69820.824    -0.818     0.00    0.00
 -69449.629    -0.818     0.00    0.00
 -69078.474    -0.818     0.00    0.00
 -68707.361    -0.818     0.00    0.00
 -68336.288    -0.818     0.00    0.00
 -67965.256    -0.818     0.00    0.00
 -67594.264    -0.818     0.00    0.00
 -67223.314    -0.818     0.00    0.00
 -66852.404    -0.818     0.00    0.00
 -66481.535    -0.818     0.00    0.00
 -66110.707    -0.818     0.00    0.00
 -65739.920    -0.818     0.00    0.00
 -65369.173    -0.818     0.00    0.00
 -64998.467    -0.818     0.00    0.00
 -64627.802    -0.818     0.00    0.00
 -64257.177    -0.818     0.00    0.00
 -63886.593    -0.818     0.00    0.00
 -63516.050    -0.818     0.00    0.00
 -63145.547    -0.818     0.00    0.00
 -62775.085    -0.818     0.00    0.00
 -62404.664    -0.818     0.00    0.00
 -62034.283    -0.818     0.00    0.00
 -61663.943    -0.714     0.28    0.79
 -61293.643    -0.167     1.48    1.92
 -60923.384     0.352     1.40    2.46
 -60553.165     1.010     1.78    2.80
 -60182.987     1.749     2.00    2.71
 -59812.849     2.335     1.58    2.37
 -59442.752     2.877     1.47    1.93
 -59069.865     3.267     1.05    1.83
 -58691.544     3.838     1.51    1.48
 -58313.265     4.148     0.82    1.46
 -57935.029     4.369     0.58    1.46
 -57556.835     4.080    -0.76    1.62
 -57178.684     4.049    -0.08    1.57
 -56800.575     4.337     0.76    1.62
 -56422.509     4.487     0.40    1.69
 -56044.485     4.625     0.36    1.58
 -55666.503     4.664     0.10    1.43
 -55288.563     7.015     6.22    7.87
 -54910.666    13.480    17.11   14.38
 -54532.811    19.889    16.96   16.04
 -54154.998    29.436    25.27   15.79
 -53777.228    36.775    19.43   12.60
 -53399.500    43.625    18.13    6.27
 -53021.814    46.968     8.85    5.90
 -52644.170    49.117     5.69    5.12
 -52266.569    50.445     3.52    4.26
 -51889.009    51.216     2.04    4.11
 -51511.492    51.538     0.85    4.66
 -51134.017    52.182     1.71    4.81
 -50756.584    53.441     3.33    4.54
 -50379.193    53.579     0.37    3.90
 -50001.844    51.985    -4.22    3.97
 -49624.538    49.743    -5.94    6.01
 -49247.273    45.613   -10.95    7.93
 -48870.051    42.945    -7.07    7.52
 -48492.870    41.487    -3.86    6.14
 -48115.732    41.751     0.70    4.31
 -47738.635    43.080     3.53    2.47
 -47361.581    43.821     1.97    1.92
 -46984.568    43.441    -1.01    2.06
 -46607.597    41.832    -4.27    2.60
 -46230.669    39.699    -5.66    2.77
 -45853.782    38.352    -3.58    2.49
 -45476.937    38.044    -0.82    2.37
 -45100.134    38.284     0.64    2.38
 -44723.373    38.133    -0.40    2.57
 -44346.654    36.814    -3.50    3.73
 -43969.977    34.538    -6.04    4.40
 -43593.341    33.432    -2.94    4.58
 -43216.748    34.475     2.77    5.38
 -42840.196    36.032     4.13    5.56
 -42463.686    37.985     5.19    4.45
 -42087.218    40.268     6.06    3.49
 -41710.791    41.717     3.85    3.62
 -41334.406    41.657    -0.16    3.68
 -40958.063    36.504   -13.70   12.13
 -40581.762    25.837   -28.35   19.06
 -40205.502    14.061   -31.30   18.52
 -39829.284     4.690   -24.91   12.08
 -39453.108    -0.818   -14.64    0.00
 -39076.973    -0.818     0.00    0.00
 -38700.880    -0.818     0.00    0.00
 -38324.828    -0.818     0.00    0.00
 -37948.818    -0.818     0.00    0.00
 -37572.850    -0.818     0.00    0.00
 -37196.924    -0.818     0.00    0.00
 -36821.038    -0.818     0.00    0.00
 -36445.195    -0.818     0.00    0.00
 -36069.393    -0.818     0.00    0.00
 -35693.632    -0.818     0.00    0.00
 -35317.913    -0.818     0.00    0.00
 -34942.235    -0.818     0.00    0.00
 -34566.599    -0.818     0.00    0.00
 -34191.004     3.042    10.28   14.33
 -33815.451    19.297    43.28   34.23
 -33439.939    44.217    66.36   43.91
 -33064.469    71.527    72.74   40.19
 -32689.040    96.264    65.89   19.98
 -32313.652   103.148    18.34   10.44
 -31938.306   104.217     2.85    9.57
 -31563.001   104.343     0.33   13.31
 -31187.737   119.149    39.46   25.71
 -30812.515   137.164    48.01   31.80
 -30437.334   155.641    49.25   29.66
 -30062.194   169.555    37.09   19.58
 -29687.095   168.182    -3.66   17.04
 -29312.038   156.182   -32.00   18.43
 -28937.022   144.741   -30.51   15.99
 -28562.047   133.579   -29.77   11.89
 -28187.113   125.682   -21.06    9.27
 -27812.221   119.280   -17.08    9.27
 -27437.370   115.165   -10.98    8.62
 -27062.560   114.761    -1.08    8.06
 -26687.791   116.131     3.66    8.42
 -26313.063   118.049     5.12    6.40
 -25938.376   115.992    -5.49    7.45
 -25563.730   109.504   -17.32   10.97
 -25189.126    99.053   -27.90   13.02
 -24814.562    90.129   -23.82   12.22
 -24440.040    83.999   -16.37    9.11
 -24065.558    82.793    -3.22    9.12
 -23691.118    84.115     3.53    9.20
 -23316.719    83.044    -2.86    9.80
 -22942.360    75.547   -20.03   14.35
 -22568.043    61.809   -36.70   15.62
 -22193.766    49.665   -32.45   13.90
 -21819.531    42.465   -19.24    8.37
 -21445.336    44.544     5.56   11.50
 -21071.183    55.235    28.57   18.01
 -20697.070    72.146    45.21   17.98
 -20322.998    88.231    43.00   17.75
 -19948.967   102.480    38.10   14.02
 -19574.977   112.165    25.90   11.29
 -19201.028   117.385    13.96    7.86
 -18827.119   116.372    -2.71    9.03
 -18453.252   109.561   -18.22   13.35
 -18079.425   107.674    -5.05   15.45
 -17705.639   112.521    12.97   18.93
 -17331.893   120.148    20.41   18.06
 -16958.189   126.117    15.97   10.50
 -16584.525   122.200   -10.48   15.12
 -16210.902   109.307   -34.51   19.19
 -15837.320    94.320   -40.12   20.61
 -15463.778    81.444   -34.47   18.19
 -15090.277    67.217   -38.09   14.80
 -14716.816    57.315   -26.51   13.27
 -14343.397    46.420   -29.18   14.29
 -13970.018    37.268   -24.51   14.89
 -13596.679    27.352   -26.56   15.14
 -13223.381    19.682   -20.55   11.94
 -12850.124    16.233    -9.24    9.92
 -12476.907    16.879     1.73   12.10
 -12103.731    22.297    14.52   15.70
 -11730.596    33.268    29.40   15.91
 -11357.501    41.665    22.51   14.36
 -10984.446    47.385    15.33   15.06
 -10611.432    49.657     6.09   18.57
 -10238.459    45.441   -11.30   21.84
  -9865.525    38.096   -19.69   23.57
  -9492.633    34.854    -8.69   21.27
  -9119.781    36.146     3.47   26.86
  -8746.969    45.250    24.42   35.00
  -8374.198    54.386    24.51   37.39
  -8001.467    48.182   -16.64   38.24
  -7628.776    44.320   -10.36   40.94
  -7256.126    38.547   -15.49   40.00
  -6883.516    37.114    -3.85   41.91
  -6510.946    36.923    -0.51   41.02
  -6138.417    27.887   -24.26   37.11
  -5765.928    22.674   -14.00   32.85
  -5393.480    14.165   -22.85   24.52
  -5021.072    11.782    -6.40   25.95
  -4648.703     8.756    -8.13   21.64
  -4276.376     3.557   -13.96   13.41
  -3904.088     0.515    -8.17    4.59
  -3531.841    -0.450    -2.59    1.61
  -3159.634    -0.818    -0.99    0.00
  -2787.467    -0.818     0.00    0.00
  -2415.340    -0.818     0.00    0.00
  -2043.253    -0.818     0.00    0.00
  -1671.207    -0.818     0.00    0.00
  -1299.201    -0.818     0.00    0.00
   -927.235    -0.818     0.00    0.00
   -555.308    -0.818     0.00    0.00
   -183.422    -0.818     0.00    0.00
    188.423    -0.818     0.00    0.00
    560.229    -0.818     0.00    0.00
    931.995    -0.818     0.00    0.00
   1303.721    -0.818     0.00    0.00
   1675.407    -0.818     0.00    0.00
   2047.052    -0.818     0.00    0.00
   2418.658    -0.818     0.00    0.00
   2790.224    -0.818     0.00    0.00
   3161.750    -0.818     0.00    0.00
   3533.236    -0.818     0.00    0.00
   3904.682    -0.818     0.00    0.00
   4276.088    -0.818     0.00    0.00
   4647.454    -0.818     0.00    0.00
   5018.780    -0.485     0.90    1.53
   5390.066     0.024     1.37    2.78
   5761.313     0.543     1.40    3.44
   6132.520     0.945     1.08    3.70
   6503.686     1.372     1.15    4.14
   6874.813     2.385     2.73    4.65
   7245.901     3.606     3.29    5.06
   7616.948     5.010     3.78    5.09
   7987.956     6.335     3.57    4.93
   8358.924     7.953     4.36    4.17
   8729.852     9.147     3.22    2.82
   9100.740    10.148     2.70    0.79
   9471.589    10.164     0.04    0.84
   9842.398    10.318     0.42    0.86
  10213.167    10.287    -0.08    0.86
  10583.897    10.362     0.20    0.81
  10954.587    10.751     1.05    1.09
  11325.237    11.199     1.21    1.74
  11695.848    11.877     1.83    2.39
  12066.419    12.854     2.64    3.14
  12436.951    14.699     4.98    4.03
  12807.442    16.385     4.55    4.39
  13177.895    18.815     6.56    4.26
  13548.308    20.726     5.16    3.70
  13918.681    22.532     4.88    2.60
  14289.015    23.600     2.88    1.56
  14659.309    24.044     1.20    1.05
  15029.563    23.932    -0.30    1.07
  15399.779    23.782    -0.41    1.01
  15772.043    23.638    -0.39    1.05
  16150.278    23.630    -0.02    1.06
  16528.471    24.349     1.90    1.57
  16906.622    25.354     2.66    2.02
  17284.733    26.623     3.35    1.81
  17662.802    27.571     2.51    1.20
  18040.830    27.865     0.78    1.13
  18418.817    28.059     0.51    1.13
  18796.762    28.198     0.37    1.13
  19174.666    28.147    -0.13    1.15
  19552.529    28.094    -0.14    1.07
  19930.351    27.707    -1.03    1.10
  20308.131    27.303    -1.07    1.13
  20685.870    26.699    -1.60    1.35
  21063.569    26.200    -1.32    1.42
  21441.226    25.280    -2.43    1.66
  21818.842    23.630    -4.37    2.58
  22196.416    22.623    -2.67    2.82
  22573.950    21.903    -1.91    2.53
  22951.443    22.024     0.32    2.33
  23328.894    22.402     1.00    1.69
  23706.305    22.941     1.43    0.95
  24083.674    23.322     1.01    0.93
  24461.002    24.268     2.51    1.65
  24838.290    25.482     3.22    1.69
  25215.536    26.375     2.37    1.36
  25592.741    26.820     1.18    0.87
  25969.906    26.510    -0.82    1.06
  26347.029    25.879    -1.67    1.40
  26724.112    25.268    -1.62    1.72
  27101.153    24.726    -1.44    1.65
  27478.154    24.337    -1.03    1.52
  27855.114    24.527     0.50    1.52
  28232.033    24.691     0.43    1.19
  28608.911    24.632    -0.16    0.87
  28985.748    24.789     0.42    0.98
  29362.545    25.232     1.18    1.55
  29739.300    26.146     2.43    2.17
  30116.015    27.372     3.25    2.09
  30492.689    28.402     2.74    1.47
  30869.322    28.741     0.90    1.12
  31245.915    28.423    -0.84    1.22
  31622.466    27.992    -1.14    1.25
  31998.977    27.428    -1.50    1.32
  32375.448    26.914    -1.36    1.26
  32751.877    26.215    -1.86    1.38
  33128.266    25.287    -2.47    1.16
  33504.614    24.656    -1.68    1.18
  33880.922    23.923    -1.95    1.09
  34257.189    23.287    -1.69    1.10
  34633.415    23.010    -0.74    1.06
  35009.601    22.709    -0.80    0.94
  35385.746    22.690    -0.05    0.83
  35761.850    22.796     0.28    0.84
  36137.914    23.358     1.49    1.21
  36513.938    24.097     1.97    1.42
  36889.921    24.975     2.33    1.33
  37265.863    25.761     2.09    0.75
  37641.765    25.889     0.34    0.79
  38017.626    26.149     0.69    0.86
  38393.447    26.700     1.47    1.21
  38769.227    27.515     2.17    1.46
  39144.967    28.665     3.06    1.73
  39520.667    29.803     3.03    1.78
  39896.326    30.369     1.51    1.40
  40271.945    30.097    -0.72    1.42
  40647.523    29.621    -1.27    1.36
  41023.061    28.975    -1.72    1.20
  41398.558    28.449    -1.40    1.21
  41774.016    28.093    -0.95    1.25
  42149.432    27.549    -1.45    1.25
  42524.809    27.094    -1.21    1.38
  42900.145    26.796    -0.79    1.31
  43275.441    26.854     0.16    1.38
  43650.697    27.030     0.47    1.53
  44025.912    27.603     1.53    1.56
  44401.088    28.113     1.36    1.34
  44776.223    28.461     0.93    1.08
  45151.317    28.764     0.81    0.83
  45526.372    28.860     0.26    0.82
  45901.386    28.761    -0.26    0.82
  46276.361    28.820     0.16    0.93
  46651.295    28.743    -0.20    1.09
  47026.189    28.596    -0.39    1.17
  47401.042    28.441    -0.41    1.07
  47775.856    28.024    -1.11    1.07
  48150.630    27.657    -0.98    0.99
  48525.363    27.396    -0.70    0.89
  48900.057    27.024    -0.99    0.94
  49274.710    26.423    -1.60    1.14
  49649.323    25.854    -1.52    1.28
  50023.897    25.165    -1.84    1.15
  50398.430    24.691    -1.27    1.02
  50772.923    24.286    -1.08    0.87
  51147.376    23.975    -0.83    1.04
  51521.790    23.877    -0.26    1.12
  51896.163    23.812    -0.17    1.10
  52270.497    23.575    -0.63    1.12
  52644.790    23.096    -1.28    1.37
  53019.044    22.399    -1.86    1.40
  53393.257    21.699    -1.87    1.17
  53767.431    21.303    -1.06    1.17
  54141.565    20.815    -1.30    0.99
  54515.659    20.901     0.23    0.96
  54889.714    21.082     0.48    1.05
  55263.728    21.293     0.56    1.02
  55637.703    21.568     0.73    0.84
  56011.638    21.630     0.17    0.82
  56385.533    21.723     0.25    0.79
  56759.388    21.656    -0.18    0.89
  57133.203    21.699     0.12    0.86
  57506.979    21.832     0.36    0.80
  57880.715    22.094     0.70    1.02
  58254.412    22.734     1.71    1.30
  58628.068    23.382     1.73    1.18
  59001.685    24.030     1.73    1.05
  59375.263    24.309     0.75    0.96
  59748.800    24.739     1.15    1.04
  60122.298    25.147     1.09    1.00
  60495.757    25.393     0.66    0.96
  60869.176    25.657     0.71    1.18
  61242.555    25.596    -0.16    1.31
  61615.894    25.393    -0.54    1.41
  61989.195    24.861    -1.42    1.38
  62362.455    24.149    -1.91    1.53
  62735.676    23.307    -2.26    1.28
  63108.857    22.849    -1.23    1.28
  63481.999    22.638    -0.56    1.32
  63855.102    22.410    -0.61    1.21
  64228.165    22.369    -0.11    1.27
  64601.188    22.441     0.19    1.26
  64974.172    22.234    -0.55    1.26
  65347.117    22.301     0.18    1.23
  65720.022    22.199    -0.27    1.09
  66092.888    22.059    -0.37    1.07
  66465.714    22.402     0.92    1.27
  66838.501    22.571     0.45    1.22
  67211.249    22.646     0.20    1.21
  67583.957    22.361    -0.77    1.06
  67956.626    22.313    -0.13    1.12
  68329.255    22.414     0.27    1.14
  68701.845    22.717     0.81    1.29
  69074.396    23.065     0.94    1.24
  69446.908    23.343     0.74    1.19
  69819.380    23.751     1.10    1.16
  70191.814    24.037     0.77    1.25
  70564.207    24.024    -0.03    1.31
  70936.562    24.254     0.62    1.35
  71308.878    24.382     0.35    1.48
  71681.154    24.358    -0.07    1.38
  72053.391    24.389     0.08    1.28
  72425.589    24.423     0.09    1.27
  72797.747    24.235    -0.51    1.11
  73169.867    24.475     0.65    1.12
  73541.947    24.786     0.83    1.30
  73913.989    24.849     0.17    1.34
  74285.991    24.718    -0.35    1.21
  74657.954    24.772     0.15    1.19
  75029.878    24.928     0.42    1.14
  75401.763    25.114     0.50    1.10
  75773.609    24.982    -0.36    1.03
  76145.416    24.884    -0.26    1.00
  76517.184    24.896     0.03    1.02
  76888.913    24.859    -0.10    0.97
  77260.603    25.270     1.10    0.81
  77632.254    25.533     0.71    0.86
  78003.866    25.953     1.13    1.07
  78375.438    26.271     0.86    1.00
  78746.973    26.638     0.99    0.96
  79118.468    26.800     0.44    0.99
  79489.924    26.726    -0.20    1.02
  79861.341    26.928     0.54    1.19
  80232.720    26.821    -0.29    1.28
  80604.059    26.726    -0.26    1.24
  80975.360    26.779     0.14    1.16
  81346.622    26.498    -0.76    1.09
  81717.845    26.165    -0.90    1.12
  82089.029    25.884    -0.76    0.96
  82460.175    25.717    -0.45    0.86
  82831.281    25.596    -0.33    0.84
  83202.349    25.586    -0.03    0.86
  83573.378    25.465    -0.32    0.87
  83944.369    25.437    -0.08    1.04
  84315.320    25.550     0.31    1.14
  84686.233    25.589     0.11    1.11
  85057.107    25.080    -1.37    1.11
  85427.943    24.814    -0.72    1.14
  85798.740    24.494    -0.86    1.01
  86169.498    24.096    -1.07    0.88
  86540.217    23.954    -0.38    0.93
  86910.898    23.894    -0.16    0.95
  87281.541    23.561    -0.90    1.06
  87652.144    23.410    -0.41    1.02
  88022.709    23.340    -0.19    1.11
  88393.236    23.182    -0.43    1.19
  88763.724    23.146    -0.10    1.15
  89134.173    23.080    -0.18    1.11
  89504.584    22.873    -0.56    1.14
  89874.956    22.305    -1.53    1.35
  90245.290    21.728    -1.56    1.36
  90617.036    21.148    -1.56    1.50
  90995.182    20.428    -1.91    1.33
  91373.287    20.233    -0.52    1.21
  91751.352    19.906    -0.86    1.10
  92129.377    19.814    -0.24    0.98
  92507.362    19.487    -0.86    1.16
  92885.306    19.073    -1.10    1.17
  93263.210    19.057    -0.04    1.15
  93641.074    18.674    -1.01    1.09
  94018.898    18.305    -0.98    1.05
  94396.682    18.077    -0.60    1.05
  94774.425    17.807    -0.71    1.02
  95152.129    17.657    -0.40    1.13
  95529.792    17.539    -0.31    1.31
  95907.415    17.572     0.09    1.47
  96284.998    17.803     0.61    1.31
  96662.541    18.096     0.78    1.20
  97040.044    18.318     0.59    0.86
  97417.507    18.458     0.37    0.87
  97794.930    18.557     0.26    0.89
  98172.313    18.571     0.04    1.07
  98549.656    18.449    -0.32    1.10
  98926.959    18.450     0.00    1.00
  99304.222    18.419    -0.08    1.13
  99681.445    18.372    -0.13    1.22
 100058.628    18.414     0.11    1.13
 100435.771    18.470     0.15    1.07
 100812.874    18.793     0.86    1.19
 101189.938    19.375     1.54    1.33
 101566.961    20.004     1.67    1.10
 101943.945    20.751     1.98    1.40
 102320.889    21.630     2.33    1.48
 102697.792    22.521     2.36    1.74
 103074.656    23.301     2.07    1.81
 103451.481    24.039     1.96    1.65
 103828.265    24.453     1.10    1.31
 104205.010    24.611     0.42    1.31
 104581.715    24.432    -0.47    1.55
 104958.380    23.877    -1.47    1.65
 105335.005    23.586    -0.77    1.64
 105711.591    23.235    -0.93    1.39
 106088.137    22.754    -1.28    1.29
 106464.643    22.453    -0.80    1.14
 106841.110    22.057    -1.05    1.15
 107217.537    21.487    -1.51    1.10
 107593.924    20.901    -1.56    1.21
 107970.272    20.445    -1.21    1.13
 108346.580    19.996    -1.19    1.03
 108722.848    19.837    -0.42    0.97
 109099.077    19.504    -0.89    0.92
 109475.266    19.127    -1.00    1.09
 109851.416    18.606    -1.38    1.22
 110227.526    18.042    -1.50    1.20
 110603.596    17.543    -1.33    1.97
 110979.627    16.941    -1.60    2.34
 111355.619    16.656    -0.76    2.29
 111731.571    16.606    -0.13    2.16
 112107.483    17.112     1.35    1.66
 112483.356    17.393     0.75    1.08
 112859.190    17.756     0.97    0.86
 113234.984    17.640    -0.31    0.95
 113610.739    17.498    -0.38    0.89
 113986.454    17.419    -0.21    0.82
 114362.130    17.270    -0.40    0.69
 114737.767    17.129    -0.37    0.83
 115113.364    17.248     0.31    0.93
 115488.922    17.237    -0.03    0.95
 115864.440    17.287     0.14    1.08
 116239.919    17.052    -0.63    1.20
 116615.359    16.843    -0.56    1.15
 116990.759    16.664    -0.48    1.28
 117366.121    16.803     0.37    1.12
 117741.443    17.024     0.59    1.00
 118116.725    17.111     0.23    0.97
 118491.969    17.149     0.10    0.94
 118867.173    17.015    -0.36    0.91
 119242.338    17.129     0.30    0.74
 119617.464    17.146     0.04    0.84
 119992.550    17.094    -0.14    0.85
 120367.598    16.771    -0.86    1.07
 120742.606    16.458    -0.84    1.02
 121117.575    16.077    -1.02    0.96
 121492.505    15.664    -1.10    0.76
 121867.396    15.665     0.00    0.79
 122242.248    15.528    -0.37    0.80
 122617.060    15.673     0.39    0.83
 122991.834    15.728     0.14    0.81
 123366.568    15.796     0.18    0.84
 123741.264    15.879     0.22    0.81
 124115.920    15.786    -0.25    0.82
 124490.538    15.726    -0.16    0.91
 124865.116    15.504    -0.59    0.94
 125239.655    15.315    -0.50    0.98
 125614.156    15.146    -0.45    1.05
 125988.617    14.884    -0.70    1.00
 126363.040    15.055     0.46    1.04
 126737.423    15.410     0.95    1.10
 127111.768    15.796     1.03    1.10
 127486.073    15.751    -0.12    1.04
 127860.340    15.603    -0.40    1.28
 128234.568    15.432    -0.46    1.22
 128608.757    14.932    -1.34    1.17
 128982.907    14.709    -0.60    1.14
 129357.019    14.640    -0.19    0.79
 129731.091    14.782     0.38    0.95
 130105.125    15.111     0.88    0.91
 130479.120    15.372     0.70    0.95
 130853.076    15.640     0.72    0.97
 131226.993    15.656     0.04    0.91
 131600.872    15.699     0.12    0.90
 131974.711    15.549    -0.40    0.96
 132348.513    15.307    -0.65    0.94
 132722.275    15.301    -0.02    0.98
 133095.998    15.386     0.23    1.02
 133469.683    15.379    -0.02    0.98
 133843.330    15.458     0.21    0.97
 134216.937    15.251    -0.55    1.09
 134590.506    15.199    -0.14    1.05
 134964.037    15.286     0.23    1.05
 135337.528    15.130    -0.42    1.03
 135710.981    14.986    -0.39    0.92
 136084.396    14.945    -0.11    0.88
 136457.772    14.960     0.04    0.86
 136831.109    15.024     0.17    0.86
 137204.408    14.800    -0.60    0.93
 137577.668    14.682    -0.32    0.88
 137950.890    14.603    -0.21    0.91
 138324.073    14.521    -0.22    1.04
 138697.217    14.596     0.20    0.92
 139070.324    14.432    -0.44    0.86
 139443.391    14.182    -0.67    0.92
 139816.421    13.923    -0.69    0.91
 140189.411    13.656    -0.72    1.02
 140562.364    13.460    -0.53    1.02
 140935.278    13.113    -0.93    0.95
 141308.153    13.057    -0.15    1.01
 141680.990    12.809    -0.66    1.02
 142053.789    12.664    -0.39    0.93
 142426.549    12.754     0.24    1.01
 142799.271    12.985     0.62    0.96
 143171.955    12.932    -0.14    1.16
 143544.600    12.820    -0.30    1.19
 143917.207    12.830     0.03    1.18
 144289.776    12.557    -0.73    1.07
 144662.307    12.509    -0.13    0.98
 145034.799    12.565     0.15    0.90
 145407.253    12.800     0.63    1.01
 145779.668    12.761    -0.11    1.10
 146152.046    12.820     0.16    1.05
 146524.385    12.861     0.11    0.96
 146896.686    12.831    -0.08    0.88
 147268.949    12.843     0.03    0.77
 147641.174    12.950     0.29    0.76
 148013.360    13.163     0.57    0.78
 148385.508    13.182     0.05    0.83
 148757.618    13.000    -0.49    0.86
 149129.690    12.674    -0.88    0.88
 149501.724    12.498    -0.47    0.81
 149873.720    12.361    -0.37    0.83
 150245.678    12.303    -0.16    0.77
 150617.598    12.130    -0.46    0.83
 150989.479    12.111    -0.05    0.91
 151361.323    12.021    -0.24    1.02
 151733.128    11.996    -0.07    0.96
 152104.896    11.800    -0.53    1.10
 152476.625    11.843     0.12    1.06
 152848.317    11.721    -0.33    0.85
 153219.970    11.718    -0.01    0.87
 153591.586    11.726     0.02    1.00
 153963.164    11.779     0.14    1.00
 154334.703    11.771    -0.02    1.04
 154706.205    11.803     0.08    1.01
 155077.669    11.761    -0.11    0.98
 155449.095    11.728    -0.09    0.92
 155820.483    11.369    -0.97    0.92
 156191.833    10.982    -1.04    0.95
 156563.145    10.656    -0.88    1.04
 156934.420    10.219    -1.18    1.01
 157305.656     9.936    -0.76    0.97
 157676.855     9.646    -0.78    0.85
 158048.016     9.465    -0.49    0.78
 158419.139     9.437    -0.08    0.80
 158790.225     9.568     0.35    0.84
 159161.272     9.717     0.40    0.86
 159532.282     9.831     0.31    0.83
 159903.254     9.717    -0.31    0.80
 160274.189     9.586    -0.35    0.82
 160645.086     9.879     0.79    0.87
 161015.945    10.367     1.32    1.12
 161386.766     9.792    -1.55    1.95
 161757.550     8.593    -3.23    2.67
 162128.296     7.013    -4.26    2.53
 162499.004     5.509    -4.05    0.96
 162869.675     5.182    -0.88    0.00
 163240.308     5.182     0.00    0.00
 163610.903     5.182     0.00    0.00
 163981.461     5.182     0.00    0.00
 164351.981     5.182     0.00    0.00
 164722.464     5.182     0.00    0.00
 165092.909     5.182     0.00    0.00
 165464.213     5.182     0.00    0.00
 165842.276     5.182     0.00    0.00
 166220.299     5.393     0.56    0.70
 166598.283     5.814     1.11    1.13
 166976.227     6.322     1.35    1.34
 167354.133     6.814     1.30    1.33
 167731.999     7.024     0.56    1.22
 168109.826     7.289     0.70    1.19
 168487.614     7.616     0.86    1.07
 168865.363     7.962     0.91    0.97
 169243.073     8.271     0.82    0.92
 169620.743     8.147    -0.33    0.89
 169998.375     7.989    -0.42    0.97
 170375.967     7.718    -0.72    0.95
 170753.521     7.199    -1.37    1.11
 171131.035     6.534    -1.76    1.12
 171508.510     6.039    -1.31    1.09
 171885.947     5.746    -0.78    0.83
 172263.344     6.010     0.70    0.92
 172640.702     6.533     1.39    1.04
 173018.022     6.743     0.56    0.95
 173395.302     6.656    -0.23    1.10
 173772.543     5.600    -2.80    2.83
 174149.746     3.318    -6.05    5.85
 174526.909    -0.059    -8.95    8.03
 174904.034    -3.590    -9.36    9.85
 175281.120    -6.151    -6.79    9.65
 175658.167    -9.229    -8.16    8.62
 176035.175   -11.695    -6.54    6.54
 176412.144   -13.672    -5.24    3.08
 176789.074   -13.604     0.18    3.25
 177165.965   -13.459     0.38    3.31
 177542.818   -13.276     0.49    3.39
 177919.632   -12.282     2.64    2.95
 178296.407   -12.336    -0.14    2.97
 178673.143   -12.555    -0.58    2.74
 179049.841   -12.729    -0.46    2.66
 179426.499   -13.404    -1.79    2.09
 179803.119   -12.670     1.95    2.08
 180179.701   -12.050     1.65    2.00
 180556.243   -11.639     1.09    1.95
 180932.747   -12.318    -1.80    2.68
 181309.213   -13.695    -3.66    3.07
 181685.639   -15.099    -3.73    2.70
 182062.027   -16.439    -3.56    1.25
 182438.376   -16.727    -0.77    1.16
 182814.687   -16.987    -0.69    1.29
 183190.959   -17.032    -0.12    1.25
 183567.192   -16.888     0.38    1.25
 183943.387   -16.450     1.17    1.75
 184319.544   -15.711     1.96    2.03
 184695.661   -15.239     1.25    2.01
 185071.741   -15.127     0.30    1.74
 185447.781   -15.590    -1.23    1.17
 185823.783   -15.893    -0.81    1.07
 186199.747   -16.208    -0.84    1.13
 186575.672   -16.291    -0.22    1.30
 186951.559   -15.958     0.88    1.52
 187327.407   -15.590     0.98    1.74
 187703.217   -15.407     0.49    1.72
 188078.988   -15.490    -0.22    1.58
 188454.721   -15.433     0.15    1.66
 188830.416   -15.407     0.07    1.53
 189206.072   -15.318     0.24    1.68
 189581.690   -15.362    -0.12    1.76
 189957.269   -14.906     1.21    1.99
 190332.810   -14.257     1.73    2.45
 190708.313   -14.099     0.42    2.60
 191083.777   -14.086     0.03    2.62
 191459.203   -15.025    -2.50    2.33
 191834.591   -15.705    -1.81    2.61
 192209.940   -15.906    -0.54    2.11
 192585.251   -15.379     1.40    2.05
 192960.524   -15.134     0.65    1.69
 193335.759   -15.134     0.00    1.64
 193710.955   -14.502     1.68    1.78
 194086.114   -13.496     2.68    2.68
 194461.234   -12.554     2.51    2.68
 194836.315   -12.072     1.28    2.47
 195211.359   -12.145    -0.19    2.30
 195586.365   -12.954    -2.16    2.43
 195961.332   -13.906    -2.54    2.09
 196336.261   -14.032    -0.34    2.01
 196711.152   -13.888     0.38    2.08
 197086.005   -13.537     0.94    2.10
 197460.820   -13.461     0.20    2.00
 197835.597   -13.707    -0.66    2.20
 198210.335   -14.175    -1.25    1.91
 198585.036   -13.636     1.44    2.14
 198959.699   -13.123     1.37    2.15
 199334.323   -13.139    -0.04    1.82
 199708.910   -14.239    -2.93    2.46
 200083.458   -15.923    -4.50    2.72
 200457.969   -17.436    -4.04    2.19
 200832.441   -18.628    -3.18    0.87
 201206.876   -18.466     0.43    1.48
 201581.272   -17.853     1.64    2.51
 201955.631   -17.403     1.20    2.82
 202329.952   -16.939     1.24    2.87
 202704.235   -16.782     0.42    2.92
 203078.480   -16.520     0.70    2.32
 203452.687   -15.379     3.05    2.66
 203826.856   -14.104     3.41    2.92
 204200.987   -13.530     1.53    2.89
 204575.081   -13.818    -0.77    3.28
 204949.136   -14.979    -3.10    3.27
 205323.154   -15.291    -0.83    2.92
 205697.134   -15.537    -0.66    2.43
 206071.076   -15.657    -0.32    2.08
 206444.981   -11.274    11.72    8.69
 206818.847    -5.923    14.31   10.83
 207192.676    -0.221    15.25    9.64
 207566.467     4.962    13.86    2.75
 207940.221     5.255     0.78    0.69
 208313.936     5.148    -0.29    0.69
 208687.614     4.937    -0.57    0.73
 209061.255     4.575    -0.97    0.89
 209434.857     4.129    -1.19    1.07
 209808.422     3.972    -0.42    1.19
 210181.950     3.691    -0.75    1.10
 210555.439     3.708     0.05    1.09
 210928.891     3.884     0.47    1.12
 211302.306     3.928     0.12    0.99
 211675.683     4.007     0.21    0.89
 212049.022     4.089     0.22    0.94
 212422.324     4.199     0.29    0.91
 212795.588     4.182    -0.05    1.00
 213168.814     4.093    -0.24    1.07
 213542.003     3.789    -0.81    1.19
 213915.155     3.691    -0.26    1.09
 214288.269     3.504    -0.50    1.03
 214661.345     3.349    -0.41    1.02
 215034.384     3.096    -0.68    0.86
 215407.386     2.950    -0.39    0.81
 215780.350     2.826    -0.33    0.80
 216153.277     2.710    -0.31    0.85
 216526.166     2.450    -0.70    0.77
 216899.018     2.410    -0.11    0.80
 217271.832     2.358    -0.14    0.78
 217644.609     2.305    -0.14    0.78
 218017.349     2.252    -0.14    0.86
 218390.051     2.004    -0.67    0.86
 218762.716     1.465    -1.44    1.01
 219135.344     0.877    -1.58    1.12
 219507.934     0.273    -1.62    0.93
 219880.487     0.042    -0.62    0.90
 220253.002    -0.188    -0.62    0.83
 220625.481    -0.389    -0.54    0.91
 220997.922    -0.730    -0.91    1.02
 221370.326    -1.157    -1.15    0.98
 221742.692    -1.639    -1.29    1.03
 222115.021    -1.958    -0.86    0.99
 222487.314    -2.151    -0.52    1.02
 222859.568    -2.096     0.15    1.02
 223231.786    -1.853     0.65    1.03
 223603.967    -1.799     0.14    0.91
 223976.110    -2.025    -0.61    1.24
 224348.216    -2.309    -0.76    1.14
 224720.285    -2.604    -0.79    1.11
 225092.317    -2.657    -0.14    1.09
 225464.312    -2.625     0.09    1.01
 225836.269    -2.389     0.63    1.20
 226208.190    -2.193     0.53    1.12
 226580.073    -2.146     0.13    1.08
 226951.920    -2.236    -0.24    1.13
 227323.729    -2.377    -0.38    1.19
 227695.501    -2.472    -0.25    1.19
 228067.237    -2.318     0.41    1.13
 228438.935    -2.379    -0.17    1.12
 228810.596    -2.274     0.28    1.05
 229182.220    -2.568    -0.79    1.01
 229553.808    -2.907    -0.91    1.01
 229925.358    -3.371    -1.25    0.89
 230296.871    -3.604    -0.62    0.68
 230668.348    -3.663    -0.16    0.62
 231039.787    -3.711    -0.13    0.41
 231411.190    -3.513     0.53    0.95
 231782.555    -3.222     0.78    1.33
 232153.884    -2.782     1.18    1.62
 232525.176    -2.745     0.10    1.72
 232896.431    -2.642     0.28    1.72
 233267.649    -2.925    -0.76    1.49
 233638.830    -3.362    -1.18    1.13
 234009.975    -3.379    -0.05    1.12
 234381.082    -3.407    -0.08    0.99
 234752.153    -3.134     0.74    1.18
 235123.187    -2.889     0.66    1.36
 235494.184    -2.099     2.13    1.62
 235865.145    -1.741     0.96    1.66
 236236.069    -1.958    -0.59    1.68
 236606.956    -2.441    -1.30    1.53
 236977.806    -3.077    -1.71    1.29
 237348.620    -3.400    -0.87    0.88
 237719.396    -3.257     0.39    1.09
 238090.137    -3.354    -0.26    1.31
 238460.840    -3.502    -0.40    1.36
 238831.507    -3.818    -0.85    1.22
 239202.137    -3.709     0.29    1.30
 239572.731    -3.467     0.65    1.38
 239943.287    -3.262     0.55    1.22
 240314.243    -2.764     1.34    1.33
 240692.221    -2.606     0.42    1.50
 241070.161    -2.625    -0.05    1.44
 241448.064    -2.436     0.50    1.57
 241825.927    -2.467    -0.08    1.63
 242203.753    -1.906     1.49    1.57
 242581.541    -1.618     0.76    1.43
 242959.290    -1.818    -0.53    1.35
 243337.002    -1.931    -0.30    1.30
 243714.675    -2.309    -1.00    1.15
 244092.310    -2.695    -1.02    0.98
 244469.907    -2.467     0.60    1.08
 244847.466    -2.485    -0.05    0.95
 245224.987    -2.577    -0.25    0.70
 245602.469    -2.800    -0.59    0.13
 245979.914    -2.818    -0.05    0.00
 246357.321    -2.818     0.00    0.00
 246734.690    -2.818     0.00    0.00
 247112.020    -2.800     0.05    0.13
 247489.313    -2.783     0.05    0.19
 247866.568    -2.746     0.10    0.85
 248243.785    -2.678     0.18    1.01
 248620.964    -2.614     0.17    1.19
 248998.104    -2.456     0.42    1.37
 249375.207    -2.229     0.60    1.29
 249752.273    -2.264    -0.09    1.43
 250129.300    -2.292    -0.07    1.31
 250506.289    -2.207     0.22    1.19
 250883.240    -2.014     0.51    1.18
 251260.154    -1.725     0.77    1.12
 251637.030    -1.389     0.89    1.22
 252013.868    -1.436    -0.12    1.50
 252390.668    -1.568    -0.35    1.73
 252767.430    -1.800    -0.62    1.76
 253144.155    -2.121    -0.85    1.70
 253520.841    -2.163    -0.11    1.48
 253897.490    -2.127     0.09    1.40
 254274.102    -1.941     0.49    1.24
 254650.675    -1.855     0.23    1.21
 255027.211    -1.764     0.24    1.21
 255403.709    -1.893    -0.34    1.34
 255780.169    -1.989    -0.25    1.43
