# NaN NaN NaN ;Mean Elev.(m), Avg Gradient(m/km), RMS Gradient(m/km) - SRTM1     
#  -30.913  -0.292   2.910 ;Mean Elev.(m), Avg Gradient(m/km), RMS Gradient(m/km) - ASTER GDEM
#  -22.836  -0.022   0.715 ;Mean Elev.(m), Avg Gradient(m/km), RMS Gradient(m/km) - GMTED2010 
  7  47.246015  47.153971   -21.640   -21.640  3 52458.31126243 23.013
  8  47.250279  47.150588   -22.939   -22.884  3 52493.31124219 28.565
 12  47.247838  47.152141   -21.881   -21.835  3 52633.31122952 26.171
 13  47.244101  47.155444   -21.134   -21.119  3 52668.31124440 32.359
 14  47.254423  47.148917   -21.411   -21.411  2 52703.31122341 25.565
 16  47.243730  47.154869   -18.805   -18.805  2 52773.31121906 34.916
 17  47.247571  47.151562   -20.210   -20.261  3 52808.31128509 23.646
 18  47.249245  47.151640   -21.734   -22.222  3 52843.31134267 20.697
 19  47.245558  47.153518   -22.862   -22.837  3 52878.31138068 27.851
 20  47.246877  47.154078   -23.004   -23.018  3 52913.31133873 22.313
 21  47.255914  47.147189   -22.970   -22.970  2 52948.31129779 23.626
 23  47.242940  47.155838   -22.224   -22.222  3 53018.31132216 46.147
 24  47.253031  47.150760   -20.160   -20.121  3 53053.31130500 35.979
 25  47.235521  47.161178   -22.895   -22.870  4 53088.31134066 24.547
 26  47.249034  47.152422   -19.550   -19.483  3 53123.31131183 28.018
 27  47.241938  47.156004   -19.295   -19.313  3 53158.31136907 29.343
 28  47.248338  47.151734   -22.552   -22.544  3 53193.31136377 35.605
 30  47.238704  47.160146   -22.949   -22.957  3 53263.31133110 24.164
 31  47.241492  47.159333   -23.052   -23.060  3 53298.31137165 24.118
 33  47.242116  47.155180   -22.426   -22.426  2 53368.31128673 22.825
 34  47.248534  47.153836   -21.248   -21.255  3 53403.31131666 26.848
 35  47.242798  47.156399   -20.152   -20.152  2 53438.31130489 34.328
 36  47.244477  47.153414   -21.501   -21.521  3 53473.31136206 25.333
 37  47.244333  47.154470   -17.258   -17.270  3 53508.31138625 51.648
 38  47.241642  47.156004   -20.365   -20.318  3 53543.31139687 28.429
 40  47.239074  47.160377   -22.566   -22.555  4 53613.31133248 45.824
 41  47.250588  47.151498   -22.847   -22.837  3 53648.31133947 48.141
 42  47.240257  47.158147   -23.373   -23.575  3 53683.31135351 20.351
 43  47.244265  47.155225   -23.673   -23.673  2 53718.31128099 26.280
 44  47.255903  47.148719   -22.531   -22.491  3 53753.31120298 21.537
 45  47.248018  47.153734   -22.212   -22.145  3 53788.31123234 15.899
 46  47.256150  47.148030   -22.791   -22.843  3 53823.31118798 22.571
 47  47.244498  47.154035   -22.630   -22.689  3 53858.31127966 19.885
 48  47.250733  47.152629   -19.997   -19.982  3 53893.31129469 32.372
 49  47.238769  47.161565   -22.957   -22.937  3 53928.31135111 23.951
 50  47.238789  47.161826   -23.173   -23.254  4 53963.31133317 26.997
 51  47.255905  47.147894   -23.556   -23.556  2 53998.31128399 20.347
 52  47.250419  47.151663   -23.420   -23.369  3 54033.31133214 24.417
 54  47.241321  47.159466   -22.429   -22.353  3 54103.31128314 24.999
 55  47.248649  47.153635   -22.018   -22.011  3 54138.31125513 37.752
 56  47.242081  47.156563   -20.802   -20.889  3 54173.31126181 23.921
 57  47.247414  47.152596   -20.180   -20.215  3 54208.31126126 36.988
 58  47.246106  47.153521   -19.121   -19.121  2 54243.31129263 27.772
 60  47.246671  47.154666   -21.750   -21.656  3 54313.31130594 20.777
 61  47.241842  47.155901   -23.080   -23.080  2 54348.31127682 20.825
 62  47.248704  47.151877   -22.917   -22.928  3 54383.31124408 49.845
 63  47.242797  47.156348   -23.264   -23.285  3 54418.31122635 25.553
 64  47.250985  47.152073   -23.552   -23.546  3 54453.31121422 48.624
 65  47.245785  47.153737   -21.880   -21.875  3 54488.31122509 27.454
 66  47.249178  47.152495   -21.990   -21.990  3 54523.31122735 34.569
 67  47.242762  47.156343   -23.186   -23.247  3 54558.31123423 21.335
 68  47.245473  47.152988   -18.098   -18.126  3 54593.31122311 38.563
 69  47.244327  47.153772   -21.820   -22.259  3 54628.31123817 24.664
 70  47.244883  47.155704   -22.427   -23.007  3 54663.31124502 22.197
 71  47.243257  47.155380   -23.207   -23.237  3 54698.31121859 22.514
 72  47.248948  47.152125   -23.183   -23.183  2 54733.31120292 25.441
 73  47.245560  47.154330   -23.342   -23.406  3 54768.31119874 23.794
 74  47.248143  47.153074   -23.133   -23.102  3 54803.31119676 27.287
 75  47.245764  47.153632   -20.078   -20.104  3 54838.31119194 30.317
 76  47.247836  47.153072   -19.574   -19.574  2 54873.31119628 33.743
 77  47.240584  47.158662   -20.988   -20.965  3 54908.31119831 40.026
 78  47.247558  47.153240   -23.053   -23.053  2 54943.31118866 21.517
 79  47.244483  47.154175   -18.828   -18.829  3 54978.31121598 46.573
 80  47.244385  47.154077   -22.469   -23.011  3 55013.31122227 22.996
 81  47.246620  47.153945   -23.129   -23.188  3 55048.31121488 29.391
 82  47.241252  47.157575   -22.942   -22.942  2 55083.31118433 20.122
 83  47.249943  47.152734   -22.905   -23.157  3 55118.31114710 26.001
 84  47.243379  47.155535   -23.243   -23.243  2 55153.31114350 40.399
 85  47.248023  47.151894   -22.153   -22.179  3 55188.31113540 46.126
 86  47.244106  47.155175   -22.205   -22.107  3 55223.31114269 28.579
 87  47.247238  47.152694   -21.735   -21.735  2 55258.31113144 28.957
 88  47.241692  47.156867   -23.296   -23.232  3 55293.31112946 21.826
 89  47.244143  47.154457   -18.484   -18.484  2 55328.31111400 28.203
 90  47.243742  47.155932   -22.057   -22.057  2 55363.31110927 47.091
 91  47.248318  47.152199   -23.450   -23.450  2 55398.31111864 30.135
 92  47.246493  47.152424   -23.462   -23.423  3 55433.31112538 42.315
 93  47.240735  47.156231   -23.954   -23.900  3 55468.31108224 25.631
