# NaN NaN NaN ;Mean Elev.(m), Avg Gradient(m/km), RMS Gradient(m/km) - SRTM1     
#    5.023  -0.738   4.214 ;Mean Elev.(m), Avg Gradient(m/km), RMS Gradient(m/km) - ASTER GDEM
#    9.411  -1.079   2.154 ;Mean Elev.(m), Avg Gradient(m/km), RMS Gradient(m/km) - GMTED2010 
  8    11.203 52507.75684751 51.60  46.636801  51.723832 37.304
  8    11.310 52507.75684816 48.11  46.635291  51.727062 37.304
  8    11.182 52507.75684880 45.72  46.633771  51.730292 37.304
  9    15.571 52542.75683036 22.16  46.633719  51.724927 33.186
  9    14.991 52542.75683100 21.60  46.632199  51.728157 33.186
  9    15.158 52542.75683165 23.06  46.630689  51.731377 33.186
 10    16.648 52577.75688155 31.73  46.628046  51.724412 34.030
 10    15.651 52577.75688219 27.39  46.626535  51.727636 30.040
 10    15.387 52577.75688284 25.23  46.625015  51.730856 30.040
 10    15.755 52577.75688348 24.33  46.623505  51.734086 30.040
 11    15.857 52612.75684606 47.64  46.634540  51.726038 23.232
 11    15.920 52612.75684671 43.82  46.633030  51.729258 23.232
 11    15.986 52612.75684735 42.34  46.631510  51.732488 23.232
 12    15.771 52647.75682955 20.89  46.631762  51.725223  3.158
 12    15.788 52647.75683020 20.88  46.630252  51.728443  3.158
 12    15.730 52647.75683084 20.65  46.628742  51.731673  3.158
 13    15.465 52682.75680287 13.57  46.643891  51.726862  2.532
 13    15.334 52682.75680352 13.89  46.642371  51.730082  2.532
 13    15.212 52682.75680416 13.96  46.640861  51.733312  2.532
 14    15.846 52717.75686038 11.64  46.628592  51.724283  3.026
 14    15.588 52717.75686102 12.04  46.627082  51.727513  3.026
 14    15.571 52717.75686167 11.95  46.625572  51.730743  3.026
 14    15.408 52717.75686231 12.26  46.624052  51.733963  3.026
 15    16.292 52752.75688525 52.31  46.627399  51.723612 44.890
 15    16.263 52752.75688589 52.43  46.625889  51.726832 44.890
 15    16.290 52752.75688654 53.32  46.624369  51.730062 44.890
 15    16.390 52752.75688718 51.59  46.622859  51.733292 44.890
 16    17.322 52787.75683110 38.18  46.622957  51.723348 25.835
 16    16.728 52787.75683175 31.97  46.621437  51.726568 25.835
 16    16.744 52787.75683239 29.64  46.619927  51.729798 25.835
 17    15.986 52822.75690321 42.78  46.626865  51.724620 25.333
 17    16.001 52822.75690385 43.12  46.625355  51.727840 25.333
 17    15.848 52822.75690450 40.13  46.623835  51.731070 25.333
 17    15.898 52822.75690514 41.65  46.622325  51.734300 25.333
 18    15.547 52857.75694995 29.80  46.631243  51.724887 32.202
 18    14.965 52857.75695059 29.95  46.629733  51.728107 32.202
 18    15.586 52857.75695123 26.34  46.628223  51.731337 32.202
 19    15.516 52892.75698184 28.84  46.629654  51.724729 33.974
 19    15.289 52892.75698249 21.82  46.628134  51.727949 33.974
 19    15.594 52892.75698313 20.15  46.626624  51.731179 33.974
 20    15.534 52927.75693328 27.85  46.638000  51.726696 28.460
 20    15.035 52927.75693393 27.30  46.636490  51.729926 28.460
 20    15.509 52927.75693457 28.33  46.634980  51.733146 28.460
 21    15.771 52962.75690676 24.33  46.633568  51.722948 26.974
 21    15.537 52962.75690741 20.76  46.632058  51.726168 26.974
 21    15.306 52962.75690805 20.04  46.630538  51.729398 26.974
 21    15.925 52962.75690870 23.33  46.629028  51.732628 26.974
 22    15.992 52997.75694727 50.48  46.629592  51.723740 30.051
 22    16.134 52997.75694791 51.60  46.628082  51.726960 30.051
 22    16.009 52997.75694856 53.15  46.626572  51.730190 30.051
 22    16.113 52997.75694920 50.62  46.625062  51.733420 30.051
 23    15.902 53032.75690378 26.83  46.638854  51.724641  3.345
 23    15.884 53032.75690442 27.56  46.637344  51.727861  3.345
 23    15.814 53032.75690507 27.76  46.635834  51.731091  3.345
 24    16.121 53067.75691588 33.91  46.633775  51.724620 21.373
 24    16.161 53067.75691653 33.55  46.632265  51.727840 21.373
 24    16.218 53067.75691717 32.11  46.630755  51.731070 21.373
 25    15.521 53102.75690632 21.32  46.638882  51.724823 28.915
 25    15.122 53102.75690696 21.63  46.637372  51.728053 28.915
 25    15.660 53102.75690761 20.70  46.635862  51.731273 28.915
 26    16.568 53137.75691936 51.73  46.633667  51.724130 35.966
 26    16.705 53137.75692000 50.55  46.632157  51.727350 35.966
 26    16.578 53137.75692065 50.20  46.630647  51.730580 35.966
 27    15.495 53172.75696488 27.83  46.628805  51.725355 30.385
 27    15.224 53172.75696552 23.55  46.627295  51.728575 30.385
 27    16.529 53172.75696617 23.96  46.625785  51.731805 30.385
 28    15.716 53207.75697981 20.64  46.632072  51.725267 33.867
 28    15.447 53207.75698046 17.58  46.630552  51.728487 33.867
 28    15.933 53207.75698110 19.45  46.629042  51.731717 33.867
 29    15.720 53242.75694720 27.90  46.639522  51.725277 27.568
 29    15.248 53242.75694785 27.62  46.638002  51.728497 27.568
 29    14.838 53242.75694849 28.27  46.636492  51.731727 27.568
 30    15.577 53277.75692238 24.66  46.623731  51.725452 28.285
 30    15.293 53277.75692302 23.69  46.622211  51.728682 28.285
 30    14.856 53277.75692367 24.11  46.620701  51.731912 28.285
 31    15.646 53312.75695475 23.33  46.629078  51.725596 32.464
 31    15.306 53312.75695540 20.57  46.627568  51.728816 32.464
 31    15.511 53312.75695604 20.86  46.626058  51.732046 32.464
 33    16.181 53382.75688605 43.94  46.627281  51.723077 23.752
 33    16.087 53382.75688669 49.71  46.625771  51.726297 23.752
 33    16.049 53382.75688734 46.82  46.624251  51.729527 23.752
 33    16.129 53382.75688798 47.12  46.622741  51.732757 23.752
 34    15.825 53417.75689893 28.06  46.641515  51.724308  3.642
 34    15.919 53417.75689957 28.94  46.640005  51.727538  3.642
 34    15.873 53417.75690022 29.19  46.638485  51.730758  3.642
 35    15.771 53452.75690098 15.24  46.625745  51.723503  2.219
 35    15.641 53452.75690162 15.43  46.624225  51.726723  2.219
 35    15.503 53452.75690227 15.52  46.622715  51.729953  2.219
 35    15.278 53452.75690291 15.99  46.621205  51.733183  2.219
 36    17.394 53487.75698683 24.67  46.623240  51.725911 29.129
 36    17.107 53487.75698747 23.95  46.621730  51.729141 29.129
 36    17.276 53487.75698812 24.04  46.620220  51.732371 29.129
 37    17.585 53522.75697614 41.65  46.636629  51.723534 33.321
 37    17.265 53522.75697678 36.84  46.635109  51.726764 33.321
 37    17.153 53522.75697743 34.35  46.633599  51.729984 33.321
 37    17.475 53522.75697807 32.16  46.632089  51.733214 33.321
 38    16.150 53557.75700194 30.93  46.627442  51.724552 33.544
 38    15.586 53557.75700259 21.35  46.625932  51.727772 33.544
 38    15.239 53557.75700323 19.75  46.624422  51.731002 33.544
 38    16.846 53557.75700388 22.70  46.622912  51.734232 33.544
 39    15.293 53592.75693888 25.38  46.645604  51.726944 35.913
 39    15.161 53592.75693952 22.45  46.644094  51.730164 35.913
 39    15.686 53592.75694017 24.93  46.642574  51.733394 35.913
 41    15.758 53662.75695459 33.59  46.628584  51.724062 35.106
 41    15.509 53662.75695524 23.06  46.627074  51.727282 35.106
 41    15.101 53662.75695588 19.41  46.625564  51.730512 35.106
 41    15.862 53662.75695653 21.30  46.624054  51.733742 35.106
 42    15.907 53697.75691805 34.67  46.638261  51.723815 31.425
 42    15.272 53697.75691869 22.15  46.636751  51.727045 31.425
 42    15.362 53697.75691934 20.75  46.635241  51.730265 31.425
 43    15.949 53732.75684073 45.12  46.645606  51.725528 16.722
 43    16.016 53732.75684137 39.98  46.644096  51.728758 16.722
 43    16.010 53732.75684202 37.39  46.642586  51.731978 16.722
 45    15.528 53802.75681767 14.76  46.642256  51.727172  2.653
 45    15.652 53802.75681832 14.76  46.640746  51.730392  2.653
 46    15.671 53837.75683125 37.77  46.624689  51.725420 39.379
 46    15.758 53837.75683189 37.91  46.623179  51.728640 39.379
 46    15.755 53837.75683254 35.65  46.621659  51.731870 39.379
 47    16.444 53872.75688214 50.15  46.631587  51.724814 41.430
 47    16.528 53872.75688278 41.45  46.630077  51.728034 41.430
 47    16.503 53872.75688343 37.91  46.628567  51.731264 41.430
 48    15.825 53907.75692371 48.25  46.626816  51.724316 30.404
 48    15.770 53907.75692435 46.89  46.625306  51.727536 30.404
 48    15.787 53907.75692500 43.94  46.623796  51.730766 30.404
 48    15.857 53907.75692564 43.64  46.622286  51.733996 30.404
 49    16.203 53942.75694948 34.07  46.624832  51.723232 25.109
 49    15.307 53942.75695012 30.08  46.623322  51.726462 25.109
 49    15.072 53942.75695077 30.10  46.621802  51.729682 25.109
 49    14.782 53942.75695141 29.71  46.620292  51.732912 25.109
 50    16.052 53977.75690195 36.69  46.636945  51.726092 34.219
 50    15.268 53977.75690259 29.99  46.635435  51.729322 34.219
 50    15.052 53977.75690324 27.94  46.633925  51.732542 34.219
 51    15.768 54012.75691021 51.28  46.624905  51.726035 36.369
 51    15.777 54012.75691085 51.03  46.623395  51.729255 36.369
 51    15.709 54012.75691150 51.11  46.621875  51.732485 36.369
 52    15.269 54047.75691965 19.40  46.638147  51.726555 31.123
 52    15.128 54047.75692029 19.62  46.636627  51.729785 31.123
 52    15.622 54047.75692093 24.76  46.635117  51.733005 31.123
 54    16.307 54117.75684275 39.19  46.643822  51.724437 26.350
 54    16.182 54117.75684339 38.41  46.642312  51.727657 26.350
 54    16.283 54117.75684404 40.11  46.640802  51.730887 26.350
 55    16.572 54152.75686529 26.32  46.632459  51.724244  5.563
 55    16.464 54152.75686593 24.07  46.630939  51.727474  5.563
 55    16.397 54152.75686657 21.01  46.629429  51.730694  5.563
 56    16.061 54187.75683646 38.60  46.642074  51.724177 22.735
 56    15.880 54187.75683710 31.69  46.640564  51.727407 22.735
 56    15.605 54187.75683775 26.32  46.639054  51.730627 22.735
 57    17.233 54222.75687523 27.47  46.629465  51.723844 31.256
 57    16.694 54222.75687587 25.25  46.627955  51.727064 31.256
 57    17.097 54222.75687652 25.20  46.626445  51.730294 31.256
 57    17.254 54222.75687716 32.91  46.624925  51.733524 31.256
 58    17.101 54257.75689765 34.58  46.633305  51.725511 27.357
 58    16.913 54257.75689829 32.62  46.631785  51.728731 27.357
 58    16.751 54257.75689893 31.32  46.630275  51.731961 27.357
 59    16.139 54292.75689945 33.29  46.635332  51.723177 22.820
 59    15.785 54292.75690009 32.84  46.633812  51.726407 22.820
 59    15.581 54292.75690073 33.50  46.632302  51.729627 22.820
 59    15.816 54292.75690138 30.12  46.630792  51.732857 22.820
 60    15.069 54327.75689570 27.04  46.637488  51.726285 31.322
 60    14.876 54327.75689634 26.77  46.635968  51.729505 31.322
 60    14.907 54327.75689699 28.73  46.634458  51.732735 31.322
 61    16.280 54362.75684419 29.18  46.643201  51.724456 36.172
 61    15.329 54362.75684483 23.54  46.641691  51.727686 36.172
 61    15.234 54362.75684548 18.90  46.640181  51.730906 36.172
 62    15.268 54397.75683520 23.16  46.634030  51.724616 30.731
 62    14.981 54397.75683585 21.12  46.632510  51.727846 30.731
 62    15.073 54397.75683649 21.47  46.631000  51.731066 30.731
 63    15.604 54432.75679420 27.16  46.640884  51.726929 21.068
 63    15.118 54432.75679485 24.48  46.639374  51.730159 21.068
 64    15.554 54467.75681712 26.25  46.632110  51.724305  4.751
 64    15.520 54467.75681777 25.98  46.630600  51.727535  4.751
 64    15.538 54467.75681841 25.29  46.629090  51.730755  4.751
 65    15.629 54502.75680965 13.79  46.638659  51.726379  2.449
 65    15.468 54502.75681029 14.57  46.637149  51.729599  2.449
 65    15.450 54502.75681094 14.89  46.635629  51.732829  2.449
 66    16.074 54537.75683273 30.63  46.635996  51.725069 23.266
 66    15.615 54537.75683338 24.64  46.634486  51.728299 23.266
 66    15.399 54537.75683402 21.46  46.632976  51.731519 23.266
 67    17.176 54572.75681066 23.85  46.641839  51.724204 34.732
 67    16.436 54572.75681131 23.05  46.640329  51.727424 34.732
 67    16.899 54572.75681195 20.13  46.638819  51.730654 34.732
 68    16.862 54607.75682640 44.26  46.632922  51.725196 29.964
 68    16.737 54607.75682705 41.13  46.631412  51.728426 29.964
 68    16.798 54607.75682769 39.67  46.629902  51.731656 29.964
 69    14.772 54642.75683485 32.30  46.634591  51.725524 31.471
 69    14.468 54642.75683550 28.37  46.633081  51.728754 31.471
 69    14.880 54642.75683614 26.12  46.631571  51.731974 31.471
 70    15.104 54677.75683683 28.84  46.632377  51.725461 32.395
 70    14.487 54677.75683747 30.28  46.630867  51.728691 32.395
 70    13.853 54677.75683811 30.15  46.629357  51.731921 32.395
 71    15.754 54712.75679015 50.82  46.643046  51.725506 36.408
 71    15.625 54712.75679079 49.93  46.641536  51.728726 36.408
 71    15.755 54712.75679144 44.18  46.640026  51.731956 36.408
 72    15.689 54747.75680556 50.65  46.630845  51.724953 37.047
 72    15.612 54747.75680620 51.79  46.629335  51.728183 37.047
 72    15.702 54747.75680685 48.89  46.627825  51.731403 37.047
 73    15.766 54782.75677657 49.51  46.637616  51.725647 38.108
 73    15.637 54782.75677722 51.82  46.636106  51.728877 38.108
 73    15.630 54782.75677786 50.56  46.634596  51.732097 38.108
 74    15.884 54817.75679829 32.04  46.631407  51.725071 28.761
 74    15.442 54817.75679893 29.83  46.629897  51.728301 28.761
 74    15.340 54817.75679958 30.00  46.628377  51.731521 28.761
 75    16.144 54852.75677436 33.54  46.637610  51.726765  9.892
 75    16.198 54852.75677501 30.93  46.636100  51.729995  9.892
 75    16.140 54852.75677565 38.82  46.634590  51.733215  9.892
 76    15.841 54887.75680246 20.91  46.632310  51.724516  3.462
 76    16.067 54887.75680311 20.94  46.630800  51.727746  3.462
 76    16.179 54887.75680375 27.65  46.629290  51.730966  3.462
 77    15.788 54922.75677442 29.16  46.640759  51.726335 25.786
 77    15.819 54922.75677507 30.76  46.639249  51.729565 25.786
 77    15.819 54922.75677571 35.52  46.637739  51.732795 25.786
 78    17.731 54957.75679954 26.62  46.629628  51.724418 29.825
 78    17.115 54957.75680019 21.14  46.628118  51.727648 29.825
 78    17.404 54957.75680083 26.27  46.626598  51.730868 29.825
 78    17.569 54957.75680148 35.46  46.625085  51.734103 36.334
 79    14.829 54992.75682211 24.51  46.631298  51.724642 29.767
 79    14.511 54992.75682276 23.74  46.629788  51.727872 29.767
 79    14.319 54992.75682340 24.54  46.628278  51.731102 29.767
 80    15.600 55027.75681242 40.55  46.636152  51.725394 28.540
 80    15.730 55027.75681307 33.78  46.634642  51.728624 28.540
 80    15.414 55027.75681371 32.59  46.633132  51.731844 28.540
 81    15.187 55062.75680516 23.81  46.634950  51.725805 29.084
 81    14.889 55062.75680581 21.06  46.633440  51.729035 29.084
 81    15.377 55062.75680645 22.60  46.631930  51.732265 29.084
 82    15.983 55097.75675184 30.93  46.642740  51.724465 34.043
 82    14.969 55097.75675249 25.08  46.641230  51.727685 34.043
 82    14.673 55097.75675313 26.26  46.639720  51.730915 34.043
 83    15.528 55132.75674825 24.88  46.631691  51.724513 29.698
 83    15.259 55132.75674889 21.80  46.630181  51.727743 29.698
 83    15.170 55132.75674953 19.22  46.628671  51.730963 29.698
 84    15.552 55167.75671460 23.67  46.638672  51.726910 33.355
 84    14.649 55167.75671525 23.43  46.637152  51.730140 33.355
 84    15.463 55167.75671589 24.37  46.635642  51.733370 33.355
 85    15.381 55202.75674114 25.33  46.630758  51.725866  4.551
 85    15.335 55202.75674179 25.72  46.629248  51.729096  4.551
 85    15.182 55202.75674243 26.03  46.627738  51.732326  4.551
 86    14.770 55237.75672189 17.50  46.638446  51.726397  4.408
 86    14.686 55237.75672253 17.39  46.636936  51.729627  4.408
 86    14.622 55237.75672318 17.97  46.635416  51.732857  4.408
 88    15.791 55307.75670465 24.68  46.641806  51.726902 37.848
 88    15.101 55307.75670529 24.00  46.640296  51.730132 37.848
 89    15.759 55342.75670434 26.71  46.634764  51.724845 29.127
 89    15.432 55342.75670499 25.15  46.633254  51.728075 29.127
 89    17.034 55342.75670563 22.94  46.631744  51.731305 29.127
 90    14.858 55377.75669832 19.12  46.637252  51.726124 26.058
 90    14.929 55377.75669896 17.93  46.635742  51.729354 26.058
 90    15.240 55377.75669961 20.93  46.634232  51.732584 26.058
 91    15.383 55412.75672240 36.19  46.631834  51.724763 30.366
 91    15.248 55412.75672304 33.85  46.630324  51.727993 30.366
 91    15.282 55412.75672368 35.94  46.628814  51.731213 30.366
 92    14.991 55447.75671272 31.90  46.636657  51.726288 27.585
 92    14.887 55447.75671336 37.10  46.635147  51.729518 27.585
 92    14.994 55447.75671401 35.19  46.633637  51.732748 27.585
 93    14.799 55482.75664146 23.07  46.645292  51.725643 30.086
 93    14.358 55482.75664210 19.47  46.643782  51.728863 30.086
 93    14.641 55482.75664274 16.57  46.642272  51.732093 30.086
