-175463.701    45.372     0.00    0.86
-175086.439    45.068    -0.81    0.94
-174709.218    44.551    -1.37    1.31
-174332.039    44.011    -1.43    1.54
-173954.900    43.395    -1.63    1.69
-173577.802    42.971    -1.13    1.67
-173200.745    42.880    -0.24    1.54
-172823.728    42.978     0.26    1.46
-172446.753    42.930    -0.13    0.78
-172069.819    43.164     0.62    0.84
-171692.925    43.257     0.25    1.21
-171316.072    44.120     2.29    1.95
-170939.260    45.060     2.50    2.20
-170562.489    46.302     3.30    1.91
-170185.759    47.049     1.98    1.19
-169809.069    47.026    -0.06    1.19
-169432.420    46.656    -0.98    1.29
-169055.812    46.094    -1.49    1.21
-168679.245    45.619    -1.26    1.31
-168302.718    45.026    -1.58    1.38
-167926.232    44.199    -2.20    1.29
-167549.787    43.430    -2.04    1.21
-167173.382    42.683    -1.98    1.23
-166797.018    41.996    -1.83    1.09
-166420.695    41.551    -1.18    1.14
-166044.412    41.287    -0.70    1.00
-165668.170    41.120    -0.44    0.84
-165291.969    41.137     0.05    0.78
-164915.808    41.339     0.54    0.93
-164539.688    42.068     1.94    1.35
-164163.608    42.901     2.22    1.40
-163787.569    43.815     2.43    1.12
-163411.570    44.234     1.12    0.79
-163035.612    44.410     0.47    0.80
-162659.694    44.771     0.96    0.94
-162283.817    45.447     1.80    1.28
-161907.980    46.447     2.66    1.58
-161532.184    47.568     2.98    1.73
-161156.428    48.552     2.62    1.54
-160780.712    48.764     0.56    1.44
-160405.037    48.314    -1.20    1.39
-160029.403    47.674    -1.70    1.35
-159653.808    47.164    -1.36    1.15
-159278.254    46.755    -1.09    1.23
-158902.741    46.178    -1.53    1.27
-158527.267    45.690    -1.30    1.16
-158151.835    45.292    -1.06    1.34
-157776.442    45.235    -0.15    1.33
-157401.089    45.317     0.22    1.43
-157025.777    45.619     0.80    1.60
-156650.506    46.276     1.75    1.45
-156275.274    46.796     1.39    1.24
-155900.083    47.033     0.63    0.86
-155524.931    47.229     0.52    0.83
-155149.821    47.217    -0.03    0.79
-154774.750    47.217     0.00    0.82
-154399.719    47.257     0.11    1.01
-154024.729    47.076    -0.48    1.10
-153649.778    46.895    -0.48    1.16
-153274.868    46.731    -0.44    1.04
-152899.998    46.257    -1.26    1.02
-152525.168    45.989    -0.72    1.02
-152150.378    45.704    -0.76    0.89
-151775.629    45.189    -1.37    1.02
-151400.919    44.568    -1.66    1.20
-151026.249    43.868    -1.87    1.22
-150651.619    43.264    -1.61    1.16
-150277.030    42.861    -1.08    0.95
-149902.480    42.512    -0.93    0.90
-149527.970    42.416    -0.26    1.09
-149153.501    42.252    -0.44    1.07
-148779.071    42.026    -0.60    1.22
-148404.681    41.771    -0.68    1.31
-148030.331    41.174    -1.60    1.30
-147656.021    40.402    -2.06    1.28
-147281.751    39.974    -1.14    1.16
-146907.521    39.430    -1.45    1.17
-146533.331    39.156    -0.73    0.91
-146159.180    39.388     0.62    0.98
-145785.069    39.460     0.19    1.06
-145410.999    39.809     0.93    0.88
-145036.968    40.094     0.76    0.86
-144662.976    40.111     0.05    0.80
-144289.025    40.068    -0.12    0.78
-143915.113    40.094     0.07    0.90
-143541.241    40.094    -0.00    0.83
-143167.409    40.312     0.58    0.95
-142793.617    40.716     1.08    1.20
-142419.864    41.357     1.71    1.31
-142046.151    42.137     2.09    1.11
-141672.478    42.654     1.38    1.02
-141298.844    42.936     0.75    1.04
-140925.250    43.375     1.17    1.00
-140551.695    43.690     0.85    0.92
-140178.181    43.873     0.49    1.10
-139804.705    43.985     0.30    1.29
-139431.270    44.011     0.07    1.32
-139057.874    43.638    -1.00    1.44
-138684.517    42.989    -1.74    1.49
-138311.201    42.094    -2.40    1.35
-137937.923    41.551    -1.46    1.26
-137564.685    41.199    -0.94    1.31
-137191.487    40.975    -0.60    1.27
-136818.328    40.792    -0.49    1.24
-136445.209    40.848     0.15    1.30
-136072.129    40.818    -0.08    1.31
-135699.089    40.746    -0.19    1.23
-135326.088    40.620    -0.34    1.07
-134953.126    40.476    -0.39    1.08
-134580.204    40.704     0.61    1.27
-134207.322    40.871     0.45    1.25
-133834.478    41.052     0.49    1.29
-133461.674    40.975    -0.21    1.22
-133088.910    40.674    -0.81    1.10
-132716.184    40.718     0.12    1.08
-132343.498    40.942     0.60    1.15
-131970.852    41.375     1.16    1.31
-131598.245    41.659     0.76    1.16
-131225.677    41.890     0.62    1.10
-130853.148    42.322     1.16    1.19
-130480.658    42.382     0.16    1.31
-130108.208    42.585     0.55    1.26
-129735.797    42.809     0.60    1.45
-129363.425    42.689    -0.32    1.48
-128991.093    42.924     0.63    1.20
-128618.799    42.831    -0.25    1.30
-128246.545    42.725    -0.28    1.13
-127874.330    42.718    -0.02    1.03
-127502.154    43.067     0.94    1.26
-127130.017    43.297     0.62    1.26
-126757.919    43.167    -0.35    1.30
-126385.861    43.269     0.28    1.20
-126013.841    43.292     0.06    1.20
-125641.861    43.454     0.44    1.18
-125269.920    43.568     0.31    1.01
-124898.017    43.375    -0.52    0.98
-124526.154    43.274    -0.27    1.03
-124154.330    43.234    -0.11    0.92
-123782.545    43.449     0.58    0.97
-123410.798    43.752     0.81    0.80
-123039.091    44.192     1.19    0.91
-122667.423    44.531     0.91    1.08
-122295.793    44.864     0.90    0.99
-121924.203    45.129     0.71    0.95
-121552.652    45.129     0.00    0.98
-121181.139    45.252     0.33    1.02
-120809.665    45.199    -0.14    1.26
-120438.231    45.234     0.09    1.29
-120066.835    45.217    -0.05    1.26
-119695.478    45.024    -0.52    1.17
-119324.159    44.813    -0.57    1.10
-118952.880    44.339    -1.28    1.01
-118581.639    44.178    -0.44    0.86
-118210.438    44.041    -0.37    0.73
-117839.275    43.967    -0.20    0.80
-117468.150    43.941    -0.07    0.83
-117097.065    43.778    -0.44    0.93
-116726.018    43.859     0.22    1.03
-116355.010    44.059     0.54    1.12
-115984.041    43.760    -0.80    1.15
-115613.110    43.352    -1.10    1.17
-115242.218    43.016    -0.91    1.17
-114871.365    42.725    -0.78    0.88
-114500.551    42.458    -0.72    0.88
-114129.775    42.416    -0.11    0.91
-113759.037    42.210    -0.55    0.89
-113388.339    41.864    -0.93    0.97
-113017.679    41.774    -0.24    1.09
-112647.057    41.708    -0.18    1.18
-112276.475    41.515    -0.52    1.19
-111905.930    41.533     0.05    1.05
-111535.425    41.375    -0.43    1.05
-111164.957    40.975    -1.08    1.27
-110794.529    40.447    -1.42    1.32
-110424.139    39.953    -1.33    1.42
-110048.622    39.175    -2.07    1.41
-109670.419    38.640    -1.42    1.28
-109292.257    38.516    -0.33    1.15
-108914.134    38.240    -0.73    1.09
-108536.052    38.102    -0.36    0.98
-108158.011    37.654    -1.19    1.24
-107780.009    37.500    -0.41    1.15
-107402.048    37.257    -0.64    1.15
-107024.126    36.989    -0.71    1.07
-106646.245    36.568    -1.11    1.06
-106268.404    36.294    -0.73    1.05
-105890.604    36.182    -0.30    0.98
-105512.843    36.026    -0.41    1.24
-105135.123    35.930    -0.25    1.45
-104757.442    36.076     0.39    1.39
-104379.802    36.312     0.63    1.31
-104002.202    36.636     0.86    1.12
-103624.641    36.799     0.43    0.87
-103247.121    36.868     0.18    0.94
-102869.641    36.930     0.16    1.02
-102492.201    36.861    -0.18    1.09
-102114.801    36.822    -0.10    1.04
-101737.441    36.953     0.35    1.08
-101360.121    36.796    -0.42    1.19
-100982.840    36.807     0.03    1.11
-100605.600    36.785    -0.06    1.10
-100228.400    36.960     0.46    1.04
 -99851.239    37.402     1.17    1.20
 -99474.119    38.120     1.90    1.27
 -99097.038    38.764     1.71    1.31
 -98719.997    39.636     2.31    1.57
 -98342.996    40.458     2.18    1.67
 -97966.035    41.357     2.39    1.80
 -97589.114    42.031     1.79    1.76
 -97212.233    42.620     1.56    1.45
 -96835.391    42.930     0.82    1.10
 -96458.589    42.975     0.12    1.47
 -96081.827    42.499    -1.26    1.70
 -95705.105    42.228    -0.72    1.68
 -95328.422    41.822    -1.08    1.55
 -94951.779    41.458    -0.97    1.28
 -94575.176    41.067    -1.04    1.18
 -94198.613    40.602    -1.23    1.10
 -93822.089    40.206    -1.05    1.12
 -93445.605    39.568    -1.70    1.23
 -93069.160    39.031    -1.42    1.17
 -92692.755    38.653    -1.01    1.11
 -92316.390    38.317    -0.89    0.96
 -91940.065    38.094    -0.59    0.92
 -91563.779    37.760    -0.89    1.04
 -91187.532    37.252    -1.35    1.24
 -90811.325    36.721    -1.41    1.22
 -90435.158    36.292    -1.14    1.21
 -90059.030    35.585    -1.88    2.31
 -89682.942    35.131    -1.21    2.36
 -89306.893    34.992    -0.37    2.18
 -88930.884    35.131     0.37    2.27
 -88554.914    35.802     1.79    1.30
 -88178.984    36.006     0.54    0.86
 -87803.093    36.041     0.09    0.89
 -87427.242    35.968    -0.19    1.01
 -87051.430    35.817    -0.40    0.81
 -86675.658    35.799    -0.05    0.80
 -86299.925    35.622    -0.47    0.78
 -85924.231    35.602    -0.05    0.91
 -85548.577    35.673     0.19    0.97
 -85172.962    35.683     0.03    0.87
 -84797.386    35.567    -0.31    1.20
 -84421.850    35.375    -0.51    1.19
 -84046.353    35.110    -0.71    1.15
 -83670.895    35.103    -0.02    1.25
 -83295.477    35.252     0.40    1.07
 -82920.097    35.418     0.44    0.99
 -82544.758    35.482     0.17    1.00
 -82169.457    35.497     0.04    0.93
 -81794.196    35.502     0.01    0.81
 -81418.973    35.550     0.13    0.80
 -81043.790    35.603     0.14    0.77
 -80668.647    35.314    -0.77    0.94
 -80293.542    35.076    -0.63    1.09
 -79918.477    34.673    -1.08    1.04
 -79543.450    34.233    -1.17    0.76
 -79168.463    33.982    -0.67    0.77
 -78793.515    34.067     0.23    0.81
 -78418.606    34.009    -0.16    0.83
 -78043.737    34.076     0.18    0.80
 -77668.906    34.192     0.31    0.78
 -77294.114    34.235     0.11    0.86
 -76919.361    34.246     0.03    0.82
 -76544.648    34.199    -0.12    0.82
 -76169.973    34.122    -0.21    0.91
 -75795.338    33.813    -0.82    1.00
 -75420.741    33.656    -0.42    0.93
 -75046.184    33.399    -0.69    1.06
 -74671.665    33.339    -0.16    0.99
 -74297.185    33.603     0.70    1.04
 -73922.745    34.002     1.07    1.09
 -73548.343    34.322     0.86    1.04
 -73173.980    34.144    -0.47    1.18
 -72799.656    33.918    -0.60    1.29
 -72425.371    33.621    -0.80    1.21
 -72051.125    33.156    -1.24    1.11
 -71676.918    33.127    -0.08    1.12
 -71302.749    33.094    -0.09    0.85
 -70928.619    33.344     0.67    0.90
 -70554.528    33.635     0.78    0.95
 -70180.476    33.901     0.71    0.93
 -69806.463    34.060     0.42    0.95
 -69432.489    34.122     0.17    0.91
 -69058.553    33.996    -0.34    0.95
 -68684.656    33.764    -0.62    0.92
 -68310.798    33.620    -0.39    0.92
 -67936.978    33.723     0.28    0.96
 -67563.197    33.792     0.18    1.02
 -67189.455    33.809     0.05    0.92
 -66815.752    33.817     0.02    1.01
 -66442.087    33.585    -0.62    1.05
 -66068.461    33.678     0.25    1.17
 -65694.874    33.585    -0.25    1.09
 -65321.325    33.440    -0.39    0.91
 -64947.815    33.433    -0.02    0.91
 -64574.343    33.281    -0.40    0.76
 -64200.910    33.416     0.36    0.83
 -63827.515    33.344    -0.19    0.88
 -63454.159    33.139    -0.55    0.97
 -63080.842    33.026    -0.30    0.93
 -62707.563    32.918    -0.29    0.97
 -62334.323    32.936     0.05    1.03
 -61961.121    32.974     0.10    0.86
 -61587.958    32.740    -0.63    0.83
 -61214.833    32.410    -0.89    0.89
 -60841.747    32.235    -0.47    0.99
 -60468.699    31.924    -0.83    1.05
 -60095.689    31.725    -0.53    0.95
 -59722.718    31.435    -0.78    0.99
 -59349.785    31.281    -0.41    1.01
 -58976.891    31.129    -0.41    0.91
 -58604.035    31.030    -0.27    0.96
 -58231.218    31.246     0.58    1.01
 -57858.438    31.421     0.47    1.03
 -57485.698    31.268    -0.41    1.19
 -57112.995    31.276     0.02    1.15
 -56740.331    31.146    -0.35    1.18
 -56367.705    30.895    -0.67    1.03
 -55995.117    30.960     0.17    0.93
 -55622.568    31.041     0.22    0.91
 -55250.057    31.353     0.84    1.08
 -54877.584    31.156    -0.53    1.13
 -54505.150    31.277     0.32    1.00
 -54132.753    31.263    -0.04    0.92
 -53760.395    31.149    -0.31    0.74
 -53388.075    31.331     0.49    0.76
 -53015.793    31.427     0.26    0.75
 -52643.550    31.532     0.28    0.83
 -52271.344    31.497    -0.09    0.85
 -51899.177    31.292    -0.55    0.94
 -51527.048    30.960    -0.89    0.84
 -51154.957    30.817    -0.38    0.81
 -50782.904    30.704    -0.31    0.74
 -50410.889    30.621    -0.22    0.79
 -50038.912    30.466    -0.41    0.85
 -49666.973    30.566     0.27    0.94
 -49295.073    30.442    -0.33    0.98
 -48923.210    30.287    -0.42    0.98
 -48551.385    30.252    -0.09    1.07
 -48179.599    30.111    -0.38    0.93
 -47807.850    30.206     0.25    0.83
 -47436.139    30.164    -0.11    0.92
 -47064.467    30.131    -0.09    1.00
 -46692.832    30.285     0.42    1.06
 -46321.235    30.240    -0.12    1.06
 -45949.676    30.264     0.06    0.99
 -45578.155    30.233    -0.08    0.91
 -45206.672    29.913    -0.86    0.91
 -44835.227    29.514    -1.07    0.95
 -44463.820    29.297    -0.58    0.97
 -44092.450    28.817    -1.29    1.08
 -43721.119    28.515    -0.81    1.02
 -43349.825    28.171    -0.93    0.80
 -42978.569    28.014    -0.42    0.85
 -42607.351    27.813    -0.54    0.82
 -42236.171    27.906     0.25    0.86
 -41865.028    28.031     0.34    0.87
 -41493.923    28.239     0.56    0.81
 -41122.856    28.229    -0.03    0.80
 -40751.827    28.003    -0.61    0.83
 -40380.836    28.043     0.11    0.82
 -40009.882    28.549     1.36    1.09
 -39638.966    28.674     0.34    1.24
 -39268.087    27.568    -2.98    2.43
 -38897.246    26.269    -3.50    2.73
 -38526.443    24.655    -4.35    1.97
 -38155.678    23.708    -2.56    0.57
 -37784.950    23.585    -0.33    0.00
 -37414.260    23.585     0.00    0.00
 -37043.607    23.585     0.00    0.00
 -36672.992    23.585     0.00    0.00
 -36302.415    23.585     0.00    0.00
 -35931.875    23.585     0.00    0.00
 -35561.373    23.585     0.00    0.00
 -35186.390    23.585     0.00    0.00
 -34808.270    23.585     0.00    0.00
 -34430.189    23.971     1.02    0.92
 -34052.147    24.460     1.29    1.27
 -33674.145    24.935     1.26    1.39
 -33296.181    25.418     1.28    1.26
 -32918.257    25.516     0.26    1.18
 -32540.372    25.760     0.65    1.15
 -32162.526    26.199     1.16    1.03
 -31784.719    26.585     1.02    0.89
 -31406.951    26.708     0.33    0.89
 -31029.223    26.478    -0.61    0.93
 -30651.533    26.258    -0.58    0.96
 -30273.883    25.907    -0.93    0.97
 -29896.271    25.281    -1.66    1.20
 -29518.699    24.723    -1.48    1.13
 -29141.166    24.275    -1.19    0.96
 -28763.671    24.228    -0.12    0.82
 -28386.216    24.653     1.13    0.91
 -28008.800    25.027     0.99    1.04
 -27631.423    25.059     0.08    1.09
 -27254.084    24.871    -0.50    1.19
 -26876.785    23.234    -4.34    4.03
 -26499.525    19.989    -8.60    7.18
 -26122.303    16.515    -9.21    9.13
 -25745.120    13.497    -8.00    9.66
 -25367.977    10.785    -7.19    9.15
 -24990.872     7.941    -7.54    7.67
 -24613.806     5.603    -6.20    5.21
 -24236.779     4.532    -2.84    2.95
 -23859.791     4.936     1.07    3.32
 -23482.841     4.817    -0.31    3.30
 -23105.931     5.515     1.85    3.18
 -22729.059     6.403     2.36    2.98
 -22352.226     5.620    -2.08    2.91
 -21975.432     6.181     1.49    2.70
 -21598.676     5.500    -1.81    2.47
 -21221.959     5.192    -0.82    2.19
 -20845.281     6.094     2.39    2.06
 -20468.642     6.757     1.76    1.83
 -20092.042     6.567    -0.51    2.19
 -19715.480     5.416    -3.06    2.88
 -19338.957     4.239    -3.13    3.07
 -18962.472     2.567    -4.44    2.20
 -18586.026     1.760    -2.14    1.12
 -18209.619     1.568    -0.51    1.20
 -17833.250     1.445    -0.33    1.26
 -17456.920     1.392    -0.14    1.20
 -17080.629     1.796     1.07    1.74
 -16704.376     2.381     1.56    2.12
 -16328.162     2.964     1.55    2.03
 -15951.986     3.335     0.99    1.88
 -15575.849     3.076    -0.69    1.42
 -15199.750     2.655    -1.12    1.15
 -14823.690     2.462    -0.51    1.10
 -14447.669     2.304    -0.42    1.16
 -14071.686     2.131    -0.46    1.32
 -13695.741     2.585     1.21    1.52
 -13319.835     2.797     0.56    1.86
 -12943.967     2.913     0.31    1.57
 -12568.138     2.835    -0.21    1.52
 -12192.347     2.895     0.16    1.65
 -11816.594     3.252     0.95    1.49
 -11440.880     3.156    -0.25    1.71
 -11065.205     3.297     0.37    1.95
 -10689.567     3.816     1.38    2.26
 -10313.968     4.192     1.00    2.48
  -9938.408     4.421     0.61    2.62
  -9562.885     3.848    -1.53    2.15
  -9187.402     2.889    -2.56    2.46
  -8811.956     2.480    -1.09    2.43
  -8436.548     2.796     0.84    2.22
  -8061.179     3.067     0.72    1.99
  -7685.848     3.212     0.39    1.73
  -7310.556     3.385     0.46    1.52
  -6935.301     4.357     2.59    2.19
  -6560.085     5.299     2.51    2.72
  -6184.907     6.067     2.05    2.51
  -5809.768     6.515     1.19    2.32
  -5434.666     5.989    -1.40    2.43
  -5059.603     4.906    -2.89    2.23
  -4684.577     4.603    -0.81    2.00
  -4309.590     4.375    -0.61    2.06
  -3934.641     4.803     1.14    1.97
  -3559.730     5.094     0.77    2.15
  -3184.858     4.960    -0.36    2.06
  -2810.023     4.375    -1.56    1.99
  -2435.226     4.392     0.05    2.03
  -2060.468     4.996     1.61    2.22
  -1685.747     5.304     0.82    1.98
  -1311.065     4.858    -1.19    1.90
   -936.420     3.375    -3.96    2.74
   -561.814     1.566    -4.83    2.39
   -187.246     0.399    -3.12    1.80
    187.285    -0.415    -2.17    0.00
    561.777     0.410     2.20    2.23
    936.232     0.673     0.70    2.63
   1310.649     1.406     1.96    2.85
   1685.027     1.839     1.16    2.92
   2059.368     1.604    -0.63    2.59
   2433.671     2.515     2.43    2.32
   2807.936     3.659     3.06    2.89
   3182.163     4.689     2.75    2.76
   3556.352     4.603    -0.23    3.01
   3930.503     3.844    -2.03    3.41
   4304.617     3.129    -1.91    2.85
   4678.693     3.121    -0.02    2.91
   5052.731     2.619    -1.34    2.28
   5426.731     3.953     3.57    5.30
   5800.693     9.568    15.01   10.22
   6174.618    15.344    15.45   10.74
   6548.504    20.853    14.73    7.47
   6922.353    23.678     7.56    0.76
   7296.165    23.602    -0.20    0.76
   7669.938    23.442    -0.43    0.72
   8043.674    23.111    -0.89    0.80
   8417.373    22.796    -0.85    0.96
   8791.033    22.406    -1.04    1.11
   9164.656    22.212    -0.52    1.11
   9538.241    22.124    -0.24    1.09
   9911.789    22.129     0.01    1.21
  10285.299    22.367     0.64    1.10
  10658.771    22.322    -0.12    0.92
  11032.206    22.460     0.37    0.92
  11405.603    22.515     0.15    0.96
  11778.962    22.655     0.38    0.90
  12152.284    22.549    -0.28    0.97
  12525.569    22.416    -0.36    1.21
  12898.816    22.149    -0.71    1.13
  13272.025    22.110    -0.10    1.01
  13645.197    21.811    -0.80    1.01
  14018.332    21.656    -0.42    0.83
  14391.428    21.478    -0.48    0.82
  14764.488    21.287    -0.51    0.82
  15137.510    21.199    -0.24    0.84
  15510.494    20.953    -0.66    0.77
  15883.442    20.831    -0.33    0.79
  16256.351    20.764    -0.18    0.77
  16629.224    20.743    -0.06    0.77
  17002.058    20.752     0.02    0.84
  17374.856    20.462    -0.78    0.80
  17747.616    20.185    -0.74    0.93
  18120.339    19.585    -1.61    1.13
  18493.024    18.989    -1.60    1.05
  18865.672    18.567    -1.13    0.88
  19238.283    18.246    -0.86    0.82
  19610.857    18.139    -0.29    0.85
  19983.393    17.895    -0.65    0.90
  20355.892    17.476    -1.13    1.07
  20728.354    17.077    -1.07    0.97
  21100.778    16.624    -1.22    1.01
  21473.165    16.317    -0.82    1.02
  21845.515    16.287    -0.08    1.03
  22217.828    16.427     0.38    1.07
  22590.104    16.567     0.38    1.00
  22962.342    16.480    -0.23    1.05
  23334.543    16.299    -0.48    1.23
  23706.707    15.894    -1.09    1.10
  24078.834    15.826    -0.18    1.10
  24450.924    15.785    -0.11    0.99
  24822.976    15.873     0.24    1.10
  25194.992    16.143     0.72    1.16
  25566.970    16.264     0.32    1.11
  25938.912    16.264     0.00    1.11
  26310.816    16.111    -0.41    1.12
  26682.683    15.978    -0.36    1.25
  27054.513    16.024     0.12    1.15
  27426.306    16.006    -0.05    1.15
  27798.062    16.121     0.31    1.08
  28169.782    15.895    -0.61    1.03
  28541.464    15.621    -0.74    0.98
  28913.109    15.322    -0.81    1.01
  29284.717    14.849    -1.27    0.74
  29656.288    14.781    -0.18    0.64
  30027.822    14.733    -0.13    0.63
  30399.320    14.831     0.26    0.83
  30770.780    14.978     0.40    1.09
  31142.203    15.357     1.02    1.46
  31513.590    15.655     0.80    1.75
  31884.940    15.676     0.06    1.69
  32256.253    15.706     0.08    1.56
  32627.529    15.299    -1.09    1.41
  32998.768    14.996    -0.82    1.09
  33369.970    15.104     0.29    1.19
  33741.135    15.182     0.21    1.13
  34112.264    15.321     0.38    1.21
  34483.356    15.878     1.50    1.57
  34854.411    16.496     1.66    1.63
  35225.429    16.603     0.29    1.72
  35596.411    16.406    -0.53    1.70
  35967.356    15.708    -1.88    1.46
  36338.264    15.076    -1.70    1.02
  36709.135    15.121     0.12    0.95
  37079.970    15.103    -0.05    1.21
  37450.768    15.021    -0.22    1.33
  37821.529    14.728    -0.79    1.37
  38192.254    14.527    -0.54    1.26
  38562.942    14.723     0.53    1.37
  38933.593    14.942     0.59    1.30
  39304.208    15.462     1.40    1.27
  39678.749    15.656     0.52    1.37
  40056.786    15.710     0.14    1.50
  40434.785    15.883     0.46    1.51
  40812.746    15.906     0.06    1.60
  41190.668    16.139     0.62    1.66
  41568.553    16.712     1.52    1.49
  41946.399    16.796     0.22    1.33
  42324.207    16.424    -0.98    1.28
  42701.977    16.410    -0.04    1.23
  43079.709    15.799    -1.62    1.02
  43457.403    15.887     0.23    1.12
  43835.059    15.941     0.14    1.11
  44212.676    15.937    -0.01    0.91
  44590.256    15.671    -0.70    0.47
  44967.797    15.585    -0.23    0.00
  45345.301    15.585     0.00    0.00
  45722.766    15.585     0.00    0.00
  46100.194    15.585     0.00    0.00
  46477.583    15.603     0.05    0.13
  46854.934    15.715     0.30    0.58
  47232.248    15.639    -0.20    0.88
  47609.523    15.764     0.33    1.11
  47986.761    15.906     0.38    1.31
  48363.961    15.960     0.14    1.34
  48741.122    16.122     0.43    1.40
  49118.246    16.269     0.39    1.36
  49495.332    16.240    -0.08    1.22
  49872.380    16.223    -0.04    1.24
  50249.390    16.655     1.15    1.18
  50626.362    16.813     0.42    1.23
  51003.297    17.049     0.63    1.32
  51380.193    16.889    -0.43    1.63
  51757.052    16.655    -0.62    1.78
  52133.873    16.344    -0.83    1.76
  52510.656    16.299    -0.12    1.55
  52887.402    16.289    -0.03    1.47
  53264.109    16.339     0.13    1.30
  53640.779    16.585     0.65    1.13
  54017.411    16.603     0.05    1.22
  54394.006    16.654     0.13    1.28
  54770.562    16.512    -0.38    1.35
  55147.081    16.602     0.24    1.40
  55523.563    16.764     0.43    1.21
  55900.006    16.971     0.55    1.18
  56276.412    16.883    -0.23    1.34
  56652.781    16.710    -0.46    1.63
  57029.111    16.076    -1.68    2.15
  57405.405    15.585    -1.31    2.64
  57781.660    14.883    -1.86    2.77
  58157.878    13.925    -2.55    2.63
  58534.058    13.269    -1.74    2.16
  58910.201    12.712    -1.48    1.45
  59286.306    12.621    -0.24    1.26
  59662.374    12.866     0.65    1.41
  60038.404    13.240     0.99    1.60
  60414.397    13.462     0.59    1.59
  60790.352    13.641     0.47    1.57
  61166.269    14.024     1.02    1.31
  61542.149    14.076     0.14    1.37
  61917.992    13.853    -0.59    1.31
  62293.797    14.112     0.69    1.59
  62669.565    13.924    -0.50    1.81
  63045.295    13.924     0.00    1.93
  63420.988    13.731    -0.52    1.89
  63796.644    13.531    -0.53    1.85
  64172.262    13.604     0.19    1.64
  64547.843    13.743     0.37    1.58
  64923.386    13.710    -0.09    1.71
  65298.892    14.228     1.38    2.03
  65674.361    15.146     2.45    2.78
  66049.792    17.496     6.26    5.17
  66425.186    21.146     9.72    6.67
  66800.543    24.374     8.60    6.90
  67175.863    27.585     8.56    5.59
  67551.145    29.367     4.75    4.21
  67926.390    30.164     2.12    3.12
  68301.597    30.638     1.26    2.92
  68676.768    30.655     0.05    2.87
  69051.901    29.960    -1.85    3.70
  69426.997    27.944    -5.38    4.92
  69802.056    25.297    -7.06    5.19
  70177.078    23.603    -4.52    3.92
  70552.062    24.743     3.04    4.14
  70927.010    27.531     7.43    4.62
  71301.920    30.299     7.38    3.70
  71676.793    32.585     6.10    2.76
  72051.629    33.603     2.72    3.17
  72426.428    35.353     4.67    3.47
  72801.190    36.733     3.68    3.87
  73175.914    37.978     3.32    3.60
  73550.602    38.962     2.63    3.48
  73925.252    39.445     1.29    3.35
  74299.866    39.770     0.87    3.20
  74674.442    39.912     0.38    2.87
  75048.982    39.410    -1.34    2.82
  75423.484    37.967    -3.85    4.98
  75797.950    34.410    -9.50    6.71
  76172.378    31.316    -8.26    6.35
  76546.770    30.228    -2.91    4.65
  76921.124    31.821     4.26    4.95
  77295.442    35.406     9.58    5.52
  77669.723    39.858    11.89    3.94
  78043.966    42.221     6.32    2.51
  78418.173    44.353     5.70    2.56
  78792.343    45.949     4.26    2.34
  79166.476    47.392     3.86    2.54
  79540.573    48.981     4.25    2.66
  79914.632    51.392     6.44    5.23
  80288.655    54.317     7.82    6.98
  80662.640    56.831     6.72    7.07
  81036.589    57.656     2.21    6.56
  81410.501    58.085     1.15    5.54
  81784.377    59.139     2.82    4.96
  82158.215    60.403     3.38    4.90
  82532.017    63.371     7.94    5.77
  82905.782    67.027     9.78    5.85
  83279.510    70.281     8.71    5.39
  83653.202    73.659     9.04    5.32
  84026.857    76.427     7.41    4.60
  84400.475    79.240     7.53    4.43
  84774.056    82.287     8.16    4.71
  85147.601    86.094    10.19    6.19
  85521.109    90.912    12.90    6.28
  85894.581    96.269    14.34    6.04
  86268.016   100.378    11.00    3.83
  86641.414   103.174     7.49    3.07
  87014.775   105.252     5.56    2.00
  87388.100   103.906    -3.60    4.38
  87761.389    99.949   -10.60    7.76
  88134.640    93.335   -17.72    9.58
  88507.856    85.549   -20.86    8.71
  88881.034    80.712   -12.96    7.79
  89254.177    74.960   -15.41    7.65
  89627.282    70.996   -10.62    7.41
  90000.351    66.620   -11.73    6.30
  90373.384    64.854    -4.73    4.48
  90746.380    68.996    11.10    8.37
  91119.340    75.658    17.86   10.91
  91492.263    85.639    26.76   11.78
  91865.150    96.746    29.78   10.26
  92238.000   103.676    18.59    8.28
  92610.814   109.139    14.65    5.85
  92983.591   112.326     8.55    6.11
  93356.332   112.936     1.64    6.80
  93729.037   112.985     0.13    6.74
  94101.705   109.182   -10.21    8.11
  94474.337   102.359   -18.31   11.11
  94846.933    93.139   -24.74   12.90
  95219.492    83.656   -25.45    9.92
  95592.015    78.817   -12.99    7.16
  95964.501    77.694    -3.01    7.66
  96336.951    78.003     0.83    7.92
  96709.365    80.478     6.64    7.11
  97081.743    82.906     6.52    5.91
  97454.084    84.817     5.13    5.99
  97826.390    86.970     5.78    4.53
  98198.659    87.568     1.61    4.25
  98570.891    86.603    -2.59    5.38
  98943.088    85.006    -4.29    6.11
  99315.248    77.876   -19.16   13.58
  99687.372    68.639   -24.82   17.48
 100059.460    56.312   -33.12   15.30
 100431.512    48.067   -22.16    8.28
 100803.527    43.424   -12.48    5.18
 101175.507    40.858    -6.90    6.75
 101547.450    37.210    -9.81    6.64
 101919.357    33.297   -10.52    3.60
 102291.228    32.076    -3.28    1.35
 102663.063    34.549     6.65    5.44
 103034.862    39.760    14.02    9.08
 103406.625    47.367    20.46   11.24
 103778.351    55.442    21.72   10.21
 104150.042    62.385    18.68    7.90
 104521.697    65.299     7.84    6.31
 104893.315    68.710     9.18    6.21
 105264.898    71.696     8.04    7.91
 105636.445    77.989    16.93    9.67
 106007.955    85.624    20.55    9.96
 106379.430    92.690    19.02    9.70
 106750.868    99.371    17.98    7.21
 107122.271   101.638     6.10    5.19
 107493.638    99.803    -4.94    6.77
 107864.969    95.322   -12.07    9.28
 108236.264    88.894   -17.31    9.80
 108607.523    83.406   -14.78   10.30
 108978.746    73.304   -27.21   17.27
 109349.933    62.623   -28.77   18.96
 109721.085    57.942   -12.61   15.84
 110092.200    57.893    -0.13   14.16
 110463.280    68.924    29.73   16.56
 110834.324    82.549    36.71   12.87
 111205.332    92.252    26.15   11.79
 111576.304   103.258    29.66   10.97
 111947.241   113.146    26.66   12.10
 112318.142   122.858    26.18   10.73
 112689.006   128.799    16.02    7.72
 113059.836   131.942     8.47    3.62
 113430.629   131.363    -1.56    3.18
 113801.387   128.764    -7.01    3.48
 114172.109   126.159    -7.02    4.68
 114546.277   122.621    -9.46    6.20
 114924.234   120.227    -6.33    6.51
 115302.154   121.375     3.04    7.84
 115680.037   127.031    14.97    9.48
 116057.882   133.196    16.31    8.69
 116435.690   138.269    13.43    5.88
 116813.461   140.774     6.63    2.90
 117191.195   138.497    -6.03    5.24
 117568.892   133.472   -13.30    8.08
 117946.551   126.549   -18.33    9.80
 118324.174   119.085   -19.76   11.00
 118701.759   111.924   -18.96   11.15
 119079.307   103.041   -23.53   10.34
 119456.819    94.679   -22.15   10.09
 119834.293    83.728   -29.01   15.50
 120211.730    73.830   -26.22   12.91
 120589.130    72.497    -3.53   10.93
 120966.493    78.424    15.70   14.69
 121343.818    89.371    29.01   12.69
 121721.107    99.067    25.70    8.55
 122098.359   105.472    16.98    6.05
 122475.574   107.835     6.26    4.69
 122852.752   110.094     5.99    4.32
 123229.893   111.532     3.81    4.45
 123606.997   110.781    -1.99    5.09
 123984.064   109.014    -4.69    7.34
 124361.095   101.085   -21.03   12.74
 124738.088    94.385   -17.77   11.30
 125115.044    90.764    -9.61    7.95
 125491.964    92.019     3.33    8.38
 125868.847    98.996    18.51    8.57
 126245.692   106.367    19.56    8.12
 126622.501   112.281    15.69    8.47
 126999.274   119.942    20.33    7.74
 127376.009   125.659    15.17    7.32
 127752.707   132.317    17.67    7.31
 128129.369   138.200    15.62    6.02
 128505.994   142.549    11.55    4.76
 128882.582   145.326     7.37    2.73
 129259.134   143.844    -3.93    4.82
 129635.648   138.901   -13.13    8.26
 130012.126   131.712   -19.09    9.57
 130388.567   121.550   -26.99   10.10
 130764.972   112.777   -23.30    9.27
 131141.340   103.639   -24.28   11.08
 131517.671    97.492   -16.33    8.00
 131893.965    96.156    -3.55    7.41
 132270.223   100.233    10.83    9.66
 132646.444   107.440    19.15    7.92
 133022.629   112.424    13.25    5.65
 133398.777   114.159     4.61    6.29
 133774.888   113.210    -2.52    7.68
 134150.963   113.122    -0.23    7.97
 134527.001   115.960     7.55    8.67
 134903.003   122.799    18.19    9.50
 135278.968   129.312    17.32    9.91
 135654.896   136.427    18.92    8.33
 136030.788   142.661    16.58    6.55
 136406.644   147.410    12.63    4.60
 136782.463   150.453     8.10    2.70
 137158.245   152.031     4.20    1.88
 137533.991   153.040     2.68    1.45
 137909.700   153.335     0.79    1.53
 138285.373   152.440    -2.38    1.95
 138661.010   150.906    -4.08    2.67
 139036.610   147.281    -9.65    5.02
 139412.174   142.239   -13.42    6.92
 139787.701   134.853   -19.67    9.49
 140163.192   126.585   -22.02   10.20
 140538.647   117.567   -24.02   10.92
 140914.065   107.746   -26.16   10.36
 141289.447   100.440   -19.46    9.64
 141664.792    97.871    -6.84    7.63
 142040.101    99.396     4.06    8.29
 142415.374    98.392    -2.68   10.67
 142790.611    97.679    -1.90   10.58
 143165.811    98.121     1.18    9.29
 143540.975   102.021    10.40   11.21
 143916.102   110.889    23.63   12.82
 144291.194   122.440    30.79   11.20
 144666.249   131.918    25.27   10.18
 145041.268   139.460    20.11    7.36
 145416.250   143.200     9.97    5.98
 145791.197   144.514     3.50    7.45
 146166.107   146.030     4.04    7.60
 146540.981   148.496     6.58    6.78
 146915.819   152.331    10.23    4.56
 147290.621   154.906     6.87    3.42
 147665.387   156.389     3.95    1.98
 148040.116   156.733     0.92    1.35
 148414.809   156.385    -0.93    1.56
 148789.467   155.622    -2.04    1.74
 149164.088   154.674    -2.53    1.95
 149538.673   152.659    -5.38    4.03
 149913.222   148.067   -12.26    7.55
 150287.735   140.876   -19.20   10.01
 150662.211   132.246   -23.04   10.67
 151036.652   122.024   -27.30   10.26
 151411.057   113.264   -23.39    9.54
 151785.426   105.389   -21.03    9.40
 152159.758    97.874   -20.07    7.51
 152534.055    94.985    -7.72    6.00
 152908.316    96.476     3.98    8.41
 153282.541   101.264    12.79   10.40
 153656.730   109.710    22.57    9.88
 154030.883   116.715    18.72    9.53
 154405.000   122.531    15.55    7.34
 154779.081   125.113     6.90    4.83
 155153.126   122.014    -8.29    7.17
 155527.135   116.662   -14.31    8.99
 155901.108   109.121   -20.16    9.22
 156275.046   101.139   -21.34    7.61
 156648.948    93.210   -21.20   10.41
 157022.813    85.785   -19.86    9.69
 157396.643    83.603    -5.84    8.29
 157770.437    88.335    12.66   12.01
 158144.196    99.547    29.99   14.31
 158517.918   112.674    35.12   14.86
 158891.605   124.374    31.30   11.42
 159265.256   131.858    20.03    7.31
 159638.871   135.085     8.64    3.62
 160012.451   133.312    -4.74    5.89
 160385.994   128.985   -11.58    7.72
 160759.502   126.803    -5.84    7.08
 161132.975   127.853     2.81    7.49
 161506.411   131.472     9.69    6.77
 161879.812   133.103     4.37    5.49
 162253.177   130.835    -6.07    6.93
 162626.507   125.299   -14.83    9.42
 162999.801   122.694    -6.98    7.26
 163373.059   122.339    -0.95    7.31
 163746.282   125.725     9.07    6.58
 164119.469   128.476     7.37    5.83
 164492.620   131.264     7.47    6.16
 164865.736   134.434     8.50    5.34
 165238.816   134.835     1.07    5.07
 165611.861   133.752    -2.90    6.62
 165984.870   132.367    -3.71    5.41
 166357.843   132.245    -0.33    4.55
 166730.781   135.514     8.76    5.29
 167103.684   140.312    12.87    5.64
 167476.551   143.835     9.45    4.74
 167849.382   144.049     0.57    5.48
 168222.178   139.363   -12.57    9.76
 168594.938   132.335   -18.85   11.01
 168967.664   126.854   -14.70    7.18
 169340.353   125.817    -2.78    6.48
 169713.007   130.038    11.32    7.04
 170085.626   136.764    18.05    9.42
 170458.209   145.104    22.38    8.91
 170830.757   151.918    18.29    7.63
 171203.270   157.531    15.07    5.37
 171575.747   161.476    10.59    4.25
 171948.188   165.246    10.12    3.79
 172320.595   168.094     7.65    3.59
 172692.966   171.460     9.04    3.42
 173065.301   173.950     6.69    2.56
 173437.602   176.317     6.36    2.55
 173809.867   178.307     5.34    2.36
 174182.097   180.049     4.68    2.52
 174554.291   182.203     5.79    2.37
 174926.450   183.789     4.26    2.32
 175298.574   184.299     1.37    2.52
 175670.663   182.770    -4.11    4.68
 176042.716   178.299   -12.01    7.68
 176414.735   172.277   -16.18    9.30
 176786.718   167.673   -12.38    9.27
 177158.665   165.624    -5.51    8.27
 177530.578   168.567     7.91    8.06
 177902.455   172.858    11.54    6.60
 178274.298   174.924     5.56    5.95
 178646.105   175.715     2.13    6.71
 179017.877   176.276     1.51    7.20
 179389.613   179.871     9.67    7.32
 179761.315   183.789    10.54    5.89
 180132.982   187.621    10.31    3.63
 180504.613   189.374     4.72    1.76
 180876.209   188.228    -3.08    3.09
 181247.771   185.547    -7.22    3.99
 181619.297   182.192    -9.03    4.00
 181990.788   178.967    -8.68    3.08
 182362.244   176.799    -5.83    2.73
 182733.665   175.159    -4.42    2.18
 183105.052   174.174    -2.65    1.70
 183476.403   173.185    -2.66    1.47
 183847.719   172.511    -1.82    1.59
 184219.000   171.442    -2.88    1.91
 184590.246   170.162    -3.45    2.04
 184961.457   167.906    -6.07    2.88
 185332.633   164.906    -8.08    3.92
 185703.775   160.942   -10.68    5.12
 186074.881   155.912   -13.55    5.57
 186445.952   151.816   -11.04    5.21
 186816.989   147.478   -11.69    4.67
 187187.991   144.640    -7.65    4.15
 187558.957   142.889    -4.72    3.76
 187929.889   141.807    -2.91    4.45
 188300.786   143.494     4.55    6.52
 188671.648   146.181     7.24    6.99
 189042.476   147.817     4.41    5.80
 189416.352   149.854     5.45    5.19
 189794.229   150.764     2.41    5.32
 190172.070   151.622     2.27    4.92
 190549.874   152.752     2.99    3.43
 190927.643   150.853    -5.03    3.82
 191305.375   148.227    -6.95    4.41
 191683.071   146.085    -5.67    4.04
 192060.730   144.510    -4.17    3.66
 192438.354   144.492    -0.05    3.23
 192815.941   144.900     1.08    2.93
 193193.492   145.030     0.34    2.16
 193571.007   144.996    -0.09    2.01
 193948.486   144.378    -1.64    1.92
 194325.929   143.567    -2.15    1.88
 194703.336   142.378    -3.15    2.14
 195080.706   140.912    -3.88    2.58
 195458.041   139.178    -4.60    3.09
 195835.339   137.076    -5.57    3.08
 196212.601   134.858    -5.88    2.88
 196589.827   132.912    -5.16    2.85
 196967.018   131.317    -4.23    2.91
 197344.172   130.094    -3.24    2.69
 197721.290   128.139    -5.19    3.00
 198098.372   125.476    -7.06    4.31
 198475.418   121.731    -9.93    5.10
 198852.429   118.174    -9.43    4.20
 199229.403   117.113    -2.81    3.35
 199606.341   119.067     5.18    5.18
 199983.244   122.962    10.33    5.86
 200360.110   127.139    11.08    5.10
 200736.940   129.676     6.73    3.66
 201113.735   130.185     1.35    3.29
 201490.494   129.442    -1.97    3.70
 201867.217   127.530    -5.08    4.27
 202243.903   125.215    -6.14    4.31
 202620.555   122.066    -8.36    5.07
 202997.170   117.712   -11.56    5.74
 203373.749   113.585   -10.96    5.58
 203750.293   111.003    -6.86    3.86
 204126.801   110.132    -2.31    2.71
 204503.273   111.196     2.83    3.34
 204879.709   113.640     6.49    3.51
 205256.109   115.508     4.96    3.63
 205632.474   117.014     4.00    3.61
 206008.803   118.141     2.99    3.93
 206385.096   118.924     2.08    3.84
 206761.353   120.103     3.13    3.31
 207137.575   120.807     1.87    3.60
 207513.761   121.442     1.69    3.53
 207889.911   121.950     1.35    3.66
 208266.026   122.003     0.14    3.47
 208642.105   121.944    -0.16    3.37
 209018.148   121.906    -0.10    2.82
 209394.156   123.210     3.47    3.37
 209770.128   125.003     4.77    4.40
 210146.065   128.674     9.76    5.43
 210521.965   132.739    10.81    5.62
 210897.831   136.781    10.75    6.27
 211273.660   140.567    10.07    4.82
 211649.454   142.149     4.21    4.52
 212025.213   144.104     5.20    4.63
 212400.936   144.603     1.33    5.69
 212776.623   146.821     5.90    5.71
 213152.275   148.585     4.69    5.47
 213527.892   149.889     3.47    4.97
 213903.473   149.816    -0.19    5.58
 214279.018   148.960    -2.28    4.97
 214654.528   149.400     1.17    4.77
 215030.002   151.674     6.06    5.64
 215405.442   156.353    12.46    5.94
 215780.845   159.967     9.62    4.54
 216156.213   162.424     6.55    2.95
 216531.546   163.393     2.58    3.01
 216906.843   163.514     0.32    3.42
 217282.105   163.378    -0.36    3.78
 217657.332   163.208    -0.45    4.29
 218032.523   162.924    -0.76    4.56
 218407.679   163.270     0.92    4.19
 218782.799   164.942     4.46    4.60
 219157.885   167.434     6.64    4.41
 219532.934   170.427     7.98    3.76
 219907.949   172.643     5.91    3.05
 220282.928   175.159     6.71    3.38
 220657.872   178.149     7.97    3.66
 221032.781   180.603     6.54    3.57
 221407.654   182.472     4.98    3.42
 221782.492   183.974     4.01    5.06
 222157.295   186.694     7.26    5.61
 222532.063   184.220    -6.60    9.05
 222906.795   172.692   -30.75   18.92
 223281.492   157.679   -40.06   21.56
 223656.154   141.424   -43.38   19.20
 224030.781   126.967   -38.58   12.51
 224405.373   119.415   -20.16    9.00
 224779.930   114.442   -13.27    6.39
 225154.451   110.844    -9.60    6.27
 225528.937   106.924   -10.47    7.10
 225903.388   103.124   -10.15    6.40
 226277.804    98.294   -12.90    6.60
 226652.185    93.112   -13.84    5.86
 227026.531    89.067   -10.80    4.80
 227400.842    86.455    -6.98    2.43
 227775.118    86.712     0.69    3.07
 228149.358    91.030    11.53    7.12
 228523.564    95.981    13.23    7.89
 228897.734   101.835    15.64    6.58
 229271.870   106.777    13.21    5.81
 229645.970   112.746    15.95    8.26
 230020.036   120.159    19.81    9.45
 230394.066   127.085    18.51    9.28
 230768.062   135.246    21.82    7.42
 231142.023   139.567    11.55    5.65
 231515.948   137.996    -4.20   10.44
 231889.839   131.472   -17.44   14.96
 232263.695   125.317   -16.46   13.23
 232637.516   123.066    -6.02   10.66
 233011.302   132.076    24.10   16.27
 233385.053   146.067    37.42   14.57
 233758.769   155.233    24.52    9.75
 234132.450   159.585    11.64    5.15
 234506.097   159.215    -0.99    6.33
 234879.708   154.492   -12.64    9.35
 235253.285   149.114   -14.39    8.54
 235626.827   146.863    -6.03    6.13
 236000.334   148.547     4.51    7.63
 236373.807   156.049    20.08   10.31
 236747.244   164.849    23.56   10.93
 237120.647   173.549    23.29   10.37
 237494.015   182.349    23.56    8.45
 237867.348   188.011    15.16    5.50
 238240.647   191.371     9.00    2.42
 238613.911   191.681     0.83    2.00
 238987.140   189.656    -5.42    4.22
 239360.334   185.585   -10.91    6.37
 239733.494   179.749   -15.64    8.37
 240106.619   172.474   -19.49    7.71
 240479.709   166.811   -15.17    6.72
 240852.765   163.112    -9.91    4.82
 241225.786   161.421    -4.53    3.27
 241598.772   161.863     1.18    3.32
 241971.724   164.048     5.86    4.33
 242344.641   169.474    14.55    5.77
 242717.523   174.566    13.65    6.04
 243090.371   180.312    15.41    6.59
 243463.185   186.396    16.32    6.35
 243835.963   191.781    14.44    6.33
 244208.708   196.530    12.73    5.00
 244581.417   199.659     8.39    4.63
 244954.092   202.531     7.71    4.40
 245326.733   204.277     4.68    4.34
 245699.339   206.835     6.86    4.46
 246071.910   209.893     8.20    4.23
 246444.448   212.826     7.87    4.00
 246816.950   214.321     4.01    3.76
 247189.418   210.974    -8.98    8.05
 247561.852   201.937   -24.26   13.32
 247934.251   190.840   -29.79   14.97
 248306.616   178.011   -34.44   14.24
 248678.946   165.604   -33.32   14.03
 249051.242   154.437   -29.99   11.76
 249423.504   145.104   -25.06    9.77
 249795.731   135.889   -24.75    9.79
 250167.924   129.220   -17.91    9.76
 250540.082   122.889   -17.01    7.69
 250912.206   119.955    -7.88    7.59
 251284.296   118.692    -3.39    9.63
 251656.351   115.331    -9.03    9.41
 252028.372   111.076   -11.43    8.27
 252400.359   107.478    -9.67    5.85
 252772.311   108.344     2.33    7.90
 253144.229   115.985    20.54   14.33
 253516.113   129.970    37.60   17.10
 253887.963   144.949    40.27   16.79
 254259.778   158.141    35.47   10.01
 254631.559   162.876    12.73    5.33
 255003.306   160.918    -5.26    9.28
 255375.019   154.639   -16.89   13.10
 255746.697   149.019   -15.12   12.18
 256118.341   145.604    -9.19    9.91
 256489.951   148.752     8.47   12.05
 256861.527   152.437     9.92   13.47
 257233.069   151.040    -3.76   16.70
 257604.577   146.285   -12.79   20.46
 257976.050   135.021   -30.31   21.23
 258347.489   123.113   -32.05   15.02
 258718.894   116.215   -18.57    8.66
 259090.265   111.623   -12.36    4.39
 259461.602   109.879    -4.69    2.65
 259832.905   108.853    -2.76    2.37
 260204.174   107.159    -4.56    2.97
 260575.409   104.955    -5.93    3.96
 260946.609   102.415    -6.84    4.16
 261317.776    99.076    -8.99    3.53
 261688.908    96.412    -7.18    2.59
 262060.007    94.476    -5.22    2.55
 262431.071    92.925    -4.18    1.78
 262802.102    92.478    -1.20    1.83
 263173.099    92.887     1.10    2.22
 263544.061    94.139     3.37    2.54
 263914.990    95.494     3.65    2.16
 264288.633    96.437     2.52    1.80
 264666.436    96.317    -0.32    2.08
 265044.203    94.445    -4.95    3.74
 265421.936    89.985   -11.80    6.50
 265799.633    84.264   -15.14    6.45
 266177.294    79.807   -11.80    5.03
 266554.921    76.871    -7.77    2.74
 266932.512    77.030     0.42    3.27
 267310.068    78.603     4.17    3.99
 267687.589    80.431     4.84    3.32
 268065.074    81.048     1.63    2.13
 268442.524    79.196    -4.90    3.22
 268819.939    76.681    -6.66    4.11
 269197.319    73.567    -8.25    4.58
 269574.664    70.415    -8.35    3.52
 269951.973    68.349    -5.48    2.49
 270329.248    67.252    -2.91    1.87
 270706.487    66.367    -2.34    1.79
 271083.691    65.887    -1.27    1.54
 271460.860    65.240    -1.72    1.49
 271837.994    64.887    -0.93    1.37
 272215.093    64.511    -1.00    1.24
 272592.156    63.840    -1.78    1.42
 272969.185    63.335    -1.34    1.37
 273346.178    62.949    -1.02    1.42
 273723.137    60.826    -5.63    3.83
 274100.060    59.049    -4.71    4.48
 274476.949    59.170     0.32    5.51
 274853.802    60.925     4.65    6.82
 275230.621    66.403    14.53    7.26
 275607.404    70.854    11.81    5.51
 275984.152    74.639    10.04    6.79
 276360.866    78.678    10.72    6.60
 276737.544    82.403     9.89    6.11
 277114.188    86.494    10.86    4.90
 277490.797    88.863     6.29    4.41
 277867.370    90.281     3.77    4.79
 278243.909    89.797    -1.29    5.62
 278620.413    87.531    -6.01    6.72
 278996.882    82.679   -12.88    8.52
 279373.316    76.777   -15.67    8.20
 279749.715    70.996   -15.36    6.31
 280126.080    66.603   -11.67    4.72
 280502.409    63.548    -8.12    3.64
 280878.704    60.220    -8.84    3.86
 281254.964    56.058   -11.06    5.26
 281631.189    51.530   -12.03    5.29
 282007.379    48.141    -9.01    4.17
 282383.535    44.403    -9.93    3.37
 282759.656    41.844    -6.80    3.69
 283135.742    39.400    -6.50    3.09
 283511.793    37.885    -4.03    2.10
 283887.809    37.030    -2.27    1.57
 284263.791    36.755    -0.73    1.53
 284639.738    36.531    -0.59    1.68
 285015.651    35.881    -1.73    1.64
 285391.528    35.245    -1.69    1.36
 285767.371    34.918    -0.87    1.19
