# NaN NaN NaN ;Mean Elev.(m), Avg Gradient(m/km), RMS Gradient(m/km) - SRTM1     
#   25.021   4.330  14.481 ;Mean Elev.(m), Avg Gradient(m/km), RMS Gradient(m/km) - ASTER GDEM
#   24.353   4.378  13.997 ;Mean Elev.(m), Avg Gradient(m/km), RMS Gradient(m/km) - GMTED2010 
 10   150.023 52568.74520406  7.68  50.188656  53.285404  3.127
 10   152.805 52568.74520470  7.05  50.187056  53.288624  3.127
 10   151.934 52568.74520535  6.67  50.185446  53.291844  3.127
 10   153.133 52568.74520599  5.92  50.183846  53.295064  3.127
 10   156.735 52568.74520663  4.42  50.182236  53.298284  3.127
 10   156.771 52568.74520728  4.25  50.180626  53.301494  3.127
 10   160.238 52568.74520792  3.49  50.179016  53.304714  3.127
 10   163.435 52568.74520857  3.48  50.177406  53.307934  3.127
 10   165.209 52568.74520921  3.41  50.175806  53.311154  3.127
 10   184.449 52568.74520986  3.54  50.174196  53.314374  3.127
 10   173.643 52568.74521050  3.13  50.172586  53.317594  3.127
 10   182.953 52568.74521115  4.82  50.170976  53.320804  3.127
 10   171.063 52568.74521179  5.56  50.169366  53.324024  3.127
 15   156.409 52743.74520953  4.04  50.188189  53.283445  6.511
 15   158.134 52743.74521018  2.79  50.186579  53.286665  6.511
 15   158.202 52743.74521082  2.52  50.184979  53.289879  2.704
 15   157.941 52743.74521147  1.60  50.183369  53.293099  2.704
 15   157.428 52743.74521211  1.15  50.181769  53.296319  2.704
 15   163.034 52743.74521276  0.64  50.180159  53.299539  2.704
 15   161.917 52743.74521340  0.80  50.178549  53.302759  2.704
 15   155.113 52743.74521405  2.82  50.176939  53.305979  2.704
 15   156.137 52743.74521469  3.22  50.175339  53.309189  2.704
 15   159.853 52743.74521533  0.61  50.173729  53.312409  2.704
 15   163.395 52743.74521662  0.11  50.170509  53.318849  2.704
 15   164.384 52743.74521727  0.73  50.168909  53.322069  2.704
 15   166.000 52743.74521791  0.70  50.167299  53.325289  2.704
 15   170.001 52743.74521856  1.42  50.165689  53.328509  2.704
 19    29.583 52883.74531914 35.33  50.186926  53.285934 10.704
 19    29.413 52883.74531978 36.37  50.185316  53.289154 10.704
 19    29.510 52883.74532043 35.53  50.183706  53.292367 17.438
 19    29.106 52883.74532107 36.17  50.182096  53.295587 17.438
 19    29.132 52883.74532172 35.26  50.180496  53.298807 17.438
 19    29.237 52883.74532236 33.93  50.178886  53.302027 17.438
 19    29.152 52883.74532301 34.48  50.177276  53.305247 17.438
 19    28.883 52883.74532365 35.73  50.175676  53.308467 17.438
 19    28.849 52883.74532430 35.67  50.174066  53.311677 17.438
 19    29.003 52883.74532494 34.80  50.172456  53.314897 17.438
 19    29.041 52883.74532558 34.05  50.170846  53.318117 17.438
 19    29.045 52883.74532623 33.75  50.169236  53.321337 17.438
 19    29.131 52883.74532687 33.26  50.167636  53.324557 17.438
 19    29.085 52883.74532752 35.57  50.166026  53.327777 17.438
 20   185.020 52918.74527767  1.39  50.190311  53.297384  2.476
 20   185.745 52918.74527832  0.83  50.188701  53.300604  2.476
 20   177.434 52918.74528219  0.19  50.179061  53.319914  2.476
 20   180.634 52918.74528283  0.37  50.177451  53.323134  2.476
 20   178.599 52918.74528347  0.53  50.175851  53.326354  2.476
 20   182.073 52918.74528412  0.40  50.174241  53.329574  2.476
 20   181.893 52918.74528476  1.03  50.172631  53.332794  2.476
 20   182.381 52918.74528541  1.39  50.171021  53.336014  2.476
 22   156.913 52988.74524914  1.45  50.190378  53.302045 11.688
 22   156.071 52988.74524979  3.23  50.188768  53.305265 11.688
 22    90.061 52988.74525043  8.56  50.187168  53.308485 11.688
 22    90.543 52988.74525107  7.89  50.185558  53.311705 11.688
 22   129.503 52988.74525172  1.60  50.183948  53.314925 11.688
 22    91.772 52988.74525236  4.25  50.182338  53.318135 11.688
 22    32.411 52988.74525494 22.51  50.175908  53.331015 11.688
 22    31.562 52988.74525559 30.69  50.174298  53.334235 11.688
 23    29.175 53023.74523647 29.64  50.192090  53.303034 10.829
 23    29.315 53023.74523711 29.47  50.190480  53.306254 10.829
 23    29.222 53023.74523776 30.26  50.188870  53.309474 10.829
 23    29.225 53023.74523840 30.60  50.187270  53.312694 10.829
 23    29.289 53023.74523905 29.88  50.185660  53.315904 10.829
 23    29.055 53023.74523969 30.95  50.184050  53.319124 10.829
 23    29.239 53023.74524034 29.60  50.182440  53.322344 10.829
 23    29.138 53023.74524098 29.33  50.180830  53.325564 10.829
 23    29.144 53023.74524163 28.06  50.179230  53.328784 10.829
 25   153.414 53093.74526745  6.52  50.187683  53.289413  6.007
 25   155.241 53093.74526809  5.42  50.186073  53.292633  6.007
 25   155.291 53093.74526874  4.60  50.184474  53.295847  2.827
 25   156.649 53093.74526938  4.85  50.182864  53.299067  2.827
 25   156.986 53093.74527002  1.93  50.181254  53.302287  2.827
 25   159.553 53093.74527067  2.27  50.179654  53.305507  2.827
 25   163.177 53093.74527131  2.08  50.178044  53.308727  2.827
 25   166.764 53093.74527260  1.53  50.174834  53.315167  2.827
 25   183.736 53093.74527325  1.97  50.173224  53.318377  2.827
 25   169.299 53093.74527389  1.86  50.171614  53.321597  2.827
 25   170.188 53093.74527454  2.47  50.170004  53.324817  2.827
 26   160.187 53128.74523885  6.56  50.188421  53.288193  5.855
 26   159.891 53128.74523949  5.45  50.186811  53.291413  5.855
 26   159.230 53128.74524014  4.24  50.185206  53.294625  2.629
 26   158.405 53128.74524078  3.76  50.183596  53.297845  2.629
 26   163.348 53128.74524143  3.02  50.181986  53.301065  2.629
 26   162.402 53128.74524207  2.62  50.180386  53.304285  2.629
 26   163.108 53128.74524272  2.47  50.178776  53.307505  2.629
 26   184.647 53128.74524336  1.54  50.177166  53.310725  2.629
 26   175.022 53128.74524401  1.36  50.175556  53.313935  2.629
 26   176.361 53128.74524465  1.43  50.173946  53.317155  2.629
 26   168.929 53128.74524530  2.86  50.172336  53.320375  2.629
 26   171.885 53128.74524594  1.88  50.170726  53.323595  2.629
 28    29.771 53198.74530615 22.25  50.189193  53.286649  2.927
 28    29.799 53198.74530679 22.29  50.187593  53.289869  2.927
 28    29.746 53198.74530744 23.28  50.185979  53.293083 19.851
 28    29.522 53198.74530808 24.23  50.184379  53.296303 19.851
 28    29.384 53198.74530873 26.17  50.182769  53.299523 19.851
 28    29.280 53198.74530937 26.81  50.181159  53.302743 19.851
 28    29.155 53198.74531002 28.34  50.179559  53.305963 19.851
 28    29.252 53198.74531066 29.16  50.177949  53.309183 19.851
 28    29.244 53198.74531131 30.02  50.176339  53.312393 19.851
 28    29.357 53198.74531195 31.51  50.174729  53.315613 19.851
 28    29.507 53198.74531260 32.52  50.173119  53.318833 19.851
 28    29.680 53198.74531324 32.15  50.171509  53.322053 19.851
 30    29.251 53268.74525155 43.46  50.183522  53.319179 21.021
 30    29.337 53268.74525220 43.87  50.181912  53.322399 21.021
 30    29.289 53268.74525284 46.57  50.180302  53.325619 21.021
 30    29.303 53268.74525348 42.73  50.178702  53.328839 21.021
 30    29.130 53268.74525413 51.17  50.177092  53.332059 21.021
 33    29.322 53373.74521006 32.04  50.191492  53.306328 18.896
 33    29.302 53373.74521070 32.05  50.189882  53.309548 18.896
 33    29.515 53373.74521135 33.46  50.188272  53.312768 18.896
 33    29.199 53373.74521199 30.71  50.186672  53.315978 18.896
 33    29.442 53373.74521264 37.30  50.185062  53.319198 18.896
 33    29.441 53373.74521328 35.08  50.183452  53.322418 18.896
 33    29.297 53373.74521393 27.93  50.181842  53.325638 18.896
 33    29.158 53373.74521457 25.63  50.180242  53.328858 18.896
 37    32.927 53513.74531712 31.66  50.187997  53.289059  5.363
 37    32.852 53513.74531776 30.81  50.186397  53.292279  5.363
 37    32.890 53513.74531841 31.23  50.184792  53.295494 19.392
 37    32.836 53513.74531905 29.85  50.183182  53.298714 19.392
 37    32.846 53513.74531970 30.78  50.181572  53.301934 19.392
 37    32.792 53513.74532034 31.31  50.179962  53.305154 19.392
 37    32.698 53513.74532099 32.66  50.178362  53.308374 19.392
 37    32.648 53513.74532163 33.73  50.176752  53.311594 19.392
 37    32.747 53513.74532227 35.39  50.175142  53.314804 19.392
 37    32.801 53513.74532292 36.49  50.173532  53.318024 19.392
 37    32.899 53513.74532356 37.65  50.171922  53.321244 19.392
 37    33.068 53513.74532421 39.61  50.170312  53.324464 19.392
 38   151.719 53548.74533498  4.30  50.187340  53.286191  3.661
 38   152.251 53548.74533562  3.72  50.185730  53.289411  3.661
 38   158.039 53548.74533627  2.62  50.184124  53.292627  2.368
 38   152.283 53548.74533691  2.05  50.182514  53.295847  2.368
 38   156.974 53548.74533756  1.49  50.180914  53.299067  2.368
 38   157.442 53548.74533820  1.02  50.179304  53.302287  2.368
 38   159.336 53548.74533885  0.78  50.177694  53.305507  2.368
 38   170.107 53548.74534271  0.34  50.168054  53.324817  2.368
 38   171.416 53548.74534336  0.97  50.166444  53.328037  2.368
 40    29.052 53618.74526298 43.24  50.179562  53.320871 20.074
 40    30.402 53618.74526362 42.91  50.177952  53.324091 20.074
 40    30.027 53618.74526427 42.37  50.176352  53.327311 20.074
 40    29.139 53618.74526491 37.03  50.174742  53.330531 20.074
 40    29.169 53618.74526555 42.28  50.173132  53.333751 20.074
 40    29.272 53618.74526620 43.98  50.171522  53.336971 20.074
 41    30.305 53653.74527938 19.98  50.186194  53.285581  9.654
 41    30.118 53653.74528002 18.27  50.184584  53.288801  9.654
 41    29.883 53653.74528067 18.19  50.182986  53.292023  3.402
 41    30.014 53653.74528131 16.76  50.181376  53.295233  3.402
 44    29.573 53758.74514192 24.88  50.189135  53.289627  4.196
 44    29.531 53758.74514256 26.83  50.187529  53.292838 11.520
 44    29.538 53758.74514321 26.83  50.185919  53.296058 11.520
 44    29.507 53758.74514385 28.03  50.184309  53.299278 11.520
 44    29.559 53758.74514450 27.00  50.182709  53.302498 11.520
 44    29.544 53758.74514514 27.13  50.181099  53.305718 11.520
 44    29.453 53758.74514579 28.61  50.179489  53.308938 11.520
 44    29.386 53758.74514643 30.25  50.177879  53.312148 11.520
 44    29.386 53758.74514708 30.95  50.176269  53.315368 11.520
 44    29.441 53758.74514772 30.19  50.174659  53.318588 11.520
 44    29.602 53758.74514836 31.76  50.173049  53.321808 11.520
 45    29.260 53793.74516428 17.85  50.191582  53.297689  5.955
 45    29.197 53793.74516492 17.96  50.189982  53.300909  5.955
 45    29.089 53793.74516556 18.78  50.188372  53.304129  5.955
 45    29.093 53793.74516621 18.93  50.186762  53.307349  5.955
 45    29.149 53793.74516685 18.65  50.185162  53.310569  5.955
 45    29.121 53793.74516750 19.19  50.183552  53.313779  5.955
 45    29.115 53793.74516814 20.13  50.181942  53.316999  5.955
 45    29.112 53793.74516879 20.43  50.180332  53.320219  5.955
 45    29.157 53793.74516943 19.69  50.178722  53.323439  5.955
 45    29.103 53793.74517008 19.95  50.177122  53.326659  5.955
 45    28.937 53793.74517072 20.75  50.175512  53.329879  5.955
 45    28.820 53793.74517137 20.11  50.173902  53.333099  5.955
 45    28.843 53793.74517201 19.28  50.172292  53.336309  5.955
 46   148.190 53828.74513372  7.49  50.187656  53.281575  5.838
 46   141.231 53828.74513501 10.93  50.184446  53.288015  5.838
 46   128.488 53828.74513565 13.42  50.182838  53.291226  3.228
 46   130.102 53828.74513630 12.46  50.181228  53.294446  3.228
 46   162.908 53828.74513694  2.03  50.179618  53.297666  3.228
 46   165.295 53828.74513823  0.48  50.176408  53.304106  3.228
 46   183.449 53828.74513952  0.55  50.173188  53.310546  3.228
 46   183.595 53828.74514016  0.62  50.171578  53.313756  3.228
 46   184.499 53828.74514081  0.43  50.169968  53.316976  3.228
 46   182.569 53828.74514145  1.24  50.168358  53.320196  3.228
 46   181.045 53828.74514210  1.24  50.166758  53.323416  3.228
 46   169.757 53828.74514274  1.99  50.165148  53.326636  3.228
 46   163.038 53828.74514339  3.16  50.163538  53.329856  3.228
 48    29.785 53898.74524083 25.95  50.188360  53.285753  6.212
 48    30.051 53898.74524148 24.80  50.186760  53.288973  6.212
 48    29.940 53898.74524212 23.75  50.185146  53.292186 17.955
 48    29.836 53898.74524276 23.98  50.183546  53.295406 17.955
 48    29.605 53898.74524341 24.30  50.181936  53.298626 17.955
 48    29.678 53898.74524405 25.74  50.180326  53.301846 17.955
 48    29.243 53898.74524470 27.71  50.178726  53.305066 17.955
 48    29.279 53898.74524534 28.37  50.177116  53.308286 17.955
 48    29.161 53898.74524599 31.05  50.175506  53.311506 17.955
 48    29.002 53898.74524663 32.96  50.173896  53.314716 17.955
 48    29.030 53898.74524728 32.62  50.172286  53.317936 17.955
 48    29.344 53898.74524792 31.36  50.170676  53.321156 17.955
 48    29.467 53898.74524857 29.37  50.169076  53.324376 17.955
 50    29.069 53968.74525788 13.65  50.187440  53.286920  7.867
 50    29.636 53968.74525852 13.18  50.185840  53.290140  7.867
 50    29.740 53968.74525917 13.76  50.184230  53.293360  7.867
 50    30.009 53968.74525981 13.98  50.182622  53.296575  5.664
 50    31.298 53968.74526046 15.27  50.181012  53.299795  5.664
 50    31.174 53968.74526110 15.86  50.179412  53.303015  5.664
 50    31.496 53968.74526175 15.97  50.177802  53.306235  5.664
 50    31.893 53968.74526239 16.20  50.176192  53.309455  5.664
 50    31.490 53968.74526303 18.41  50.174592  53.312675  5.664
 50    32.024 53968.74526368 18.51  50.172982  53.315885  5.664
 52   180.246 54038.74526296  0.62  50.189367  53.287053  5.444
 52   181.463 54038.74526361  0.84  50.187757  53.290273  5.444
 52   182.403 54038.74526425  0.05  50.186147  53.293493  5.444
 53   149.200 54073.74525846  2.81  50.189495  53.293286  4.015
 53   151.068 54073.74525910  2.19  50.187883  53.296498  2.583
 53   153.323 54073.74525975  1.75  50.186283  53.299718  2.583
 55    30.052 54143.74519341 17.76  50.187668  53.281934  5.379
 55    30.127 54143.74519406 18.68  50.186068  53.285154  5.379
 55    30.302 54143.74519470 24.03  50.184458  53.288374  5.379
 55    30.368 54143.74519535 22.97  50.182848  53.291594  5.379
 55    30.215 54143.74519599 27.59  50.181245  53.294806 20.269
 55    30.268 54143.74519664 25.40  50.179635  53.298026 20.269
 55    30.245 54143.74519728 23.32  50.178025  53.301246 20.269
 55    30.216 54143.74519793 36.88  50.176425  53.304466 20.269
 55    30.237 54143.74519857 30.64  50.174815  53.307686 20.269
 55    30.348 54143.74519922 25.59  50.173205  53.310906 20.269
 55    30.272 54143.74519986 24.62  50.171595  53.314126 20.269
 55    30.363 54143.74520051 28.78  50.169985  53.317336 20.269
 55    30.049 54143.74520115 23.12  50.168375  53.320556 20.269
 55    30.083 54143.74520180 20.56  50.166765  53.323776 20.269
 55    30.092 54143.74520244 21.71  50.165165  53.326996 20.269
 55    30.018 54143.74520309 19.33  50.163555  53.330216 20.269
 57   156.830 54213.74520097  8.13  50.187705  53.281860  5.120
 57   156.121 54213.74520161  7.62  50.186095  53.285080  5.120
 57   156.218 54213.74520225  6.78  50.184495  53.288300  5.120
 57   156.977 54213.74520290  6.35  50.182879  53.291511  2.888
 57   155.955 54213.74520354  5.65  50.181279  53.294731  2.888
 57   156.438 54213.74520419  5.37  50.179669  53.297951  2.888
 57   156.543 54213.74520483  3.63  50.178059  53.301171  2.888
 57   160.307 54213.74520548  3.91  50.176459  53.304391  2.888
 57   157.730 54213.74520612  4.52  50.174849  53.307611  2.888
 57   159.407 54213.74520677  4.43  50.173239  53.310831  2.888
 57   162.763 54213.74520741  3.57  50.171629  53.314041  2.888
 57   172.618 54213.74520806  3.37  50.170019  53.317261  2.888
 57   173.242 54213.74520870  3.26  50.168409  53.320481  2.888
 57   173.583 54213.74520935  3.24  50.166809  53.323701  2.888
 57   175.179 54213.74520999  3.75  50.165199  53.326921  2.888
 57   170.129 54213.74521064  4.26  50.163589  53.330141  2.888
 58    31.495 54248.74523017 32.45  50.187475  53.286284  5.196
 58    31.518 54248.74523082 30.20  50.185875  53.289504  5.196
 58    31.404 54248.74523146 29.93  50.184260  53.292719 15.921
 58    31.473 54248.74523211 29.92  50.182660  53.295939 15.921
 58    31.335 54248.74523275 29.44  50.181050  53.299159 15.921
 58    31.346 54248.74523340 28.53  50.179440  53.302379 15.921
 58    31.398 54248.74523404 29.67  50.177830  53.305599 15.921
 58    31.311 54248.74523469 29.66  50.176230  53.308819 15.921
 58    31.306 54248.74523533 30.72  50.174620  53.312029 15.921
 58    31.427 54248.74523598 31.75  50.173010  53.315249 15.921
 58    31.365 54248.74523662 32.15  50.171400  53.318469 15.921
 58    31.453 54248.74523727 33.69  50.169790  53.321689 15.921
 58    31.491 54248.74523791 35.54  50.168190  53.324909 15.921
 58    31.547 54248.74523856 38.23  50.166580  53.328129 15.921
 59   159.865 54283.74523948  6.52  50.188452  53.292523  2.363
 59   158.635 54283.74524012  4.94  50.186842  53.295743  2.363
 59   161.202 54283.74524077  4.03  50.185232  53.298963  2.363
 59   159.263 54283.74524141  3.56  50.183622  53.302183  2.363
 59   167.244 54283.74524206  2.98  50.182022  53.305403  2.363
 59   185.342 54283.74524270  2.93  50.180412  53.308623  2.363
 59   167.339 54283.74524334  2.65  50.178802  53.311843  2.363
 59   173.310 54283.74524399  2.89  50.177192  53.315063  2.363
 59   174.336 54283.74524463  2.94  50.175592  53.318273  2.363
 59   176.025 54283.74524528  2.95  50.173982  53.321493  2.363
 62   159.543 54388.74517650  2.52  50.188668  53.289575  6.121
 62   158.628 54388.74517715  0.84  50.187058  53.292795  6.121
 62   158.190 54388.74517779  0.84  50.185451  53.296008  2.371
 62   162.492 54388.74518037  0.02  50.179031  53.308888  2.371
 64    28.892 54458.74515006 32.28  50.187471  53.282264  9.024
 64    28.793 54458.74515071 34.38  50.185861  53.285484  9.024
 64    28.785 54458.74515135 33.61  50.184261  53.288704  9.024
 64    28.724 54458.74515200 33.95  50.182651  53.291924  9.024
 64    28.936 54458.74515264 32.34  50.181044  53.295145 21.470
 64    29.212 54458.74515329 36.63  50.179434  53.298355 21.470
 64    28.955 54458.74515393 31.75  50.177824  53.301575 21.470
 64    29.073 54458.74515458 30.02  50.176224  53.304795 21.470
 64    28.735 54458.74515522 29.45  50.174614  53.308015 21.470
 64    29.177 54458.74515587 30.54  50.173004  53.311235 21.470
 64    29.104 54458.74515651 31.80  50.171394  53.314455 21.470
 64    29.098 54458.74515716 38.79  50.169784  53.317665 21.470
 64    29.066 54458.74515780 47.94  50.168174  53.320885 21.470
 64    29.052 54458.74515844 38.46  50.166564  53.324105 21.470
 64    28.741 54458.74515909 35.50  50.164964  53.327325 21.470
 64    28.722 54458.74515973 33.73  50.163354  53.330545 21.470
 66   149.461 54528.74516345  4.42  50.189094  53.286038  2.620
 66   152.887 54528.74516410  3.65  50.187494  53.289258  2.620
 66   152.053 54528.74516474  3.43  50.185884  53.292478  2.620
 66   151.757 54528.74516539  2.41  50.184274  53.295698  2.620
 66   183.836 54528.74516603  0.48  50.182664  53.298918  2.620
 67   165.355 54563.74516324  2.17  50.191107  53.297590  2.165
 67   166.008 54563.74516388  1.77  50.189507  53.300810  2.165
 67   163.568 54563.74516453  2.35  50.187897  53.304030  2.165
 67   186.983 54563.74516517  1.39  50.186287  53.307240  2.165
 67   180.281 54563.74516582  0.76  50.184687  53.310460  2.165
 67   174.699 54563.74516646  0.73  50.183077  53.313680  2.165
 67   177.273 54563.74516711  0.84  50.181467  53.316900  2.165
 67   179.579 54563.74516775  0.63  50.179867  53.320120  2.165
 67   181.343 54563.74516840  0.97  50.178257  53.323340  2.165
 67   185.602 54563.74516904  0.80  50.176647  53.326560  2.165
 67   176.994 54563.74516968  1.42  50.175037  53.329780  2.165
 67   187.307 54563.74517033  1.25  50.173427  53.332990  2.165
 67   177.127 54563.74517097  1.19  50.171827  53.336210  2.165
 68    31.147 54598.74515947 29.13  50.189123  53.286818 15.193
 68    31.112 54598.74516012 28.60  50.187513  53.290038 15.193
 68    31.013 54598.74516076 28.52  50.185913  53.293258 15.193
 68    31.058 54598.74516140 27.14  50.184303  53.296478 15.193
 68    30.984 54598.74516205 27.53  50.182693  53.299698 15.193
 68    30.946 54598.74516269 28.05  50.181083  53.302918 15.193
 68    30.826 54598.74516334 29.42  50.179483  53.306128 15.193
 68    30.873 54598.74516398 30.53  50.177873  53.309348 15.193
 68    30.813 54598.74516463 31.37  50.176263  53.312568 15.193
 68    30.812 54598.74516527 32.18  50.174653  53.315788 15.193
 68    30.860 54598.74516592 33.35  50.173053  53.319008 15.193
 68    31.043 54598.74516656 33.86  50.171443  53.322228 15.193
 69    30.409 54633.74517356 17.44  50.184821  53.293855  4.935
 69    30.109 54633.74517420 18.73  50.183211  53.297075  4.935
 69    29.852 54633.74517485 18.33  50.181601  53.300295  4.935
 70   155.259 54668.74517778  0.96  50.188377  53.289734  2.346
 70   155.669 54668.74517842  0.71  50.186767  53.292954  2.346
 70   156.435 54668.74517907  0.51  50.185167  53.296174  2.346
 72   150.302 54738.74513841  1.88  50.187885  53.282633  5.795
 72   149.551 54738.74513905  1.05  50.186273  53.285846  2.135
 72   154.597 54738.74513969  0.33  50.184673  53.289066  2.135
 72   154.341 54738.74514034  0.36  50.183063  53.292286  2.135
 72   154.418 54738.74514098  0.17  50.181453  53.295506  2.135
 73   158.330 54773.74512458  1.82  50.189701  53.297353  2.347
 73   185.797 54773.74512522  0.41  50.188091  53.300573  2.347
 73   163.327 54773.74512586  0.15  50.186481  53.303793  2.347
 75    29.983 54843.74512196 25.90  50.189600  53.293822 15.054
 75    29.861 54843.74512260 31.18  50.188000  53.297042 15.054
 75    30.032 54843.74512325 37.58  50.186390  53.300262 15.054
 75    29.943 54843.74512389 28.92  50.184780  53.303482 15.054
 75    29.987 54843.74512454 27.24  50.183180  53.306692 15.054
 75    29.909 54843.74512518 27.11  50.181570  53.309912 15.054
 75    29.943 54843.74512583 26.33  50.179960  53.313132 15.054
 75    29.918 54843.74512647 27.40  50.178350  53.316352 15.054
 75    29.812 54843.74512712 29.10  50.176750  53.319572 15.054
 78    32.981 54948.74512768 34.04  50.187351  53.284004 14.471
 78    32.913 54948.74512832 32.86  50.185751  53.287224 14.471
 78    32.824 54948.74512896 31.75  50.184141  53.290444 14.471
 78    32.802 54948.74512961 32.02  50.182531  53.293664 14.471
 78    32.697 54948.74513025 31.26  50.180931  53.296874 14.471
 78    32.823 54948.74513090 30.66  50.179321  53.300094 14.471
 78    32.830 54948.74513154 31.61  50.177711  53.303314 14.471
 78    32.750 54948.74513219 32.08  50.176101  53.306534 14.471
 78    32.702 54948.74513283 33.94  50.174501  53.309754 14.471
 78    32.791 54948.74513348 34.89  50.172891  53.312974 14.471
 78    32.704 54948.74513412 37.13  50.171281  53.316194 14.471
 78    32.692 54948.74513477 37.69  50.169671  53.319414 14.471
 78    32.878 54948.74513541 38.48  50.168061  53.322624 14.471
 78    32.902 54948.74513606 37.50  50.166451  53.325844 14.471
 78    32.866 54948.74513670 37.97  50.164841  53.329064 14.471
 79    29.941 54983.74515324 33.50  50.187884  53.286061 18.627
 79    29.703 54983.74515388 31.24  50.186274  53.289281 18.627
 79    29.650 54983.74515453 29.89  50.184674  53.292501 18.627
 79    29.676 54983.74515517 29.24  50.183064  53.295721 18.627
 79    29.484 54983.74515582 29.37  50.181454  53.298941 18.627
 79    29.511 54983.74515646 29.25  50.179854  53.302161 18.627
 79    29.495 54983.74515711 29.26  50.178244  53.305371 18.627
 79    29.439 54983.74515775 29.70  50.176634  53.308591 18.627
 79    29.452 54983.74515840 28.11  50.175024  53.311811 18.627
 79    29.637 54983.74515904 28.01  50.173414  53.315031 18.627
 79    29.427 54983.74515969 28.23  50.171814  53.318251 18.627
 79    29.478 54983.74516033 27.44  50.170204  53.321471 18.627
 79    29.590 54983.74516097 28.51  50.168594  53.324691 18.627
 80   160.629 55018.74515082  7.20  50.189363  53.290390  2.501
 80   159.820 55018.74515146  6.08  50.187763  53.293610  2.501
 80   158.299 55018.74515210  5.34  50.186153  53.296830  2.501
 80   157.510 55018.74515275  4.30  50.184543  53.300050  2.501
 80   161.988 55018.74515339  3.88  50.182943  53.303270  2.501
 80   165.138 55018.74515468  3.03  50.179723  53.309700  2.501
 80   171.961 55018.74515533  2.55  50.178113  53.312920  2.501
 80   185.298 55018.74515597  2.69  50.176503  53.316140  2.501
 80   185.181 55018.74515662  2.71  50.174903  53.319360  2.501
 81   154.569 55053.74514753  1.84  50.189455  53.293870 10.069
 81   156.775 55053.74514817  0.92  50.187855  53.297090 10.069
 81   154.741 55053.74514882  0.72  50.186245  53.300310 10.069
 81   159.421 55053.74515075  0.16  50.181425  53.309960 10.069
 83   166.167 55123.74508370  1.27  50.185454  53.292481  3.372
 83   156.194 55123.74508435  0.13  50.183844  53.295701  3.372
 88   160.475 55298.74505568  3.50  50.190817  53.297969  2.822
 88   166.439 55298.74505632  2.72  50.189207  53.301189  2.822
 88   160.023 55298.74505697  3.49  50.187597  53.304409  2.822
 88   187.042 55298.74505761  3.20  50.185997  53.307619  2.822
 88   172.700 55298.74505825  2.70  50.184387  53.310839  2.822
 88   175.980 55298.74505890  1.84  50.182777  53.314059  2.822
 88   176.792 55298.74505954  1.15  50.181167  53.317279  2.822
 88   186.792 55298.74506019  1.35  50.179567  53.320499  2.822
 88   167.221 55298.74506083  1.76  50.177957  53.323719  2.822
 88   169.651 55298.74506148  1.57  50.176347  53.326939  2.822
 88   169.645 55298.74506212  1.98  50.174737  53.330159  2.822
 88   174.938 55298.74506277  2.23  50.173127  53.333369  2.822
 88   171.023 55298.74506341  1.74  50.171517  53.336589  2.822
 89    31.156 55333.74504690 44.19  50.188632  53.290246 22.166
 89    31.087 55333.74504754 40.33  50.187032  53.293466 22.166
 89    31.001 55333.74504819 39.11  50.185422  53.296686 22.166
 89    31.000 55333.74504883 37.90  50.183812  53.299906 22.166
 89    30.889 55333.74504948 37.77  50.182202  53.303126 22.166
 89    30.974 55333.74505012 36.73  50.180602  53.306336 22.166
 89    30.946 55333.74505077 37.67  50.178992  53.309556 22.166
 89    31.013 55333.74505141 38.93  50.177382  53.312776 22.166
 89    31.082 55333.74505206 40.81  50.175772  53.315996 22.166
 89    31.095 55333.74505270 42.37  50.174172  53.319216 22.166
 89    31.118 55333.74505335 45.83  50.172562  53.322436 22.166
 90   153.169 55368.74503872  1.25  50.189266  53.293510  2.055
 90   153.218 55368.74503937  1.14  50.187666  53.296730  2.055
 91    29.033 55403.74505579 17.56  50.181593  53.296491  4.420
 91    30.875 55403.74505643 16.62  50.179983  53.299711  4.420
