-275303.927    -1.269     0.00    2.85
-274932.388    -1.916    -1.74    2.45
-274560.807    -2.512    -1.60    1.71
-274189.186    -2.519    -0.02    1.53
-273817.522    -2.348     0.46    1.53
-273445.818    -2.001     0.93    1.90
-273074.072    -1.868     0.36    1.96
-272702.285    -1.758     0.29    1.84
-272330.456    -1.269     1.32    1.80
-271958.586    -1.091     0.48    1.82
-271586.675    -1.263    -0.46    2.04
-271214.722    -1.837    -1.54    1.95
-270842.728    -2.263    -1.14    1.71
-270470.692    -2.219     0.12    1.77
-270098.615    -2.275    -0.15    1.85
-269726.496    -2.542    -0.72    1.86
-269354.336    -2.585    -0.11    1.79
-268982.135    -2.313     0.73    1.99
-268609.891    -1.836     1.28    1.91
-268237.607    -0.986     2.28    1.94
-267865.280    -0.546     1.18    1.99
-267492.912     0.437     2.64    2.32
-267120.503     1.631     3.20    2.51
-266748.052     2.737     2.97    1.99
-266375.559     3.228     1.32    1.43
-266003.025     3.392     0.44    1.30
-265630.449     3.742     0.94    1.34
-265257.831     3.844     0.27    1.33
-264885.172     4.049     0.55    1.31
-264512.470     4.507     1.23    1.36
-264139.728     5.166     1.77    1.89
-263766.943     8.747     9.60    6.41
-263394.117    14.064    14.26   10.12
-263021.249    21.168    19.05   10.98
-262648.339    27.819    17.83    8.10
-262275.387    29.327     4.04    7.10
-261902.394    28.289    -2.78    7.48
-261529.359    27.114    -3.15    6.39
-261156.281    25.946    -3.13    5.20
-260783.162    26.514     1.52    5.28
-260410.002    29.319     7.51    6.81
-260036.799    33.810    12.03    7.51
-259663.554    39.048    14.03    7.60
-259290.268    43.202    11.13    6.62
-258916.939    47.164    10.61    6.30
-258543.569    51.483    11.56    5.74
-258170.156    55.725    11.36    5.52
-257796.702    59.521    10.16    4.63
-257423.205    62.742     8.62    3.53
-257049.667    64.861     5.67    2.27
-256676.087    64.810    -0.14    2.23
-256302.464    62.851    -5.24    3.60
-255928.799    60.573    -6.10    3.90
-255555.093    57.844    -7.30    3.50
-255181.344    55.944    -5.08    3.52
-254807.553    54.419    -4.08    4.32
-254433.720    53.521    -2.40    4.51
-254059.845    51.314    -5.90    5.10
-253685.928    48.771    -6.80    5.44
-253311.968    47.032    -4.65    5.79
-252937.967    44.714    -6.20    5.22
-252563.923    42.929    -4.77    5.25
-252189.837    42.261    -1.78    5.18
-251815.709    42.793     1.42    5.20
-251441.538    44.505     4.57    5.41
-251067.325    47.858     8.96    5.77
-250693.070    52.474    12.33    6.64
-250318.773    57.547    13.55    6.21
-249944.433    61.748    11.22    4.63
-249570.051    63.823     5.54    2.36
-249195.627    63.514    -0.82    2.83
-248821.160    60.927    -6.91    4.40
-248446.651    57.980    -7.87    5.04
-248072.099    53.795   -11.17    5.25
-247697.505    50.064    -9.96    5.35
-247322.869    46.664    -9.07    5.10
-246948.190    42.261   -11.75    5.29
-246573.469    38.306   -10.55    5.28
-246198.705    35.237    -8.19    5.10
-245823.899    32.097    -8.38    4.97
-245449.050    28.948    -8.40    5.07
-245074.159    26.031    -7.78    5.44
-244699.225    22.131   -10.40    4.83
-244324.249    19.531    -6.93    4.53
-243949.230    16.343    -8.50    3.96
-243574.169    13.422    -7.79    4.03
-243199.064    10.507    -7.77    4.35
-242823.918     8.363    -5.71    3.29
-242448.728     7.323    -2.77    1.99
-242073.496     7.831     1.35    1.66
-241698.222     8.687     2.28    1.43
-241322.904     9.198     1.36    1.13
-240947.544     9.461     0.70    1.36
-240572.142    10.387     2.47    1.88
-240196.696    11.433     2.78    1.91
-239821.208    12.425     2.64    1.65
-239445.677    13.306     2.34    1.39
-239070.103    14.113     2.15    1.55
-238694.487    15.114     2.67    1.76
-238318.827    16.081     2.57    1.76
-237943.125    17.245     3.10    1.95
-237567.380    18.522     3.40    2.27
-237191.592    19.692     3.11    2.38
-236815.761    21.082     3.70    2.47
-236439.888    22.753     4.45    3.17
-236063.971    24.840     5.55    3.82
-235688.011    27.471     7.00    4.12
-235312.009    30.348     7.65    3.97
-234935.964    33.114     7.35    3.57
-234559.875    35.759     7.03    2.90
-234183.744    38.234     6.58    3.23
-233807.569    41.129     7.69    3.62
-233431.352    43.100     5.24    3.33
-233055.092    44.403     3.46    3.94
-232678.788    44.564     0.43    5.46
-232302.441    44.699     0.36    6.67
-231926.052    45.540     2.23    7.38
-231549.619    47.786     5.96    7.64
-231173.143    51.128     8.88    7.84
-230796.624    54.692     9.46    8.42
-230420.062    59.806    13.58    9.16
-230043.457    64.889    13.49    7.65
-229666.808    68.556     9.73    5.66
-229290.116    72.471    10.39    4.00
-228913.382    75.731     8.65    4.13
-228536.603    79.409     9.76    4.50
-228159.782    83.464    10.76    5.18
-227782.917    87.298    10.17    5.08
-227406.009    90.616     8.80    4.41
-227029.058    93.835     8.54    4.11
-226652.063    95.995     5.73    3.96
-226275.025    98.403     6.39    3.60
-225897.944    98.901     1.32    3.77
-225520.820    98.146    -2.00    4.68
-225143.652    96.319    -4.84    5.52
-224766.440    94.132    -5.80    5.63
-224389.185    93.933    -0.53    5.24
-224011.887    94.927     2.63    4.52
-223634.545    94.764    -0.43    4.87
-223257.160    91.692    -8.14    9.62
-222879.731    85.177   -17.26   14.21
-222502.259    74.607   -28.00   15.33
-222124.744    65.731   -23.51   12.34
-221747.184    60.810   -13.03    6.95
-221369.582    59.892    -2.43    5.36
-220991.935    63.933    10.70    8.50
-220614.245    70.478    17.33   11.16
-220236.512    80.387    26.23   14.92
-219858.735    93.164    33.82   16.64
-219480.914   103.671    27.80   15.75
-219103.050   113.350    25.61   10.89
-218725.142   117.709    11.53    5.67
-218347.190   116.491    -3.22    6.06
-217969.194   112.784    -9.80    6.90
-217591.155   108.145   -12.27    6.93
-217213.072   104.281   -10.22    6.51
-216834.946   101.148    -8.28    8.15
-216456.775    97.636    -9.28   11.19
-216078.561    95.403    -5.90   11.80
-215700.303    92.823    -6.82   10.73
-215326.248    91.977    -2.26    8.22
-214956.478    94.343     6.40    8.80
-214586.665    97.030     7.26    9.93
-214216.811   100.831    10.28    9.11
-213846.915   104.995    11.26    7.80
-213476.978   108.516     9.51    7.59
-213106.998   114.013    14.85    6.61
-212736.977   118.298    11.58    5.10
-212366.914   121.638     9.02    2.94
-211996.809   121.851     0.58    2.44
-211626.663   119.810    -5.51    4.73
-211256.474   115.641   -11.26    6.86
-210886.244   109.064   -17.76    8.24
-210515.972   103.081   -16.16    7.99
-210145.658    95.015   -21.78    9.71
-209775.302    88.047   -18.81    9.32
-209404.904    81.919   -16.54    7.90
-209034.464    77.220   -12.68    5.27
-208663.982    77.339     0.32    6.42
-208293.458    81.427    11.03   10.06
-207922.892    90.081    23.35   12.21
-207552.284    97.878    21.03   12.65
-207181.635   103.398    14.89   11.80
-206810.943   107.514    11.10    9.87
-206440.209   109.598     5.62    8.41
-206069.433   110.130     1.44    6.37
-205698.615   110.507     1.02    4.22
-205327.754   109.531    -2.63    3.03
-204956.852   107.641    -5.10    3.14
-204585.908   105.032    -7.03    3.46
-204214.921   102.205    -7.62    3.78
-203843.892    99.523    -7.23    4.43
-203472.821    96.927    -7.00    5.08
-203101.708    93.917    -8.11    5.38
-202730.553    91.031    -7.78    5.23
-202359.355    88.370    -7.17    5.16
-201988.115    85.648    -7.33    5.41
-201616.833    82.323    -8.95    6.78
-201245.509    79.064    -8.77    7.64
-200874.142    76.441    -7.06    8.06
-200502.733    74.144    -6.19    7.75
-200131.282    72.598    -4.16    7.08
-199759.788    71.398    -3.23    5.97
-199388.252    68.539    -7.69    6.06
-199016.673    62.802   -15.44   10.08
-198645.053    56.047   -18.17   11.95
-198273.389    48.950   -19.09   10.82
-197901.684    42.582   -17.13    5.06
-197529.936    40.532    -5.51    2.15
-197158.145    40.131    -1.08    1.49
-196786.312    40.638     1.36    2.00
-196414.437    41.704     2.86    2.34
-196042.519    42.523     2.20    2.32
-195670.558    43.364     2.26    2.27
-195298.555    44.164     2.15    2.73
-194926.510    45.210     2.81    2.88
-194554.422    46.581     3.69    3.89
-194182.291    48.898     6.22    5.88
-193810.118    53.672    12.82    9.26
-193437.902    60.258    17.69   12.80
-193065.643    68.573    22.33   15.52
-192693.342    76.758    21.98   16.37
-192320.998    86.966    27.41   14.69
-191948.612    93.507    17.56   11.87
-191576.182    99.302    15.56    9.69
-191203.711   102.048     7.37    8.13
-190831.196   105.239     8.56    5.69
-190458.638   106.556     3.53    5.05
-190086.038   107.441     2.38    5.15
-189713.395   107.685     0.65    5.89
-189340.710   109.693     5.39    5.37
-188967.981   111.168     3.96    5.22
-188595.210   107.564    -9.66   10.00
-188222.396   100.840   -18.03   14.52
-187849.539    93.458   -19.80   15.01
-187476.639    87.498   -15.98   12.99
-187103.696    86.242    -3.37   13.17
-186730.710    86.903     1.77   13.91
-186357.681    87.398     1.33   14.26
-185984.610    85.901    -4.01   13.31
-185611.495    86.047     0.39   11.82
-185238.338    86.323     0.74   10.46
-184865.137    88.198     5.02   10.79
-184491.894    88.548     0.94    9.35
-184118.607    89.668     3.00    7.55
-183745.278    91.851     5.85    7.72
-183371.905    96.314    11.95    9.56
-182998.490   103.323    18.76   11.82
-182625.031   111.064    20.73   13.49
-182251.529   116.131    13.56   12.72
-181877.984   120.638    12.06   10.87
-181504.396   124.702    10.88    7.52
-181130.765   129.484    12.79    8.22
-180757.090   134.881    14.44    9.13
-180383.373   141.274    17.10    8.54
-180009.612   145.875    12.31    6.39
-179635.808   148.790     7.80    5.76
-179261.961   152.031     8.67    4.91
-178888.070   154.242     5.91    4.29
-178514.136   156.435     5.87    3.68
-178140.159   157.214     2.08    3.30
-177766.139   156.581    -1.69    3.76
-177392.075   155.149    -3.83    4.22
-177017.969   153.468    -4.49    4.50
-176643.818   151.581    -5.04    5.07
-176269.625   150.048    -4.10    5.61
-175895.387   148.014    -5.44    5.60
-175521.107   146.097    -5.12    5.14
-175146.783   145.310    -2.10    4.64
-174772.416   144.376    -2.50    5.12
-174398.005   143.468    -2.43    5.85
-174023.551   143.268    -0.53    5.41
-173649.053   143.819     1.47    4.15
-173274.512   143.154    -1.77    4.21
-172899.927   142.081    -2.86    3.82
-172525.299   140.302    -4.75    4.34
-172150.627   136.693    -9.63    6.60
-171775.912   131.655   -13.44    7.71
-171401.153   127.242   -11.77    7.62
-171026.350   122.064   -13.81    6.25
-170651.504   117.798   -11.38    5.22
-170276.615   114.842    -7.88    5.07
-169901.681   112.214    -7.01    5.36
-169526.704   109.032    -8.49    5.62
-169151.683   104.672   -11.62    6.46
-168776.619    98.629   -16.11    7.82
-168401.511    93.114   -14.70    7.78
-168026.359    88.999   -10.97    7.64
-167651.163    85.851    -8.39    7.65
-167275.924    83.981    -4.98    8.39
-166900.641    83.648    -0.89    8.98
-166525.314    83.658     0.03    9.15
-166149.943    80.819    -7.56    9.68
-165774.528    76.461   -11.61   10.07
-165399.070    70.636   -15.51    8.87
-165023.567    65.132   -14.65    4.42
-164648.021    63.636    -3.98    2.26
-164272.431    64.573     2.49    4.35
-163896.797    67.064     6.63    6.89
-163521.119    72.683    14.95   10.12
-163145.397    77.878    13.82   11.33
-162769.631    81.937    10.80   11.15
-162393.821    86.047    10.93   10.19
-162017.967    90.884    12.87   11.35
-161642.070    95.912    13.37   11.05
-161266.128   102.981    18.80    9.14
-160890.142   110.181    19.15    5.66
-160514.112   113.737     9.45    5.77
-160138.038   115.048     3.49    7.49
-159761.919   113.148    -5.05   10.90
-159385.757   111.032    -5.62   11.18
-159009.551   108.398    -7.00    8.84
-158633.300   107.826    -1.52    6.98
-158257.005   107.793    -0.09    6.09
-157880.666   108.033     0.64    5.35
-157504.283   107.498    -1.42    4.64
-157127.856   106.198    -3.45    4.49
-156751.384   103.474    -7.23    4.80
-156374.868   102.624    -2.26    5.81
-155998.308   103.387     2.03    7.08
-155621.703   103.641     0.67    7.30
-155245.055   103.806     0.44    5.70
-154868.362   102.966    -2.23    4.50
-154491.624   100.831    -5.67    4.32
-154114.842    97.698    -8.31    3.94
-153738.016    95.774    -5.10    3.09
-153361.146    94.484    -3.42    3.07
-152984.231    93.505    -2.60    3.43
-152607.271    92.080    -3.78    3.61
-152230.268    91.306    -2.05    3.54
-151853.219    89.387    -5.09    3.65
-151476.126    87.339    -5.43    3.79
-151098.989    84.839    -6.63    4.05
-150721.807    82.318    -6.68    4.33
-150344.581    81.319    -2.65    4.54
-149967.310    80.693    -1.66    5.35
-149589.995    81.340     1.71    5.89
-149212.635    81.720     1.01    5.02
-148835.230    80.980    -1.96    3.78
-148457.781    80.081    -2.38    3.61
-148080.287    77.999    -5.51    4.02
-147702.749    75.655    -6.21    4.09
-147325.166    72.999    -7.03    4.39
-146947.538    70.314    -7.11    4.32
-146569.865    66.622    -9.78    4.97
-146192.148    63.117    -9.28    4.87
-145814.386    61.748    -3.62    5.45
-145436.579    62.164     1.10    6.30
-145058.728    63.130     2.56    6.49
-144680.831    64.636     3.98    4.87
-144302.890    63.710    -2.45    4.25
-143924.904    60.823    -7.64    4.86
-143546.874    57.185    -9.62    4.26
-143168.798    53.242   -10.43    4.80
-142790.677    49.769    -9.18    4.27
-142412.512    47.323    -6.47    3.02
-142034.302    46.294    -2.72    1.68
-141656.046    47.014     1.90    3.01
-141277.746    49.715     7.14    5.11
-140899.401    53.591    10.24    5.84
-140524.067    56.589     7.99    5.25
-140154.425    58.530     5.25    4.48
-139784.740    58.163    -0.99    3.69
-139415.012    58.098    -0.17    2.73
-139045.241    57.403    -1.88    2.63
-138675.428    56.048    -3.66    2.69
-138305.571    54.360    -4.56    2.87
-137935.672    52.376    -5.36    2.62
-137565.730    51.382    -2.69    2.48
-137195.745    50.214    -3.16    2.25
-136825.717    48.981    -3.33    2.42
-136455.647    48.080    -2.43    2.35
-136085.533    47.314    -2.07    2.42
-135715.377    46.448    -2.34    2.48
-135345.177    46.014    -1.17    2.45
-134974.935    45.323    -1.87    2.62
-134604.649    44.702    -1.67    2.62
-134234.320    44.000    -1.90    2.59
-133863.949    42.942    -2.86    2.41
-133493.534    41.742    -3.24    2.50
-133123.077    40.181    -4.21    2.11
-132752.576    38.500    -4.54    2.55
-132382.032    36.629    -5.05    2.93
-132011.445    35.112    -4.09    2.77
-131640.815    33.371    -4.70    1.68
-131270.142    32.589    -2.11    1.26
-130899.426    32.613     0.06    1.75
-130528.666    33.294     1.84    2.36
-130157.864    33.819     1.41    2.89
-129787.018    34.268     1.21    3.26
-129416.128    34.177    -0.24    3.54
-129045.196    33.251    -2.50    3.31
-128674.220    32.205    -2.82    2.87
-128303.202    31.495    -1.91    2.19
-127932.139    30.753    -2.00    1.64
-127561.034    30.149    -1.63    1.28
-127189.885    29.998    -0.41    1.22
-126818.693    29.781    -0.58    1.14
-126447.457    29.890     0.29    1.17
-126076.179    29.614    -0.74    1.31
-125704.856    29.376    -0.64    1.16
-125333.491    29.468     0.25    1.08
-124962.082    29.258    -0.56    0.94
-124590.629    29.228    -0.08    0.84
-124219.133    29.248     0.05    1.20
-123847.594    29.242    -0.02    1.40
-123476.011    29.100    -0.38    1.19
-123104.384    29.814     1.92    2.35
-122732.714    31.099     3.46    3.75
-122361.001    32.339     3.33    4.60
-121989.244    32.980     1.72    3.88
-121617.443    32.532    -1.20    2.89
-121245.599    32.381    -0.41    2.03
-120873.711    32.693     0.84    3.04
-120501.779    34.398     4.58    5.03
-120129.804    36.952     6.86    6.53
-119757.786    41.129    11.23    6.93
-119385.723    44.360     8.68    5.92
-119013.617    49.032    12.56    6.95
-118641.467    53.864    12.98    9.38
-118269.274    60.516    17.87   12.60
-117897.036    67.771    19.49   12.44
-117524.755    75.242    20.06   12.25
-117152.431    82.484    19.45    8.87
-116780.062    86.871    11.78    5.99
-116407.649    89.163     6.15    3.39
-116035.193    89.128    -0.09    2.41
-115662.693    88.114    -2.72    2.38
-115290.149    86.435    -4.50    2.59
-114917.561    83.810    -7.04    3.03
-114544.930    81.183    -7.05    3.65
-114172.254    77.731    -9.26    4.50
-113799.535    73.591   -11.11    5.38
-113426.771    67.655   -15.92    8.97
-113053.964    60.875   -18.18   10.65
-112681.112    53.064   -20.95   11.01
-112308.217    45.398   -20.56    8.30
-111935.277    39.604   -15.53    6.12
-111562.294    35.298   -11.54    3.81
-111189.267    33.687    -4.32    2.53
-110816.195    36.032     6.28    5.76
-110443.079    40.339    11.54    8.67
-110069.920    47.468    19.10   10.74
-109696.716    54.481    18.79    8.70
-109323.468    58.258    10.12    6.80
-108950.176    58.582     0.87    8.84
-108576.839    56.314    -6.07    9.87
-108203.459    53.963    -6.30    8.94
-107830.034    54.255     0.78    7.75
-107456.565    56.278     5.42    7.98
-107083.052    61.081    12.86   10.39
-106709.495    68.146    18.91   12.51
-106335.893    76.769    23.08   14.06
-105962.247    88.096    30.31   13.34
-105588.557    97.523    25.22   10.42
-105214.823   106.048    22.81    8.95
-104841.044   113.013    18.63    7.08
-104467.221   118.564    14.85    6.55
-104093.353   122.655    10.94    4.44
-103719.441   124.763     5.64    3.97
-103345.485   125.564     2.14    4.91
-102971.484   126.557     2.65    4.37
-102597.439   126.540    -0.04    3.62
-102223.349   125.948    -1.58    3.02
-101849.215   124.318    -4.35    2.98
-101475.036   122.031    -6.11    2.55
-101100.813   120.518    -4.04    2.99
-100726.546   119.116    -3.74    3.77
-100352.233   117.622    -3.99    4.35
 -99977.877   115.789    -4.90    5.10
 -99603.475   112.464    -8.88    6.90
 -99229.029   109.248    -8.59    6.98
 -98854.539   107.398    -4.94    6.93
 -98480.003   106.541    -2.29    8.29
 -98105.424   106.002    -1.44    9.05
 -97730.799   105.334    -1.78    9.36
 -97356.130   103.327    -5.36    9.12
 -96981.416   103.016    -0.83    7.79
 -96606.657   101.748    -3.38    8.39
 -96231.854   102.129     1.02    8.66
 -95857.006   103.968     4.90    8.06
 -95482.113   106.984     8.04    5.12
 -95107.176   108.303     3.52    6.16
 -94732.193   109.064     2.03    7.33
 -94357.166   111.223     5.76    5.61
 -93982.094   111.471     0.66    4.17
 -93606.977   109.176    -6.12    4.85
 -93231.815   104.513   -12.43    6.99
 -92856.608   101.294    -8.58    7.54
 -92481.357    97.759    -9.42    7.63
 -92106.060    93.982   -10.06    7.68
 -91730.719    89.605   -11.66    7.65
 -91355.332    87.548    -5.48    7.33
 -90979.901    92.779    13.93   10.81
 -90604.424   100.000    19.23   12.72
 -90228.903   108.048    21.43   10.00
 -89853.337   113.314    14.02    4.37
 -89477.725   113.890     1.53    3.23
 -89102.068   112.248    -4.37    3.76
 -88726.367   110.129    -5.64    3.69
 -88350.620   107.258    -7.64    4.26
 -87974.828   104.763    -6.64    4.51
 -87598.991   102.113    -7.05    4.22
 -87223.109   100.327    -4.75    3.86
 -86847.182    99.366    -2.56    4.56
 -86471.209    99.048    -0.85    5.74
 -86095.191    99.486     1.17    5.37
 -85719.128    99.823     0.90    4.18
 -85343.020    99.581    -0.64    3.84
 -84966.867    98.776    -2.14    4.26
 -84590.668    98.032    -1.98    4.82
 -84214.424    97.271    -2.02    4.91
 -83838.134    97.212    -0.16    3.77
 -83461.800    96.747    -1.24    3.67
 -83085.420    94.968    -4.73    3.90
 -82708.994    91.839    -8.31    4.64
 -82332.523    89.444    -6.36    4.80
 -81956.007    88.274    -3.11    5.66
 -81579.446    87.484    -2.10    6.35
 -81202.839    87.922     1.16    6.76
 -80826.186    90.491     6.82    7.17
 -80449.488    92.681     5.81    5.22
 -80072.745    93.032     0.93    4.25
 -79695.956    90.505    -6.70    5.82
 -79319.121    86.458   -10.74    7.00
 -78942.241    82.392   -10.79    6.79
 -78565.315    78.114   -11.35    6.04
 -78188.344    75.331    -7.38    5.88
 -77811.327    73.064    -6.01    5.65
 -77434.265    70.795    -6.02    5.72
 -77057.157    69.629    -3.09    6.02
 -76680.003    68.683    -2.51    6.42
 -76302.804    66.875    -4.79    7.20
 -75925.558    64.193    -7.11    7.28
 -75548.268    61.113    -8.16    7.71
 -75170.931    57.636    -9.21    7.67
 -74793.549    54.720    -7.73    7.64
 -74416.121    53.969    -1.99    8.86
 -74038.647    56.294     6.16   12.22
 -73661.127    61.264    13.17   13.32
 -73283.562    66.310    13.36   12.72
 -72905.951    69.978     9.71   11.67
 -72528.294    70.518     1.43   12.05
 -72150.591    70.861     0.91   11.35
 -71772.842    68.747    -5.60   11.52
 -71395.047    64.303   -11.76   11.95
 -71017.206    58.906   -14.28   12.44
 -70639.320    52.549   -16.82   12.26
 -70261.387    46.098   -17.07   10.99
 -69883.408    40.823   -13.96    8.82
 -69505.384    37.758    -8.11    7.89
 -69127.313    35.018    -7.25    5.69
 -68749.197    32.403    -6.91    3.40
 -68371.034    31.548    -2.26    3.36
 -67992.825    31.806     0.68    4.44
 -67614.570    31.146    -1.74    4.24
 -67236.269    30.161    -2.60    3.49
 -66857.922    28.929    -3.26    2.22
 -66479.529    27.658    -3.36    1.81
 -66101.089    26.622    -2.74    1.60
 -65724.343    25.858    -2.03    1.87
 -65354.835    25.855    -0.01    3.58
 -64985.282    25.290    -1.53    3.40
 -64615.686    26.310     2.76    7.38
 -64246.046    30.532    11.42   12.19
 -63876.362    37.985    20.16   15.28
 -63506.634    43.895    15.98   15.80
 -63136.862    53.080    24.84   15.61
 -62767.046    60.488    20.03   14.58
 -62397.186    66.919    17.39   12.17
 -62027.283    73.754    18.48    9.84
 -61657.335    79.883    16.56   12.41
 -61287.343    87.858    21.55   10.89
 -60917.307    96.245    22.66    9.53
 -60547.227   102.624    17.24    7.92
 -60177.104   106.160     9.55    6.66
 -59806.936   107.997     4.96    5.71
 -59436.723   107.826    -0.46    6.17
 -59066.467   107.294    -1.44    7.21
 -58696.167   107.484     0.51    7.83
 -58325.822   107.810     0.88    7.97
 -57955.434   107.966     0.42    8.18
 -57585.001   108.620     1.77    7.67
 -57214.524   110.419     4.86    6.79
 -56844.003   112.377     5.28    6.61
 -56473.437   113.507     3.05    6.24
 -56102.827   114.629     3.03    6.09
 -55732.173   115.464     2.25    5.66
 -55361.475   116.264     2.16    5.33
 -54990.732   117.431     3.15    4.90
 -54619.946   119.468     5.49    5.04
 -54249.114   121.597     5.74    4.54
 -53878.239   123.627     5.47    5.41
 -53507.319   125.758     5.75    5.94
 -53136.354   125.271    -1.31    5.61
 -52765.345   123.409    -5.02    6.75
 -52394.292   119.523   -10.47    7.31
 -52023.195   114.842   -12.61    6.73
 -51652.052   111.516    -8.96    6.66
 -51280.866   107.874    -9.81    6.92
 -50909.635   104.403    -9.35    7.16
 -50538.359   100.935    -9.34    7.13
 -50167.039    97.802    -8.44    6.46
 -49795.674    94.161    -9.80    6.76
 -49424.265    88.714   -14.66    8.03
 -49052.811    83.145   -14.99    8.56
 -48681.313    76.245   -18.57    8.59
 -48309.770    70.953   -14.24    8.14
 -47938.182    67.790    -8.51    7.61
 -47566.550    66.810    -2.64    9.14
 -47194.873    66.258    -1.49   11.23
 -46823.151    65.588    -1.80   11.68
 -46451.385    65.226    -0.98   10.94
 -46079.574    61.671    -9.56    8.88
 -45707.718    57.493   -11.23    6.96
 -45335.817    54.339    -8.48    5.75
 -44963.872    53.080    -3.38    6.03
 -44591.882    51.881    -3.22    6.83
 -44219.847    52.274     1.06    7.93
 -43847.767    57.664    14.49   13.09
 -43475.642    67.418    26.21   16.61
 -43103.473    78.113    28.73   15.47
 -42731.258    84.161    16.25   11.32
 -42358.999    86.306     5.76    8.57
 -41986.695    84.689    -4.34    8.31
 -41614.346    80.080   -12.38    7.79
 -41241.952    74.937   -13.81    8.18
 -40869.513    68.763   -16.58    8.34
 -40497.029    64.310   -11.95    7.39
 -40124.500    62.252    -5.53    7.40
 -39751.925    63.048     2.14   10.00
 -39379.306    67.097    10.87   11.49
 -39006.642    73.582    17.40   10.79
 -38633.933    80.034    17.31    8.76
 -38261.179    83.048     8.08    5.54
 -37888.379    80.493    -6.85    8.92
 -37515.535    72.064   -22.61   14.14
 -37142.645    62.371   -25.99   14.65
 -36769.710    51.855   -28.20   11.27
 -36396.730    45.548   -16.91    7.28
 -36023.705    41.255   -11.51    6.00
 -35650.635    37.573    -9.87    6.09
 -35277.519    33.471   -10.99    6.26
 -34904.358    28.898   -12.25    5.32
 -34531.152    24.441   -11.94    4.54
 -34157.900    20.616   -10.25    4.91
 -33784.603    16.049   -12.23    5.76
 -33411.261    11.498   -12.19    4.57
 -33037.874     8.477    -8.09    2.80
 -32664.441     6.661    -4.86    1.81
 -32290.963     5.484    -3.15    1.55
 -31917.439     4.549    -2.50    1.56
 -31543.870     3.806    -1.99    1.24
 -31170.256     3.986     0.48    1.86
 -30796.596     4.742     2.02    2.34
 -30422.891     5.311     1.52    2.40
 -30049.140     5.531     0.59    2.25
 -29675.344     4.597    -2.50    2.17
 -29301.502     3.769    -2.21    1.43
 -28927.614     3.346    -1.13    1.25
 -28553.682     3.097    -0.67    1.38
 -28179.703     2.779    -0.85    1.30
 -27805.679     2.611    -0.45    1.41
 -27431.609     2.705     0.25    1.90
 -27057.494     2.627    -0.21    1.85
 -26683.333     1.953    -1.80    2.25
 -26309.126     0.839    -2.98    2.20
 -25934.874    -0.186    -2.74    1.43
 -25560.576    -0.905    -1.92    1.30
 -25186.232    -1.019    -0.30    1.29
 -24811.843    -0.548     1.26    1.82
 -24437.408    -0.031     1.38    2.43
 -24062.927     0.382     1.10    2.68
 -23688.400     0.636     0.68    3.06
 -23313.827     0.952     0.84    3.83
 -22939.209     3.477     6.74    5.67
 -22564.544     7.581    10.95    6.83
 -22189.834    12.226    12.40    5.77
 -21815.078    16.031    10.15    2.95
 -21440.276    18.414     6.36    2.86
 -21065.429    20.855     6.51    3.63
 -20690.535    23.111     6.02    4.56
 -20315.595    27.242    11.02    5.91
 -19940.609    31.842    12.27    7.49
 -19565.578    37.226    14.35    8.88
 -19190.500    44.819    20.24   10.45
 -18815.376    52.525    20.54   12.06
 -18440.207    60.386    20.95   13.06
 -18064.991    66.989    17.60   12.64
 -17689.729    72.298    14.15   11.35
 -17314.421    76.774    11.93   10.58
 -16939.067    84.763    21.28   13.81
 -16563.666    92.486    20.57   15.18
 -16188.220    97.658    13.78   14.94
 -15812.727   101.366     9.87   13.78
 -15437.189   105.620    11.33   12.19
 -15061.604   108.681     8.15   10.21
 -14685.972   111.731     8.12    6.37
 -14310.295   111.114    -1.64    6.27
 -13934.571   108.129    -7.95    8.70
 -13558.801   101.624   -17.31   13.10
 -13182.985    93.361   -21.99   15.65
 -12807.122    85.080   -22.03   15.80
 -12431.213    79.128   -15.83   13.96
 -12055.258    70.477   -23.01   12.58
 -11679.256    65.048   -14.44   13.60
 -11303.208    63.883    -3.10   18.20
 -10927.113    63.444    -1.17   22.87
 -10550.973    61.868    -4.19   28.87
 -10174.785    54.998   -18.26   33.55
  -9798.551    42.834   -32.33   35.18
  -9422.271    32.851   -26.53   32.98
  -9045.944    23.080   -25.96   28.95
  -8669.571    14.842   -21.89   24.54
  -8293.151    11.334    -9.32   23.12
  -7916.684     7.424   -10.39   21.05
  -7540.171     3.714    -9.85   16.24
  -7163.611    -0.247   -10.52    2.62
  -6787.005    -0.746    -1.32    0.58
  -6410.352    -0.607     0.37    0.86
  -6033.652    -0.274     0.88    1.66
  -5656.906     0.387     1.76    2.48
  -5280.113     1.969     4.20    3.47
  -4903.273     3.255     3.41    3.70
  -4526.387     5.033     4.72    4.13
  -4149.454     6.864     4.86    3.82
  -3772.474     7.704     2.23    3.58
  -3395.447     7.802     0.26    3.11
  -3018.374     6.705    -2.91    3.56
  -2641.253     4.839    -4.95    4.02
  -2264.086     3.212    -4.31    3.43
  -1886.872     2.239    -2.58    3.01
  -1509.611     1.710    -1.40    3.02
  -1132.303     0.877    -2.21    2.72
   -754.948     0.498    -1.00    3.00
   -377.547     0.403    -0.25    3.54
     -0.098     0.613     0.56    3.79
    377.398     0.985     0.99    3.91
    754.940     0.532    -1.20    3.35
   1132.530     1.871     3.55    4.48
   1510.167     2.893     2.71    4.81
   1887.850     4.548     4.38    6.62
   2265.581     6.643     5.54   11.03
   2643.359     7.814     3.10   12.74
   3021.184     9.226     3.74   17.62
   3399.056    14.645    14.34   29.31
   3776.975    14.334    -0.82   28.05
   4154.942     9.350   -13.19   22.45
   4532.955     4.355   -13.21    9.19
   4911.016     4.408     0.14    7.57
   5289.124     7.181     7.33   10.57
   5667.280     9.424     5.93   10.15
   6045.482    13.360    10.41   10.05
   6423.732    19.721    16.82   11.83
   6802.029    30.330    28.05   17.70
   7180.374    43.049    33.62   20.84
   7558.765    60.939    47.28   22.32
   7937.205    74.242    35.15   18.42
   8315.691    85.880    30.75   12.65
   8694.225    93.864    21.09   10.06
   9072.529   100.903    18.61   10.53
   9441.899   107.638    18.23   10.57
   9811.314   112.596    13.42   10.97
  10180.773   117.710    13.84   13.42
  10550.278   122.572    13.16   15.94
  10919.827   125.258     7.27   15.51
  11289.422   125.398     0.38   13.79
  11659.061   122.299    -8.38   13.02
  12028.746   121.414    -2.39   12.25
  12398.475   118.366    -8.24   15.13
  12768.250   114.096   -11.55   18.89
  13138.070   103.403   -28.92   21.40
  13507.935    92.855   -28.52   17.97
  13877.845    83.971   -24.02   12.95
  14247.800    76.097   -21.28   10.83
  14617.801    65.887   -27.60   12.90
  14987.846    56.414   -25.60   13.40
  15357.937    45.852   -28.54   11.84
  15728.073    41.031   -13.03    8.00
  16098.255    46.661    15.21   13.32
  16468.481    57.698    29.81   17.24
  16838.753    72.273    39.37   16.93
  17209.070    85.597    35.98   11.90
  17579.433    93.461    21.24    8.80
  17949.841   100.306    18.48    7.38
  18320.294   104.408    11.07    8.23
  18690.793   108.763    11.75    8.91
  19061.337   112.874    11.09   10.09
  19431.926   116.549     9.92   10.14
  19802.561   119.890     9.01   11.05
  20173.241   121.877     5.36   12.14
  20543.967   124.145     6.12   12.73
  20914.738   127.652     9.46   11.18
  21285.555   131.548    10.51   10.13
  21656.417   135.564    10.83    8.33
  22027.325   137.781     5.98    6.67
  22398.278   138.049     0.72    6.55
  22769.277   137.081    -2.61    7.67
  23140.322   135.346    -4.68    7.91
  23511.412   133.774    -4.24    7.95
  23882.548   131.189    -6.96    9.66
  24253.729   126.303   -13.17   12.40
  24624.956   124.330    -5.31   13.70
  24996.229   123.002    -3.58   14.44
  25367.547   123.955     2.57   13.97
  25738.912   123.350    -1.63   13.70
  26110.321   120.890    -6.62   14.66
  26481.777   116.203   -12.62   15.23
  26853.279   109.790   -17.26   15.10
  27224.826   107.596    -5.91   12.08
  27596.419   106.786    -2.18   10.68
  27968.058   110.532    10.08   12.11
  28339.742   118.598    21.70   13.49
  28711.473   127.751    24.62   13.51
  29083.249   135.731    21.47    9.51
  29455.072   140.414    12.59    7.88
  29826.940   142.826     6.49    8.06
  30198.854   142.955     0.35    8.33
  30570.814   141.449    -4.05    9.66
  30942.821   140.826    -1.67    9.30
  31314.873   140.350    -1.28    8.11
  31686.971   141.779     3.84    7.49
  32059.115   143.236     3.92    5.88
  32431.305   144.968     4.65    3.68
  32803.541   144.461    -1.36    4.82
  33175.824   139.946   -12.13    9.23
  33548.152   130.216   -26.13   15.52
  33920.527   120.448   -26.23   14.83
  34292.948   111.484   -24.07   13.29
  34665.415   102.015   -25.42   12.24
  35037.928    94.486   -20.21   11.87
  35410.487    91.145    -8.97   11.39
  35783.092    89.830    -3.53   12.75
  36155.744    92.823     8.03   13.60
  36528.442    98.968    16.49   13.65
  36901.186   105.611    17.82   14.31
  37273.977   111.532    15.88   14.14
  37646.814   115.455    10.52   13.90
  38019.697   118.081     7.04   13.85
  38392.626   125.649    20.29   19.37
  38765.602   134.014    22.43   21.28
  39138.624   140.564    17.56   19.99
  39511.693   148.556    21.42   17.75
  39884.808   152.541    10.68   15.97
  40257.970   157.674    13.76   13.39
  40631.178   160.924     8.71   10.71
  41004.432   163.268     6.28    7.96
  41377.733   164.080     2.18    7.35
  41751.080   165.895     4.86    7.88
  42124.474   169.081     8.53    7.32
  42497.915   170.188     2.96    6.34
  42871.402   169.851    -0.90    5.60
  43244.936   169.032    -2.19    4.45
  43618.516   166.948    -5.58    2.85
  43992.143   165.520    -3.82    3.10
  44365.816   163.239    -6.11    3.50
  44739.537   160.699    -6.80    3.96
  45113.303   157.016    -9.85    4.21
  45487.117   153.449    -9.54    4.61
  45860.977   150.080    -9.01    4.47
  46234.884   147.779    -6.15    4.33
  46608.838   146.064    -4.58    3.51
  46982.839   144.851    -3.24    3.24
  47356.886   142.811    -5.46    3.81
  47730.980   140.131    -7.16    4.60
  48105.121   137.129    -8.02    4.88
  48479.309   133.605    -9.42    4.04
  48853.544   130.533    -8.21    4.41
  49227.825   127.274    -8.71    5.75
  49602.154   121.861   -14.46    9.04
  49976.529   116.177   -15.18    9.81
  50350.952   111.048   -13.70    8.66
  50725.421   105.861   -13.85    7.07
  51099.937   102.597    -8.72    7.01
  51474.501    99.908    -7.18    6.93
  51849.111    97.581    -6.21    7.51
  52223.768    96.143    -3.84    7.70
  52598.473    95.164    -2.61    8.33
  52973.224    93.634    -4.08    8.40
  53348.023    92.242    -3.71    8.01
  53722.869    91.143    -2.93    7.39
  54097.761    90.471    -1.79    7.05
  54472.701    90.408    -0.17    6.73
  54847.689    90.311    -0.26    6.22
  55222.723    89.693    -1.65    5.83
  55597.805    88.613    -2.88    5.23
  55972.933    87.464    -3.06    4.39
  56348.110    87.314    -0.40    4.28
  56723.333    87.806     1.31    4.11
  57098.604    88.207     1.07    3.79
  57473.921    88.919     1.90    3.70
  57849.287    88.695    -0.60    3.50
  58224.699    86.864    -4.88    3.74
  58600.159    83.985    -7.67    4.74
  58975.667    80.144   -10.23    5.69
  59351.221    80.179     0.09    7.15
  59726.824    85.726    14.77   11.73
  60102.473    94.214    22.60   12.68
  60478.170   102.613    22.36    9.64
  60853.915   110.001    19.66    7.82
  61229.707   114.741    12.62    7.11
  61605.546   118.971    11.25    6.33
  61981.434   122.372     9.05    4.87
  62357.368   125.033     7.08    3.39
  62733.350   127.049     5.36    4.08
  63109.380   128.664     4.30    5.26
  63485.458   129.748     2.88    6.31
  63861.583   131.295     4.11    6.98
  64237.756   133.081     4.75    7.03
  64613.976   134.480     3.72    6.85
  64990.244   134.502     0.06    6.92
  65366.560   132.880    -4.31    7.79
  65742.924   127.705   -13.75    9.51
  66119.335   121.572   -16.29    9.36
  66495.794   114.893   -17.74    7.06
  66872.301   110.764   -10.96    5.06
  67248.855   108.580    -5.80    5.06
  67625.458   106.748    -4.86    5.15
  68002.108   104.874    -4.98    4.81
  68378.807   104.502    -0.99    4.42
  68755.553   104.393    -0.29    4.58
  69132.347   105.926     4.07    4.74
  69509.189   107.096     3.11    4.26
  69886.078   106.674    -1.12    4.19
  70263.016   105.403    -3.37    3.70
  70640.002   103.359    -5.42    3.14
  71017.036   101.130    -5.91    3.16
  71394.118    97.747    -8.97    4.64
  71771.248    93.323   -11.73    5.03
  72148.426    89.680    -9.66    4.75
  72525.652    85.957    -9.87    3.50
  72902.926    83.303    -7.04    2.69
  73280.248    80.890    -6.39    2.57
  73657.619    78.831    -5.46    2.73
  74035.037    76.655    -5.77    3.06
  74412.504    74.164    -6.60    2.63
  74790.019    71.788    -6.30    2.90
  75167.582    69.318    -6.54    3.09
  75545.194    67.033    -6.05    3.59
  75922.853    64.049    -7.90    3.83
  76300.561    61.271    -7.36    3.52
  76678.318    58.518    -7.29    3.55
  77056.122    55.917    -6.88    3.00
  77433.975    53.649    -6.00    2.70
  77811.877    51.645    -5.30    2.04
  78189.826    50.464    -3.12    1.75
  78567.824    49.306    -3.06    1.74
  78945.871    48.731    -1.52    1.87
  79323.966    48.111    -1.64    1.75
  79702.109    47.323    -2.08    1.62
  80080.301    46.625    -1.84    1.79
  80458.542    45.898    -1.92    2.10
  80836.831    44.484    -3.74    2.42
  81215.168    42.874    -4.26    2.80
  81593.554    41.519    -3.58    2.23
  81971.989    40.449    -2.83    1.47
  82350.472    40.239    -0.55    1.41
  82729.004    40.299     0.16    1.51
  83107.584    40.261    -0.10    1.51
  83486.213    40.300     0.10    1.36
  83864.891    39.855    -1.18    1.48
  84235.467    39.572    -0.76    1.69
  84604.741    39.000    -1.55    1.81
  84974.062    38.434    -1.53    1.82
  85343.428    37.871    -1.52    2.13
  85712.841    37.172    -1.89    1.96
  86082.299    36.271    -2.44    2.00
  86451.804    35.549    -1.95    1.69
  86821.355    35.234    -0.85    1.71
  87190.952    34.989    -0.66    1.62
  87560.596    34.674    -0.85    1.65
  87930.285    34.430    -0.66    1.61
  88300.021    33.772    -1.78    1.62
  88669.804    33.747    -0.07    1.66
  89039.632    34.080     0.90    2.00
  89409.507    34.502     1.14    2.26
  89779.428    34.731     0.62    2.23
  90149.396    34.523    -0.56    2.04
  90519.410    34.226    -0.80    2.07
  90889.470    33.431    -2.15    2.05
  91259.577    32.388    -2.82    2.22
  91629.730    31.448    -2.54    2.37
  91999.930    30.799    -1.75    2.03
  92370.176    29.935    -2.33    1.59
  92740.468    29.292    -1.74    1.54
  93110.808    28.842    -1.21    1.51
  93481.193    28.779    -0.17    1.68
  93851.625    29.414     1.71    2.62
  94222.104    30.249     2.26    2.99
  94592.629    31.034     2.12    2.76
  94963.201    31.486     1.22    2.88
  95333.820    32.126     1.73    2.95
  95704.485    32.334     0.56    2.78
  96075.197    32.449     0.31    2.42
  96445.955    32.668     0.59    2.34
  96816.761    32.658    -0.03    2.20
  97187.613    32.769     0.30    2.31
  97558.511    33.018     0.67    2.50
  97929.457    33.231     0.58    2.48
  98300.449    33.447     0.58    2.76
  98671.488    33.210    -0.64    3.73
  99042.574    32.303    -2.44    4.21
  99413.706    31.926    -1.01    4.63
  99784.886    32.458     1.43    5.24
 100156.112    34.018     4.20    5.57
 100527.385    35.388     3.69    4.32
 100898.705    35.160    -0.61    3.65
 101270.072    35.393     0.63    6.39
 101641.486    40.295    13.20   13.28
 102012.947    48.110    21.04   17.71
 102384.455    56.295    22.03   17.78
 102756.010    61.779    14.76   15.28
 103127.612    62.580     2.16   12.35
 103499.261    61.806    -2.08   10.26
 103870.957    63.403     4.30    9.72
 104242.700    66.726     8.94   12.07
 104614.490    74.245    20.23   14.13
 104986.328    83.693    25.41    9.76
 105358.212    89.712    16.18    8.18
 105730.144    94.414    12.64    8.59
 106102.123    96.588     5.84    9.59
 106474.149    97.525     2.52   10.56
 106846.222    97.158    -0.99   11.55
 107218.342    94.357    -7.53   12.22
 107590.510    90.080   -11.49   11.87
 107962.725    85.680   -11.82   11.01
 108334.987    83.255    -6.51    9.29
 108707.296    81.726    -4.11    8.38
 109079.653    81.445    -0.75    8.38
 109452.058    81.182    -0.71    8.37
 109824.509    81.129    -0.14    8.42
 110197.008    81.212     0.22    7.51
 110569.554    81.693     1.29    7.77
 110942.148    81.960     0.72    7.31
 111314.789    81.290    -1.80    6.81
 111687.478    79.234    -5.52    6.13
 112060.214    77.842    -3.73    4.57
 112432.998    77.893     0.14    3.87
 112805.829    78.849     2.57    3.88
 113178.708    78.834    -0.04    4.34
 113551.634    76.464    -6.35    6.49
 113924.608    73.271    -8.56    6.47
 114297.629    70.603    -7.15    4.86
 114670.698    69.919    -1.83    4.15
 115043.815    70.770     2.28    4.87
 115416.979    71.435     1.78    5.82
 115790.191    70.033    -3.76    6.70
 116163.451    68.452    -4.24    6.52
 116536.758    66.926    -4.09    5.80
 116910.114    65.677    -3.34    4.39
 117283.516    65.218    -1.23    3.70
 117656.967    65.674     1.22    3.98
 118030.466    66.509     2.24    3.97
 118404.012    66.928     1.12    3.81
 118777.606    67.258     0.88    3.65
 119151.248    68.337     2.89    3.75
 119524.938    71.160     7.55    5.46
 119898.676    76.564    14.46    8.22
 120272.461    83.742    19.20    7.60
 120646.295    90.844    19.00    8.13
 121020.176    98.525    20.55    7.87
 121394.106   105.634    19.01    8.90
 121768.083   113.557    21.19    8.59
 122142.109   119.393    15.61    7.52
 122516.182   124.634    14.01    5.24
 122890.304   127.307     7.15    4.67
 123264.473   129.311     5.36    4.15
 123638.691   130.477     3.12    3.33
 124012.957   129.830    -1.73    4.09
 124387.271   127.564    -6.05    5.06
 124761.633   124.270    -8.80    6.09
 125136.043   120.742    -9.43    5.49
 125510.502   117.572    -8.47    5.41
 125885.008   115.674    -5.07    5.72
 126259.563   114.095    -4.22    6.01
 126634.166   112.080    -5.38    7.03
 127008.818   111.234    -2.26    7.79
 127383.517   110.311    -2.46    8.48
 127758.265   110.572     0.70    8.79
 128133.062   110.388    -0.49    9.05
 128507.906   110.348    -0.11    9.12
 128882.799   109.811    -1.43    8.96
 129257.741   107.887    -5.13    8.65
 129632.730   105.525    -6.30    8.06
 130007.769   102.236    -8.77    7.78
 130382.855   100.095    -5.71    7.66
 130757.991    97.155    -7.84    7.19
 131133.174    95.158    -5.32    5.95
 131508.406    92.388    -7.38    5.13
 131883.687    89.155    -8.61    5.01
 132259.016    84.888   -11.37    5.24
 132634.394    80.648   -11.30    4.54
 133009.820    78.171    -6.60    3.30
 133385.295    77.081    -2.90    3.27
 133760.819    77.818     1.96    4.32
 134136.391    78.509     1.84    4.52
 134512.012    77.413    -2.92    4.76
 134887.681    75.064    -6.25    4.25
 135263.400    72.783    -6.07    3.57
 135639.167    70.618    -5.76    2.50
 136014.983    69.366    -3.33    2.23
 136390.847    68.064    -3.46    2.60
 136766.760    67.290    -2.06    2.59
 137142.722    67.064    -0.60    2.68
 137518.733    66.491    -1.53    2.29
 137894.793    66.695     0.54    2.25
 138270.902    65.957    -1.96    2.44
 138647.059    64.695    -3.35    2.90
 139023.266    63.064    -4.34    3.70
 139399.521    61.223    -4.89    3.94
 139775.826    59.372    -4.92    3.31
 140152.179    59.032    -0.90    3.62
 140528.581    61.153     5.63    7.71
 140905.033    62.710     4.14    8.98
 141281.533    63.234     1.39    8.96
 141658.082    65.752     6.69   12.62
 142034.681    73.895    21.63   19.21
 142411.328    84.367    27.81   20.06
 142788.025    92.834    22.48   16.06
 143164.771    98.911    16.13    6.86
 143541.566    96.000    -7.73    8.83
 143918.410    89.913   -16.15   11.63
 144295.303    84.764   -13.66   10.79
 144672.246    84.550    -0.57    9.21
 145049.237    89.064    11.98   12.60
 145426.278    98.141    24.08   14.77
 145803.369   109.533    30.21   11.10
 146180.508   117.398    20.86    8.20
 146557.697   122.095    12.45    5.78
 146934.936   123.080     2.61    4.57
 147312.223   122.611    -1.24    4.58
 147689.560   120.523    -5.53    5.04
 148066.947   115.169   -14.19    7.47
 148444.382   109.113   -16.05    8.30
 148821.868   103.322   -15.34    7.80
 149199.402    97.861   -14.47    5.88
 149576.987    94.176    -9.76    5.21
 149954.620    90.701    -9.20    5.28
 150332.303    87.779    -7.74    5.07
 150710.036    85.417    -6.25    4.20
 151087.819    84.064    -3.58    4.64
 151465.651    82.890    -3.11    4.37
 151843.532    81.603    -3.41    3.68
 152221.463    80.218    -3.66    3.67
 152599.444    79.318    -2.38    3.80
 152977.474    80.403     2.87    4.60
 153355.555    84.111     9.81    7.10
 153733.685    89.064    13.10    7.84
 154111.864    97.671    22.76   10.33
 154490.093   105.748    21.36   10.28
 154868.373   115.153    24.87   11.45
 155246.702   124.474    24.64    8.49
 155625.080   129.711    13.84    7.12
 156003.509   134.049    11.47    5.40
 156381.987   135.372     3.50    4.33
 156760.516   133.079    -6.06    6.19
 157139.094   129.371    -9.80    7.10
 157517.722   124.893   -11.83    6.28
 157896.400   120.652   -11.20    4.29
 158275.128   116.928    -9.83    4.96
 158653.906   112.557   -11.54    5.86
 159026.126   108.064   -12.07    5.98
 159395.254   102.972   -13.80    5.86
 159764.429    99.128   -10.41    5.83
 160133.651    95.752    -9.14    5.80
 160502.921    92.383    -9.13    6.66
 160872.238    88.261   -11.16    7.70
 161241.603    84.726    -9.57    7.32
 161611.014    80.664   -11.00    6.12
 161980.473    77.971    -7.29    4.51
 162349.980    75.464    -6.78    3.28
 162719.534    73.419    -5.53    2.46
 163089.135    71.064    -6.37    3.37
 163458.784    68.652    -6.53    3.51
 163828.480    66.493    -5.84    3.31
 164198.224    65.339    -3.12    3.10
 164568.015    68.623     8.88    6.93
 164937.854    73.064    12.01    7.79
 165307.740    77.706    12.55    6.21
 165677.674    80.541     7.66    2.46
 166047.656    78.372    -5.86    4.60
 166417.685    74.711    -9.90    6.36
 166787.762    69.736   -13.44    7.40
 167157.886    63.064   -18.03    6.71
 167528.058    57.883   -14.00    5.97
 167898.278    53.541   -11.73    3.85
 168268.545    50.908    -7.11    2.73
 168638.860    48.864    -5.52    1.87
 169009.223    47.661    -3.25    1.91
 169379.634    46.295    -3.69    1.70
 169750.093    45.424    -2.35    1.51
 170120.599    44.895    -1.43    1.45
 170491.153    44.649    -0.66    1.94
 170861.755    44.300    -0.94    2.17
 171232.405    44.112    -0.51    2.40
 171603.102    43.649    -1.25    2.66
 171973.848    42.532    -3.01    2.16
 172344.641    41.625    -2.45    1.83
 172715.483    40.516    -2.99    1.21
 173086.372    39.917    -1.61    1.19
 173457.310    39.355    -1.52    1.09
 173828.295    39.018    -0.91    1.01
 174199.329    38.858    -0.43    1.11
 174570.410    38.625    -0.63    1.27
 174941.540    38.280    -0.93    1.40
 175312.717    37.453    -2.23    1.81
 175683.943    36.434    -2.74    1.83
 176055.217    35.634    -2.16    1.25
 176426.539    35.004    -1.70    1.21
 176797.909    34.757    -0.67    1.46
 177169.327    34.807     0.13    1.88
 177540.794    34.461    -0.93    2.04
 177912.308    34.372    -0.24    2.19
 178283.871    33.693    -1.83    2.34
 178655.482    32.627    -2.87    2.14
 179027.142    31.629    -2.69    1.81
 179398.850    30.873    -2.03    1.66
 179770.606    30.161    -1.92    1.08
 180142.410    29.818    -0.92    1.00
 180514.263    30.097     0.75    1.28
 180886.164    30.716     1.67    1.73
 181258.114    31.603     2.38    1.66
 181630.112    32.273     1.80    1.27
 182002.158    32.372     0.27    1.44
 182374.253    32.111    -0.70    1.68
 182746.397    31.489    -1.67    1.73
 183118.589    31.264    -0.60    1.84
 183490.829    30.595    -1.80    2.01
 183863.118    29.779    -2.19    2.11
 184235.456    29.111    -1.79    2.07
 184607.842    28.871    -0.65    1.74
 184980.276    28.680    -0.51    1.39
 185352.760    28.597    -0.22    1.42
 185725.292    28.020    -1.55    1.87
 186097.872    27.636    -1.03    2.26
 186470.502    27.141    -1.33    2.31
 186843.180    27.144     0.01    2.31
 187215.906    27.928     2.10    2.83
 187588.682    30.246     6.22    3.89
 187961.506    32.785     6.81    3.80
 188334.379    34.711     5.17    2.64
 188707.301    35.126     1.11    2.04
 189080.272    34.911    -0.58    2.03
