# NaN NaN NaN ;Mean Elev.(m), Avg Gradient(m/km), RMS Gradient(m/km) - SRTM1     
#   21.111  -5.163  19.538 ;Mean Elev.(m), Avg Gradient(m/km), RMS Gradient(m/km) - ASTER GDEM
#   24.201  -5.553  19.181 ;Mean Elev.(m), Avg Gradient(m/km), RMS Gradient(m/km) - GMTED2010 
  9  49.213414  53.190011    28.618    28.701  5 52547.31205482 23.923
 11  49.196320  53.190117    28.918    28.905  3 52617.31203754 29.747
 13  49.203943  53.191310    28.636    28.643  4 52687.31200850 12.532
 14  49.207318  53.189654    31.735    31.669  5 52722.31205639 10.969
 15  49.189513  53.189979    29.173    29.150  3 52757.31207909 30.870
 19  49.202652  53.190301    28.947    28.884  4 52897.31217331 37.643
 20  49.196190  53.191361    28.632    28.815  3 52932.31211998 23.660
 22  49.199048  53.190187    29.011    28.974  3 53002.31214968 30.428
 23  49.196441  53.190889    28.804    28.815  3 53037.31209863 20.092
 24  49.205218  53.190201    28.883    28.914  5 53072.31212341 16.499
 26  49.211028  53.190423    29.429    29.376  5 53142.31213152 25.176
 27  49.208521  53.189059    28.914    28.858  5 53177.31215654 27.732
 28  49.204466  53.190667    28.920    28.923  4 53212.31217641 26.959
 29  49.203374  53.190622    28.514    28.510  4 53247.31214514 24.554
 32  49.207488  53.190581    28.814    28.843  5 53352.31210402 31.731
 33  49.213574  53.189360    28.785    28.779  6 53387.31209539 21.285
 34  49.213367  53.190209    28.486    28.502  6 53422.31209692 16.230
 38  49.197763  53.190899    28.740    29.127  3 53562.31219701 28.197
 39  49.206416  53.190813    28.730    28.867  5 53597.31213642 28.096
 40  49.211633  53.190441    28.489    28.311  5 53632.31213140 23.193
 41  49.203146  53.189595    28.555    28.574  4 53667.31215435 32.011
 42  49.207971  53.189952    28.702    28.568  5 53702.31210076 27.757
 43  49.200911  53.190055    28.716    28.749  4 53737.31201078 35.761
 45  49.204662  53.191721    28.693    28.699  4 53807.31200855 14.097
 47  49.213406  53.190554    29.358    29.362  6 53877.31207706 26.816
 48  49.203336  53.191232    29.072    29.010  4 53912.31212831 39.939
 49  49.196641  53.190727    28.568    28.469  3 53947.31214428 23.716
 50  49.200111  53.189768    28.259    28.335  4 53982.31208746 30.890
 53  49.205616  53.191274    28.792    28.566  5 54087.31210144 31.273
 54  49.193562  53.189136    29.150    29.187  3 54122.31202602 40.054
 55  49.207250  53.190991    29.060    29.165  5 54157.31206287 21.438
 56  49.198173  53.190676    29.505    29.512  4 54192.31202493 30.697
 57  49.208099  53.189407    29.743    29.706  5 54227.31207460 32.663
 58  49.209965  53.191672    29.517    29.329  5 54262.31209331 24.488
 59  49.207692  53.191502    28.908    28.781  5 54297.31209844 38.332
 60  49.205578  53.190786    28.810    28.826  5 54332.31208900 48.690
 61  49.199178  53.190233    28.727    28.709  3 54367.31203064 36.643
 62  49.207239  53.190424    28.494    28.476  4 54402.31203194 33.132
 63  49.201355  53.191114    28.598    28.624  4 54437.31198915 46.004
 64  49.213079  53.189241    28.613    28.608  6 54472.31201706 22.463
 65  49.200691  53.191410    28.944    28.910  4 54507.31200069 11.451
 66  49.208670  53.190717    28.679    28.691  5 54542.31203147 20.673
 67  49.199151  53.189978    30.853    30.905  4 54577.31200289 48.716
 68  49.207467  53.189676    29.507    29.404  5 54612.31202265 28.396
 69  49.206821  53.190204    28.519    28.481  5 54647.31202978 44.547
 70  49.205127  53.190776    28.473    28.432  4 54682.31203027 24.685
 71  49.200586  53.191207    28.340    28.342  4 54717.31197853 27.597
 72  49.209052  53.188585    34.131    28.597  4 54752.31200294 26.076
 73  49.201408  53.189709    28.528    28.449  4 54787.31196922 29.366
 74  49.211469  53.189565    29.133    29.086  5 54822.31199668 45.250
 75  49.202665  53.189514    28.929    28.957  4 54857.31196512 25.553
 76  49.203785  53.189755    29.053    29.044  4 54892.31200005 20.559
 77  49.196898  53.190219    29.346    29.085  4 54927.31196317 24.404
 78  49.208270  53.190269    29.538    29.426  5 54962.31199844 29.841
 79  49.204466  53.190511    28.889    28.869  4 54997.31201972 39.661
 80  49.205499  53.190307    28.805    28.804  4 55032.31200930 46.401
 81  49.203852  53.189499    36.823    28.887  3 55067.31199815 27.440
 82  49.197008  53.191560    28.213    28.247  3 55102.31193793 23.582
 83  49.208701  53.189174    28.645    28.733  5 55137.31194481 23.771
 84  49.201662  53.191000    28.317    28.383  4 55172.31190613 28.085
 85  49.210208  53.190118    28.348    28.354  6 55207.31193854 17.727
 86  49.198565  53.190583    28.538    28.532  4 55242.31191141 14.780
 88  49.200565  53.190734    29.346    29.223  4 55312.31189610 28.101
 89  49.206297  53.189776    29.393    29.361  5 55347.31190248 29.547
 90  49.203641  53.190002    28.596    28.648  4 55382.31189388 26.911
 91  49.211474  53.190843    28.314    28.531  5 55417.31192115 47.569
 92  49.203581  53.191158    28.512    28.602  4 55452.31190344 33.621
 93  49.198503  53.189712    28.322    28.380  4 55487.31182645 35.528
