# NaN NaN NaN ;Mean Elev.(m), Avg Gradient(m/km), RMS Gradient(m/km) - SRTM1     
#   25.023  -4.960  13.985 ;Mean Elev.(m), Avg Gradient(m/km), RMS Gradient(m/km) - ASTER GDEM
#   24.936  -5.310  13.503 ;Mean Elev.(m), Avg Gradient(m/km), RMS Gradient(m/km) - GMTED2010 
 23  50.156686  53.373841    29.672    29.676  5 53023.74525065 26.149
 30  50.156167  53.373898    29.046    29.099  5 53268.74526251 27.129
 33  50.157704  53.373917    29.552    29.558  5 53373.74522360 43.444
 39  50.150353  53.374019    28.744    28.734  9 53583.74531728 26.383
 40  50.153013  53.373980    28.761    28.789  8 53618.74527361 27.620
 44  50.152921  53.362035    29.487    29.518  6 53758.74515642 27.821
 45  50.152968  53.374932    29.235    29.246  7 53793.74517975 18.355
 59  50.148216  53.372990   159.018   159.906 11 54283.74525559  2.248
 60  50.149563  53.373361    28.818    28.822 10 54318.74525320 26.495
 67  50.158141  53.363569   180.031   180.031  2 54563.74517645  0.657
 75  50.150185  53.372675    30.043    30.029 10 54843.74513775 29.450
 80  50.149139  53.370852   162.133   161.902 11 55018.74516693  2.345
 81  50.146008  53.380769    49.648    44.782  5 55053.74516494 18.987
 88  50.155423  53.368779   162.192   162.627  5 55298.74506986  0.890
 89  50.154049  53.359446    31.068    31.035  4 55333.74506076 34.402
