# NaN NaN NaN ;Mean Elev.(m), Avg Gradient(m/km), RMS Gradient(m/km) - SRTM1     
#   21.000 -13.697  18.865 ;Mean Elev.(m), Avg Gradient(m/km), RMS Gradient(m/km) - ASTER GDEM
#   23.618 -13.917  18.593 ;Mean Elev.(m), Avg Gradient(m/km), RMS Gradient(m/km) - GMTED2010 
  7  49.924971  53.186568    28.953    28.953  2 52458.31005978 25.853
  8  49.931037  53.187996    28.274    28.255  5 52493.31003858 23.841
 12  49.929230  53.187656    28.781    28.778  6 52633.31002623 32.018
 13  49.924761  53.191099    29.115    29.114  4 52668.31004112 29.321
 14  49.936472  53.186057    29.299    29.232  6 52703.31001980 19.809
 16  49.923832  53.192554    31.675    31.698  4 52773.31001545 28.960
 17  49.929998  53.188743    28.845    28.773  5 52808.31008148 24.257
 18  49.930721  53.187231    28.662    28.582  6 52843.31013938 30.498
 19  49.927345  53.190808    28.528    28.385  5 52878.31017707 40.422
 20  49.926307  53.189961    28.530    28.520  4 52913.31013545 31.397
 21  49.938480  53.184214    28.186    28.277  6 52948.31009418 24.942
 23  49.923646  53.193317    29.070    29.082  3 53018.31011855 34.127
 24  49.934405  53.186232    34.785    34.544  6 53053.31010171 14.728
 25  49.915660  53.196949    28.808    28.794  3 53088.31013737 32.743
 26  49.930452  53.188121    35.671    35.679  6 53123.31010854 30.500
 27  49.923217  53.191680    28.648    29.027  4 53158.31016579 29.704
 28  49.929399  53.189082    29.077    29.037  5 53193.31016016 22.551
 30  49.918314  53.196083    28.924    28.906  4 53263.31012782 26.026
 31  49.922487  53.193240    28.741    28.727  3 53298.31016869 30.863
 33  49.922862  53.194262    29.403    29.420  3 53368.31008279 33.172
 34  49.928871  53.187785    29.248    29.216  5 53403.31011369 20.918
 35  49.923243  53.193833    29.195    29.148  4 53438.31010128 19.476
 36  49.926534  53.190653    29.922    29.909  5 53473.31015845 28.449
 37  49.925055  53.190341    32.113    32.076  4 53508.31018296 30.964
 38  49.923006  53.193368    29.410    29.342  3 53543.31019326 18.542
 40  49.918817  53.196312    28.536    28.860  3 53613.31012919 21.958
 41  49.931840  53.187066    28.253    28.381  6 53648.31013618 29.070
 42  49.921632  53.195413    28.475    28.497  3 53683.31014990 31.453
 43  49.924543  53.192665    28.696    28.698  4 53718.31007738 23.520
 44  49.937232  53.184226    28.510    28.507  6 53753.30999969 26.864
 45  49.928157  53.189454    28.818    28.773  4 53788.31002905 18.978
 46  49.939853  53.186795    32.375    32.353  6 53823.30998403 22.849
 47  49.925717  53.189703    30.611    30.569  4 53858.31007636 30.133
 48  49.930849  53.186766    29.425    29.447  5 53893.31009172 23.973
 49  49.919391  53.195729    28.751    28.758  3 53928.31014813 27.271
 50  49.918534  53.195987    28.669    28.556  4 53963.31013019 24.257
 51  49.938268  53.183438    28.545    28.538  7 53998.31008069 30.954
 52  49.931462  53.187236    28.497    28.507  6 54033.31012884 26.539
 54  49.921034  53.195398    29.490    29.501  4 54103.31007985 45.383
 55  49.929212  53.187653    29.834    29.834  5 54138.31005216 25.795
 56  49.922746  53.193874    29.435    29.438  3 54173.31005820 17.800
 57  49.928746  53.188256    32.168    32.155  4 54208.31005797 42.311
 58  49.927563  53.191005    30.624    30.591  4 54243.31008902 24.629
 60  49.927118  53.190393    28.354    28.225  4 54313.31010265 28.599
 61  49.922214  53.193459    28.762    28.710  4 54348.31007321 20.530
 62  49.929763  53.187487    28.509    28.455  6 54383.31004078 27.161
 63  49.922765  53.192143    28.567    28.516  4 54418.31002305 29.244
 64  49.932699  53.187599    28.393    28.412  6 54453.31001092 33.173
 65  49.926036  53.189439    28.591    28.541  4 54488.31002179 20.338
 66  49.930178  53.188077    30.502    30.538  6 54523.31002406 24.178
 67  49.922713  53.192252    30.318    30.315  4 54558.31003094 20.181
 68  49.926929  53.190408    30.414    30.339  5 54593.31001950 29.164
 69  49.926252  53.192672    29.114    29.012  4 54628.31003424 21.382
 70  49.925761  53.191419    28.625    28.442  4 54663.31004173 26.603
 71  49.923728  53.192958    28.539    28.418  3 54698.31001498 25.327
 72  49.930258  53.187647    28.159    28.122  5 54733.30999963 24.521
 73  49.925853  53.189907    28.604    28.590  4 54768.30999545 23.997
 74  49.928771  53.187050    28.730    28.718  5 54803.30999379 29.889
 75  49.927046  53.190961    29.215    29.212  5 54838.30998833 33.432
 76  49.928951  53.188505    29.093    29.066  5 54873.30999300 23.291
 77  49.920369  53.194485    29.706    29.575  4 54908.30999503 31.154
 78  49.928928  53.189031    30.462    30.414  5 54943.30998537 29.254
 79  49.925030  53.189918    30.054    29.973  4 54978.31001269 26.258
 80  49.925541  53.191378    28.621    28.357  3 55013.31001866 20.015
 81  49.927297  53.189777    28.575    28.549  4 55048.31001159 27.514
 82  49.921541  53.195114    29.656    28.567  4 55083.30998072 26.400
 83  49.931152  53.188174    28.413    28.373  6 55118.30994381 26.013
 84  49.924418  53.192875    28.360    28.303  4 55153.30993989 30.957
 85  49.929319  53.187489    28.306    28.310  6 55188.30993211 29.853
 86  49.924361  53.190768    30.391    30.422  4 55223.30993940 18.827
 87  49.928773  53.189899    29.766    29.754  4 55258.30992783 15.882
 88  49.922274  53.194520    29.009    29.060  3 55293.30992585 33.718
 89  49.925658  53.191844    31.325    31.323  4 55328.30991039 26.000
 90  49.924628  53.193257    28.700    28.485  4 55363.30990566 26.911
 91  49.929613  53.187874    28.034    28.060  5 55398.30991535 24.802
 92  49.927635  53.189869    28.392    28.253  5 55433.30992177 30.604
 93  49.921444  53.195317    28.806    28.806  4 55468.30987831 20.993
