# NaN NaN NaN ;Mean Elev.(m), Avg Gradient(m/km), RMS Gradient(m/km) - SRTM1     
#    4.006  -2.065   3.667 ;Mean Elev.(m), Avg Gradient(m/km), RMS Gradient(m/km) - ASTER GDEM
#    8.079  -1.840   2.879 ;Mean Elev.(m), Avg Gradient(m/km), RMS Gradient(m/km) - GMTED2010 
  7  45.823342  50.338266    14.779    14.757 24 52475.76059341 19.250
  8  45.840306  50.333397    14.747    14.710 31 52510.76054670 16.025
  9  45.825367  50.337313    15.139    15.153 24 52545.76056394 10.563
 10  45.826609  50.336873    14.846    15.143 25 52580.76058957 16.791
 11  45.830444  50.339278    15.271    15.292 26 52615.76055910 41.502
 12  45.831625  50.337404    14.985    14.991 26 52650.76053636 22.237
 13  45.839565  50.333306    14.301    14.335 31 52685.76052376 12.547
 14  45.830435  50.330071    21.780    19.188 19 52720.76057387  0.854
 15  45.821988  50.337065    15.432    15.308 24 52755.76059904 12.925
 16  45.822198  50.335873    15.064    15.173 24 52790.76054812 38.399
 17  45.826010  50.337879    15.227    15.358 24 52825.76061777 42.873
 18  45.828178  50.338454    14.515    14.748 26 52860.76066354 16.940
 19  45.828486  50.337187    15.141    15.137 25 52895.76069374 13.658
 20  45.833599  50.338144    15.097    15.101 27 52930.76064211 13.293
 21  45.825812  50.337323    14.741    14.844 25 52965.76063652 18.722
 22  45.823422  50.337484    15.378    15.380 24 53000.76066856 42.382
 23  45.832074  50.339696    15.150    15.148 26 53035.76061813 32.646
 24  45.828167  50.338602    15.435    15.378 25 53070.76063846 24.564
 25  45.834110  50.339267    14.974    15.180 26 53105.76061922 14.890
 26  45.826102  50.338190    14.380    14.421 25 53140.76064551 13.619
 27  45.828362  50.337092    14.753    14.752 25 53175.76067679 23.277
 28  45.828404  50.337039    14.721    14.998 25 53210.76069525 22.344
 29  45.833371  50.339081    15.026    15.027 26 53245.76066353 10.672
 30  45.821197  50.335127    15.053    15.046 24 53280.76064719 13.833
 31  45.827938  50.337577    14.912    14.992 25 53315.76066153 24.722
 32  45.838374  50.332620    12.234    12.256 31 53350.76062599 20.260
 33  45.822810  50.336396    15.085    15.070 24 53385.76060979 35.931
 34  45.839564  50.333109    15.027    15.024 31 53420.76061273 36.869
 35  45.824576  50.337339    15.195    15.196 24 53455.76061954 45.900
 36  45.820929  50.336187    14.883    14.981 24 53490.76070475 23.241
 37  45.832562  50.338294    14.591    14.882 27 53525.76068845 21.299
 38  45.824479  50.338257    14.638    14.756 24 53560.76071649 33.450
 39  45.841220  50.335021    14.481    14.639 31 53595.76065386 21.992
 40  45.817407  50.332266    15.006    15.049 24 53630.76064793 29.177
 41  45.824764  50.336735    14.365    14.798 24 53665.76067167 20.008
 42  45.834822  50.338592    14.801    15.015 27 53700.76062411 18.395
 43  45.845266  50.334169    15.447    15.459 31 53735.76054497 38.192
 44  45.832801  50.337920    14.815    14.832 26 53770.76053669 22.813
 45  45.840959  50.333617    15.079    15.047 30 53805.76052800 12.366
 47  45.828699  50.338552    14.756    14.742 26 53875.76059662 16.341
 48  45.822313  50.335291    14.943    14.925 24 53910.76064417 17.121
 49  45.822125  50.337016    11.988    14.122 24 53945.76066364 21.006
 50  45.832598  50.339234    14.894    14.900 26 53980.76060967 11.709
 51  45.824231  50.336425    14.961    14.971 24 54015.76062970 11.138
 52  45.839015  50.331858    14.802    14.822 31 54050.76062902 21.520
 53  45.832571  50.339477    15.074    15.100 26 54085.76062274 12.713
 54  45.843213  50.332523    14.900    14.987 31 54120.76054763 21.456
 55  45.828317  50.338859    14.591    14.588 25 54155.76058141 25.147
 56  45.840352  50.332095    14.454    14.496 31 54190.76054480 41.195
 57  45.826256  50.338983    15.125    15.134 25 54225.76059275 27.407
 58  45.828970  50.338466    14.998    14.942 26 54260.76061282 23.952
 59  45.830416  50.338556    15.261    15.259 26 54295.76061664 11.381
 60  45.834862  50.337837    15.014    15.022 27 54330.76060857 12.488
 61  45.839857  50.332841    14.615    14.923 31 54365.76055148 18.576
 62  45.831219  50.338311    14.599    14.828 26 54400.76055049 21.803
 63  45.834714  50.340111    13.515    14.246 27 54435.76050804 31.977
 64  45.827829  50.339072    15.123    15.117 25 54470.76053475 29.448
 65  45.838518  50.333449    14.938    14.916 30 54505.76051995 15.167
 66  45.831673  50.338350    15.146    15.147 26 54540.76054937 23.891
 67  45.839659  50.332532    15.503    15.591 31 54575.76052129 36.723
 68  45.830321  50.338601    14.502    14.523 26 54610.76054162 28.702
 69  45.829660  50.338238    14.745    14.745 26 54645.76054883 15.323
 70  45.830367  50.338599    14.132    14.424 26 54680.76055019 21.310
 71  45.840545  50.334003     6.819     5.140 30 54715.76049905 39.598
 72  45.826078  50.339152    14.398    14.528 25 54750.76052126 20.976
 73  45.833830  50.340359    14.413    14.668 27 54785.76048920 19.596
 74  45.826909  50.339231    14.087    13.998 25 54820.76051457 35.655
 75  45.835040  50.337930    15.032    15.022 27 54855.76048526 23.392
 76  45.829830  50.337681    15.069    15.048 26 54890.76051787 14.263
 77  45.838418  50.333854    15.219    15.216 31 54925.76048319 36.800
 78  45.826990  50.336677    15.123    14.989 25 54960.76051649 19.077
 79  45.827835  50.338154    14.159    14.251 26 54995.76053811 16.708
 80  45.830375  50.337969    15.101    15.120 26 55030.76052765 39.699
 81  45.833079  50.338911    14.723    14.864 26 55065.76051815 15.259
 82  45.840029  50.332011    14.687    14.765 31 55100.76045875 19.359
 83  45.827915  50.337941    14.643    14.688 26 55135.76046319 22.508
 84  45.838325  50.333010    14.439    14.754 30 55170.76042508 17.462
 85  45.826838  50.339104    14.845    14.858 25 55205.76045706 27.073
 86  45.835682  50.338109    14.170    14.192 27 55240.76043195 18.573
 87  45.831831  50.337817    16.320    15.049 26 55275.76045050  7.071
 88  45.839009  50.333409    15.316    15.584 30 55310.76041555 44.767
 89  45.831452  50.338954    14.290    14.377 26 55345.76042001 35.234
 90  45.833062  50.338700    14.389    14.465 26 55380.76041269 17.315
 91  45.826460  50.339119    14.542    14.652 25 55415.76043965 16.160
 92  45.835238  50.337854    10.934    12.760 27 55450.76042405 26.324
 93  45.842639  50.333045    14.066    14.051 31 55485.76034707 19.307
