# NaN NaN NaN ;Mean Elev.(m), Avg Gradient(m/km), RMS Gradient(m/km) - SRTM1     
#  -18.224  -0.588   3.506 ;Mean Elev.(m), Avg Gradient(m/km), RMS Gradient(m/km) - ASTER GDEM
#  -14.544  -0.818   2.738 ;Mean Elev.(m), Avg Gradient(m/km), RMS Gradient(m/km) - GMTED2010 
  9  45.213986  48.456765   -15.324   -15.324  2 52513.76415457 33.200
 11  45.205754  48.455569   -13.218   -13.218  2 52583.76419202 41.200
 12  45.203962  48.456066   -11.974   -11.974  2 52618.76416820 48.926
 13  45.206456  48.457526   -10.267   -10.249  3 52653.76414751 25.675
 14  45.208422  48.456095   -11.078   -11.067  3 52688.76414534 25.510
 18  45.200790  48.455794   -12.802   -12.802  2 52828.76423261 36.502
 19  45.204718  48.456334   -12.550   -12.550  2 52863.76427738 21.681
 21  45.205457  48.455928   -12.672   -12.679  3 52933.76425127 24.417
 24  45.203812  48.456604   -10.899   -10.899  2 53038.76423296 42.482
 25  45.200945  48.454939   -12.736   -12.736  2 53073.76426146 49.714
 26  45.205506  48.456627   -11.502   -11.502  2 53108.76423306 50.826
 28  45.203603  48.456407   -12.609   -12.609  2 53178.76429014 46.050
 30  45.206447  48.456720   -11.825   -11.825  2 53248.76428061 20.616
 35  45.208979  48.456716    -9.007    -9.007  2 53423.76423372 27.347
 36  45.200888  48.455290   -11.562   -11.562  2 53458.76423884 44.653
 38  45.207725  48.456032    -7.760    -7.758  3 53528.76430128 46.969
 43  45.210585  48.455129   -13.034   -13.034  2 53703.76423070 18.993
 44  45.217978  48.455127   -12.946   -12.946  2 53738.76413978 43.043
 45  45.205288  48.456042   -10.930   -10.959  3 53773.76415669 17.500
 46  45.211631  48.456577   -11.710   -11.710  2 53808.76414208 26.413
 51  45.205688  48.456868   -12.913   -12.913  2 53983.76421897 20.997
 53  45.209697  48.456888   -12.598   -12.598  2 54053.76424242 18.400
 54  45.206305  48.457878   -11.253   -11.538  3 54088.76423431 49.582
 59  45.201629  48.455178    -8.397    -8.397  2 54263.76422934 48.712
 60  45.203190  48.455136   -12.046   -12.046  2 54298.76423320 30.290
 61  45.206061  48.457028   -12.571   -12.666  3 54333.76422367 23.446
 63  45.204725  48.454523   -13.270   -13.270  2 54403.76416673 22.540
 69  45.204427  48.454538    -8.556    -8.556  2 54613.76415774 42.448
 70  45.199621  48.455782   -12.721   -12.721  2 54648.76416622 48.859
 71  45.205379  48.454874   -12.388   -12.388  2 54683.76416463 45.324
 75  45.199773  48.456918   -11.375   -11.375  2 54823.76413341 24.780
 81  45.199650  48.456258   -13.076   -13.076  2 55033.76414379 34.703
 82  45.206158  48.457038   -12.718   -12.878  3 55068.76413260 31.303
 88  45.204878  48.454309   -10.743   -10.743  2 55278.76406769 45.581
 89  45.200343  48.456035   -11.191   -11.191  2 55313.76403188 37.128
 90  45.205356  48.454580    -8.623    -8.623  2 55348.76403861 36.729
 93  45.206863  48.457486   -13.454   -13.318  3 55453.76403738 27.266
 94  45.212564  48.455186   -13.665   -13.665  2 55488.76395707 21.108
