# NaN NaN NaN ;Mean Elev.(m), Avg Gradient(m/km), RMS Gradient(m/km) - SRTM1     
#    1.336  -3.506   5.018 ;Mean Elev.(m), Avg Gradient(m/km), RMS Gradient(m/km) - ASTER GDEM
#    8.097  -3.266   4.330 ;Mean Elev.(m), Avg Gradient(m/km), RMS Gradient(m/km) - GMTED2010 
  8  46.005298  50.996865    14.951    15.031 30 52499.31847740 33.110
 11  46.004106  51.000930    15.259    15.266 30 52604.31847738 15.628
 12  46.009495  50.990514    15.796    15.771 27 52639.31845980 46.366
 13  46.006059  50.999108    16.537    14.992 30 52674.31845435 11.979
 14  46.011439  50.994850    15.271    14.788 30 52709.31846970 11.026
 16  46.013651  50.994045    15.668    15.735 30 52779.31843420 42.087
 17  46.011421  50.994104    14.875    14.879 30 52814.31851844 19.048
 18  46.011995  50.993322    15.079    15.146 30 52849.31857144 14.256
 19  46.005407  50.998524    15.411    15.365 31 52884.31860621 12.651
 20  46.005543  50.999132    15.526    15.421 30 52919.31856249 10.686
 23  46.011311  50.995980    15.582    15.589 30 53024.31851806 26.931
 25  45.998008  51.002348    15.232    15.345 30 53094.31855226 14.911
 28  46.009109  50.995917    15.407    15.419 30 53199.31859419 26.339
 29  46.012483  50.993363    14.109    14.663 31 53234.31856466 25.631
 30  46.015720  50.994762    15.179    15.187 29 53269.31853024 12.319
 31  46.006609  50.999448    15.798    15.367 30 53304.31859088 13.867
 32  46.001414  50.989070    13.937    13.570 24 53339.31856184 35.406
 33  46.003600  50.997961    15.082    15.081 30 53374.31849201 28.872
 34  46.012894  50.994988    15.244    15.242 30 53409.31853423 32.325
 35  46.001237  50.999547    15.777    15.786 30 53444.31851725 40.694
 36  46.002164  50.987721    15.584    15.582 23 53479.31859754 50.537
 37  46.007355  50.994994    16.287    16.280 30 53514.31860364 46.045
 38  46.003166  51.001778    14.077    14.791 30 53549.31862143 21.336
 39  46.007406  50.998056    15.249    15.238 30 53584.31858531 24.913
 40  45.998267  51.001516    15.245    15.138 30 53619.31854150 17.298
 41  46.009689  50.993777    15.000    15.081 30 53654.31856802 15.245
 42  46.005098  50.998794    15.314    15.294 30 53689.31856317 12.391
 43  46.003410  50.999022    15.966    15.532 30 53724.31848769 11.813
 45  46.008398  50.995901    17.238    15.585 30 53794.31844923 18.644
 47  46.009128  50.995663    14.953    15.217 30 53864.31850414 20.784
 48  46.008855  50.994859    13.795    14.574 30 53899.31852942 17.574
 49  45.997009  50.994185    14.088    14.233 26 53934.31857387 24.091
 50  46.002124  51.001241    15.508    14.957 30 53969.31854309 15.178
 52  46.013285  50.992660    14.970    14.954 30 54039.31855042 11.344
 53  46.008137  50.997636    14.677    14.771 30 54074.31854426 26.158
 54  45.996620  50.993863    15.681    15.653 25 54109.31849054 42.230
 55  46.011659  50.995187    15.571    15.557 30 54144.31848207 32.288
 57  46.010247  50.996152    12.733    13.657 30 54214.31848962 21.715
 58  46.008372  50.994530    15.166    15.159 30 54249.31851758 15.784
 59  46.008390  50.996501    13.804    14.837 31 54284.31852519 18.248
 60  46.008899  50.996545    13.837    14.676 30 54319.31852267 26.472
 61  46.003972  50.997937    16.530    15.375 30 54354.31848587 10.882
 62  46.010352  50.996820    15.179    15.180 30 54389.31846287 10.043
 63  46.006346  50.998893    15.091    15.075 30 54424.31843569 12.913
 64  46.012519  50.992014    15.356    15.391 30 54459.31843905 27.234
 65  46.006016  50.996462    15.393    15.387 30 54494.31844084 22.462
 66  46.012545  50.994155    15.454    15.481 30 54529.31845150 20.600
 67  46.003826  51.000967    14.741    14.681 30 54564.31844677 21.415
 68  46.008827  50.995983    15.356    15.359 31 54599.31844655 10.535
 69  46.007864  50.998115    13.862    14.353 30 54634.31845903 38.992
 70  46.006255  50.997304    13.201    13.888 30 54669.31846389 33.337
 71  46.005348  50.997236    15.294    15.290 30 54704.31842757 11.938
 72  46.010911  50.992861    15.244    15.083 30 54739.31842710 10.933
 73  46.007364  50.998663    15.124    15.117 30 54774.31840876 11.159
 74  46.012431  50.993376    15.455    15.439 30 54809.31842044 11.798
 75  46.006820  50.998755    15.360    15.361 30 54844.31840679 28.156
 76  46.009323  50.996791    16.576    15.488 30 54879.31842336 19.724
 77  46.003165  51.002006    15.493    15.474 30 54914.31841035 20.319
 78  46.008700  50.996260    15.986    15.993 31 54949.31841541 44.499
 79  46.007187  50.996399    14.407    14.389 30 54984.31844065 19.685
 80  46.008200  50.995663    15.092    15.102 30 55019.31843693 10.130
 81  46.007631  50.996852    15.028    15.029 31 55054.31843268 16.825
 82  46.003264  51.000001    15.134    15.074 31 55089.31839286 15.784
 83  46.010958  50.994735    15.013    15.012 30 55124.31837047 11.892
 84  46.005239  50.999509    15.237    15.200 30 55159.31835402 11.599
 85  46.011099  50.990890    15.143    15.161 29 55194.31836107 45.577
 86  46.004039  51.000285    14.593    14.618 30 55229.31835620 21.122
 87  46.009563  50.995134    17.118    15.113 30 55264.31835573 12.510
 88  46.003957  50.997645    17.377    15.499 30 55299.31833922 31.848
 89  46.006956  50.998835    15.605    15.549 30 55334.31833237 13.728
 90  46.007338  50.996201    14.104    14.164 30 55369.31832420 16.933
 91  46.011580  50.993767    14.678    14.656 30 55404.31834126 13.346
 92  46.007597  50.997609    14.152    14.106 30 55439.31834205 31.093
 93  46.003902  50.999378    14.091    14.111 30 55474.31828835 19.419
