# NaN NaN NaN ;Mean Elev.(m), Avg Gradient(m/km), RMS Gradient(m/km) - SRTM1     
#    7.028  -2.133   3.541 ;Mean Elev.(m), Avg Gradient(m/km), RMS Gradient(m/km) - ASTER GDEM
#    8.073  -0.863   1.760 ;Mean Elev.(m), Avg Gradient(m/km), RMS Gradient(m/km) - GMTED2010 
  8  44.919094  49.114462    13.654    14.876 39 52478.76434159 19.370
  9  44.935066  49.119330    12.381    12.393 37 52513.76428641 11.670
 10  44.914362  49.115725    14.742    14.882 39 52548.76432976 16.801
 11  44.926719  49.118109    14.307    14.757 37 52583.76432386 23.762
 12  44.925757  49.117005    15.256    15.268 38 52618.76429972 48.588
 13  44.928040  49.118434    14.863    14.881 37 52653.76427903 21.023
 14  44.929528  49.118663    15.086    14.941 38 52688.76427718 17.558
 15  44.922471  49.117684    15.473    15.054 38 52723.76432252 14.868
 16  44.917308  49.114789    15.181    15.215 39 52758.76434261 22.322
 17  44.920263  49.115747    14.781    14.852 38 52793.76429657 27.898
 18  44.922313  49.116707    14.368    15.174 38 52828.76436413 15.501
 19  44.926276  49.117254    15.050    15.060 38 52863.76440889 12.468
 21  44.926578  49.118500    15.375    15.032 38 52933.76438310 13.254
 22  44.920168  49.115217    14.982    14.984 39 52968.76439392 19.251
 23  44.917909  49.115786    13.982    14.640 38 53003.76441507 41.775
 24  44.925616  49.117557    14.998    15.005 38 53038.76436447 38.134
 25  44.922644  49.115865    15.189    15.215 38 53073.76439298 32.241
 26  44.927347  49.117572    15.089    15.241 38 53108.76436458 22.274
 27  44.919005  49.116215    14.364    14.339 39 53143.76440351 30.535
 28  44.925243  49.117344    14.355    14.851 38 53178.76442165 15.434
 29  44.921846  49.115528    14.877    14.890 38 53213.76444250 18.256
 30  44.928207  49.117660    14.962    14.957 38 53248.76441212 12.441
 31  44.913237  49.115535    14.951    14.997 39 53283.76440542 17.617
 32  44.925284  49.118291    15.020    15.025 38 53318.76439974 14.314
 34  44.917089  49.113676    15.060    15.063 39 53388.76436544 48.977
 35  44.929970  49.119267    14.836    14.840 37 53423.76436556 33.379
 36  44.922418  49.116196    15.040    15.035 38 53458.76437036 30.259
 37  44.914924  49.114444    14.964    14.941 40 53493.76445565 46.629
 38  44.928696  49.118603    14.425    14.503 38 53528.76443312 19.767
 39  44.920623  49.114955    14.931    14.945 38 53563.76446262 19.448
 42  44.918092  49.115237    14.686    14.770 38 53668.76442148 18.502
 43  44.931628  49.117684    14.928    15.139 37 53703.76436254 15.471
 44  44.937811  49.120942    15.328    15.409 37 53738.76427226 44.966
 45  44.926890  49.116963    14.501    14.528 37 53773.76428821 22.342
 46  44.932742  49.119147    15.166    14.990 37 53808.76427392 13.848
 48  44.923676  49.117318    14.576    14.721 38 53878.76434396 33.016
 49  44.916144  49.115551    14.841    14.944 39 53913.76439823 20.060
 50  44.917140  49.114837    14.374    14.879 38 53948.76441037 16.896
 51  44.927443  49.117820    14.744    14.754 38 53983.76435048 11.927
 52  44.920199  49.115591    12.775    14.726 39 54018.76438239 15.763
 53  44.930623  49.119433    15.179    15.009 37 54053.76437426  9.480
 54  44.928028  49.118806    14.857    14.904 37 54088.76436582 16.560
 55  44.918051  49.114968    14.863    14.952 38 54123.76428836 20.683
 56  44.922731  49.117640    14.499    14.514 38 54158.76433032 32.979
 57  44.918290  49.114879    14.461    14.453 38 54193.76429010 49.243
 58  44.922503  49.116299    14.957    14.967 39 54228.76434239 13.940
 59  44.923256  49.116122    14.523    14.959 38 54263.76436085 14.344
 60  44.924845  49.116065    15.123    15.274 38 54298.76436471 21.539
 61  44.927779  49.117963    15.063    15.000 37 54333.76435519 12.706
 63  44.925749  49.117073    15.136    15.131 37 54403.76429857 10.473
 64  44.915863  49.113677    14.844    14.955 39 54438.76425534 14.880
 65  44.923279  49.117869    14.665    14.703 38 54473.76428490 34.678
 66  44.918501  49.115133    15.150    15.151 38 54508.76426710 34.169
 67  44.925023  49.118411    15.004    15.022 38 54543.76429937 36.813
 68  44.922441  49.115672    14.394    14.830 38 54578.76426828 22.453
 69  44.925415  49.117107    14.206    14.432 37 54613.76428958 18.503
 70  44.921233  49.116707    14.590    14.607 38 54648.76429774 19.645
 71  44.926417  49.117436    14.616    14.617 37 54683.76429647 13.562
 72  44.918449  49.116046    14.409    14.780 38 54718.76424348 38.026
 73  44.922404  49.116499    14.099    14.483 39 54753.76426943 22.778
 74  44.917063  49.116072    12.934    14.021 39 54788.76423566 28.834
 75  44.922051  49.116216    13.728    14.679 39 54823.76426460 21.187
 76  44.918301  49.115940    15.062    15.064 39 54858.76422980 26.033
 77  44.924649  49.116973    14.895    14.884 37 54893.76426647 22.882
 78  44.917694  49.113917    14.903    15.062 39 54928.76422853 36.907
 79  44.922458  49.116545    13.625    13.964 39 54963.76426664 36.969
 80  44.921842  49.116399    14.369    14.356 39 54998.76428698 26.753
 81  44.921260  49.117178    14.620    14.651 38 55033.76427531 16.239
 82  44.927887  49.117993    14.656    14.827 37 55068.76426412 20.589
 83  44.916804  49.115207    14.435    14.553 38 55103.76420305 22.772
 84  44.923306  49.118041    15.135    15.145 38 55138.76421111 10.715
 85  44.918185  49.114702    14.027    14.503 39 55173.76417140 18.035
 86  44.922677  49.115803    14.844    14.835 38 55208.76420570 31.555
 87  44.918299  49.115460    15.486    14.857 39 55243.76417649 14.293
 88  44.925233  49.118471    15.033    14.946 38 55278.76419985 38.558
 89  44.921955  49.116973    15.068    15.265 38 55313.76416339 24.529
 90  44.926371  49.117150    13.438    13.428 37 55348.76417045 31.568
 91  44.918743  49.115243    13.729    14.456 38 55383.76416165 22.216
 92  44.922401  49.117807    14.409    14.603 38 55418.76418955 17.842
 93  44.928605  49.118444    14.295    14.336 37 55453.76416890 14.726
 94  44.933737  49.117758    14.050    14.045 37 55488.76408891 12.861
