# NaN NaN NaN ;Mean Elev.(m), Avg Gradient(m/km), RMS Gradient(m/km) - SRTM1     
#   21.000 -13.697  18.865 ;Mean Elev.(m), Avg Gradient(m/km), RMS Gradient(m/km) - ASTER GDEM
#   23.618 -13.917  18.593 ;Mean Elev.(m), Avg Gradient(m/km), RMS Gradient(m/km) - GMTED2010 
  7    28.744 52458.31005946 25.33  49.925771  53.188178 16.942
  7    29.162 52458.31006011 26.32  49.924171  53.184958 16.942
  8    28.431 52493.31003729 21.41  49.934237  53.194436 34.646
  8    28.193 52493.31003794 20.64  49.932637  53.191216 34.646
  8    27.754 52493.31003858 21.46  49.931037  53.187996 34.646
  8    28.317 52493.31003922 22.40  49.929437  53.184776 34.646
  8    28.674 52493.31003987 28.08  49.927837  53.181556 34.646
 12    28.764 52633.31002462 32.84  49.933230  53.195706  9.064
 12    28.753 52633.31002527 31.44  49.931630  53.192486  9.064
 12    28.724 52633.31002591 31.26  49.930030  53.189266  9.064
 12    28.834 52633.31002656 31.97  49.928430  53.186046  9.064
 12    28.792 52633.31002720 33.55  49.926830  53.182826  9.064
 12    28.820 52633.31002784 30.24  49.925230  53.179606  9.064
 13    29.119 52668.31004015 26.00  49.927161  53.195929 10.379
 13    29.093 52668.31004079 28.86  49.925561  53.192709 10.379
 13    29.108 52668.31004144 29.38  49.923961  53.189489 10.379
 13    29.141 52668.31004208 31.42  49.922361  53.186269 10.379
 14    29.450 52703.31001819 17.59  49.940472  53.194103  5.017
 14    29.156 52703.31001883 19.84  49.938872  53.190883  5.017
 14    29.195 52703.31001948 20.41  49.937272  53.187663  5.017
 14    29.236 52703.31002012 20.85  49.935672  53.184443  5.017
 14    29.401 52703.31002077 20.05  49.934072  53.181233  5.017
 14    29.358 52703.31002141 19.43  49.932472  53.178013  5.017
 16    31.866 52773.31001448 30.47  49.926232  53.197384 33.238
 16    31.530 52773.31001512 27.01  49.924632  53.194164 33.238
 16    31.351 52773.31001577 29.70  49.923032  53.190944 33.238
 16    31.951 52773.31001641 27.77  49.921432  53.187724 33.238
 17    29.030 52808.31008019 26.40  49.933198  53.195183 36.050
 17    28.872 52808.31008083 22.94  49.931598  53.191963 36.050
 17    28.773 52808.31008148 17.99  49.929998  53.188743 36.050
 17    28.606 52808.31008212 21.11  49.928398  53.185523 36.050
 17    28.941 52808.31008277 27.05  49.926798  53.182303 36.050
 18    28.790 52843.31013777 29.90  49.934721  53.195281 24.658
 18    28.510 52843.31013841 29.02  49.933121  53.192061 24.658
 18    28.544 52843.31013906 30.23  49.931521  53.188841 24.658
 18    28.561 52843.31013970 30.36  49.929921  53.185621 24.658
 18    28.655 52843.31014035 30.66  49.928321  53.182401 24.658
 18    28.915 52843.31014099 32.17  49.926721  53.179181 24.658
 19    28.651 52878.31017579 47.06  49.930545  53.197248 27.171
 19    28.399 52878.31017643 31.19  49.928945  53.194028 27.171
 19    28.381 52878.31017707 27.40  49.927345  53.190808 27.171
 19    28.371 52878.31017772 27.71  49.925745  53.187588 27.171
 19    28.840 52878.31017836 32.64  49.924145  53.184368 27.171
 20    28.663 52913.31013448 32.27  49.928702  53.194791 18.668
 20    28.576 52913.31013512 30.54  49.927102  53.191571 18.668
 20    28.417 52913.31013577 31.06  49.925511  53.188352 29.965
 20    28.463 52913.31013641 31.53  49.923911  53.185132 29.965
 21    28.210 52948.31009257 24.35  49.942480  53.192264 29.841
 21    28.267 52948.31009321 17.50  49.940880  53.189044 29.841
 21    27.674 52948.31009386 22.35  49.939280  53.185824 29.841
 21    28.032 52948.31009450 21.31  49.937680  53.182604 29.841
 21    28.316 52948.31009515 25.95  49.936080  53.179384 29.841
 21    28.613 52948.31009579 29.26  49.934480  53.176164 29.841
 23    29.102 53018.31011790 34.78  49.925245  53.196534  7.137
 23    29.026 53018.31011855 33.96  49.923645  53.193314  7.137
 23    29.082 53018.31011919 33.55  49.922049  53.190104  7.521
 24    31.377 53053.31010010 14.38  49.938405  53.194278 12.894
 24    35.389 53053.31010074 13.68  49.936805  53.191058 12.894
 24    34.387 53053.31010139 14.26  49.935205  53.187838 12.894
 24    34.701 53053.31010203 15.07  49.933605  53.184618 12.894
 24    37.608 53053.31010268 14.76  49.932005  53.181408 12.894
 24    35.243 53053.31010332 15.88  49.930405  53.178188 12.894
 25    28.908 53088.31013673 32.41  49.917260  53.200169 22.779
 25    28.722 53088.31013737 33.18  49.915660  53.196949 22.779
 25    28.794 53088.31013802 32.60  49.914060  53.193729 22.779
 26    34.904 53123.31010693 32.83  49.934452  53.196161 20.104
 26    35.789 53123.31010758 29.57  49.932852  53.192951 20.104
 26    35.120 53123.31010822 29.07  49.931252  53.189731 20.104
 26    35.834 53123.31010887 28.90  49.929652  53.186511 20.104
 26    35.307 53123.31010951 31.25  49.928052  53.183291 20.104
 26    37.074 53123.31011015 29.96  49.926452  53.180071 20.104
 27    26.937 53158.31016482 30.39  49.925617  53.196510 17.354
 27    29.014 53158.31016546 28.36  49.924017  53.193290 17.354
 27    29.039 53158.31016611 30.64  49.922417  53.190070 17.354
 27    29.601 53158.31016675 29.02  49.920817  53.186850 17.354
 28    29.153 53193.31015887 23.66  49.932599  53.195522 35.925
 28    29.028 53193.31015952 21.50  49.930999  53.192302 35.925
 28    28.856 53193.31016016 19.44  49.929399  53.189082 35.925
 28    29.047 53193.31016081 20.48  49.927799  53.185862 35.925
 28    29.303 53193.31016145 25.14  49.926199  53.182642 35.925
 30    29.104 53263.31012685 25.27  49.920709  53.200913  9.663
 30    28.973 53263.31012749 25.04  49.919119  53.197693  9.663
 30    28.839 53263.31012814 25.45  49.917509  53.194473  9.663
 30    28.781 53263.31012878 27.75  49.915920  53.191253 37.982
 31    28.727 53298.31016804 29.86  49.924087  53.196460 20.182
 31    28.655 53298.31016869 31.76  49.922487  53.193240 20.182
 31    28.841 53298.31016933 30.76  49.920887  53.190020 20.182
 33    29.318 53368.31008215 28.29  49.924462  53.197482 13.945
 33    29.420 53368.31008279 31.03  49.922862  53.194262 13.945
 33    29.472 53368.31008344 36.32  49.921262  53.191042 13.945
 34    29.308 53403.31011240 18.93  49.932076  53.194224  7.423
 34    29.214 53403.31011305 19.95  49.930476  53.191004  7.423
 34    29.147 53403.31011369 20.76  49.928866  53.187784  7.423
 34    29.219 53403.31011434 21.13  49.927266  53.184564  7.423
 34    29.352 53403.31011498 22.83  49.925666  53.181354  7.423
 35    29.486 53438.31010031 17.75  49.925643  53.198663  7.397
 35    29.225 53438.31010096 18.42  49.924043  53.195443  7.397
 35    29.072 53438.31010160 19.73  49.922443  53.192223  7.397
 35    28.998 53438.31010225 21.19  49.920843  53.189003  7.397
 36    30.096 53473.31015716 31.64  49.929734  53.197092 18.680
 36    29.948 53473.31015780 26.36  49.928134  53.193872 18.680
 36    29.733 53473.31015845 26.14  49.926534  53.190652 18.680
 36    29.869 53473.31015909 26.44  49.924934  53.187432 18.680
 36    29.967 53473.31015974 28.78  49.923334  53.184222 18.680
 37    32.192 53508.31018200 31.07  49.927455  53.195171 30.617
 37    31.955 53508.31018264 30.52  49.925855  53.191951 30.617
 37    31.961 53508.31018329 30.64  49.924255  53.188731 30.617
 37    32.346 53508.31018393 31.55  49.922655  53.185511 30.617
 38    29.870 53543.31019261 17.53  49.924606  53.196588 27.911
 38    29.342 53543.31019326 17.69  49.923006  53.193368 27.911
 38    29.019 53543.31019390 19.96  49.921406  53.190148 27.911
 40    29.670 53613.31012855 20.23  49.920417  53.199532 30.199
 40    27.077 53613.31012919 22.46  49.918817  53.196312 30.199
 40    28.860 53613.31012984 22.77  49.917217  53.193092 30.199
 41    28.636 53648.31013457 27.44  49.935845  53.195111 29.300
 41    28.447 53648.31013522 25.62  49.934245  53.191891 29.300
 41    27.639 53648.31013586 26.63  49.932645  53.188671 29.300
 41    27.706 53648.31013651 28.26  49.931035  53.185461 29.300
 41    28.316 53648.31013715 30.03  49.929435  53.182241 29.300
 41    28.775 53648.31013780 32.52  49.927835  53.179021 29.300
 42    28.556 53683.31014925 30.58  49.923232  53.198633 13.552
 42    28.497 53683.31014990 31.96  49.921632  53.195413 13.552
 42    28.372 53683.31015054 31.70  49.920032  53.192193 13.552
 43    28.987 53718.31007642 26.46  49.926943  53.197495 11.737
 43    28.733 53718.31007706 19.56  49.925343  53.194275 11.737
 43    28.403 53718.31007771 22.74  49.923743  53.191055 11.737
 43    28.662 53718.31007835 22.52  49.922143  53.187835 11.737
 44    28.587 53753.30999808 26.11  49.941242  53.192271  5.862
 44    28.570 53753.30999873 27.54  49.939632  53.189051  5.862
 44    28.435 53753.30999937 28.27  49.938032  53.185831  5.862
 44    28.491 53753.31000002 26.42  49.936432  53.182621  5.862
 44    28.560 53753.31000066 26.32  49.934832  53.179401  5.862
 44    28.417 53753.31000130 26.02  49.933232  53.176181  5.862
 45    28.983 53788.31002808 18.10  49.930557  53.194284  4.506
 45    28.756 53788.31002873 19.09  49.928957  53.191064  4.506
 45    28.742 53788.31002937 18.85  49.927357  53.187844  4.506
 45    28.789 53788.31003002 19.72  49.925757  53.184624  4.506
 46    30.802 53823.30998242 19.33  49.943863  53.194845 11.250
 46    31.477 53823.30998307 20.08  49.942253  53.191625 11.250
 46    31.948 53823.30998371 19.95  49.940653  53.188405 11.250
 46    33.147 53823.30998436 20.90  49.939053  53.185185 11.250
 46    33.283 53823.30998500 22.81  49.937453  53.181965 11.250
 46    33.593 53823.30998565 27.45  49.935855  53.178739  6.746
 47    30.552 53858.31007539 28.65  49.928117  53.194533 20.563
 47    30.439 53858.31007604 29.30  49.926517  53.191313 20.563
 47    30.587 53858.31007668 29.58  49.924917  53.188093 20.563
 47    30.864 53858.31007733 32.13  49.923317  53.184873 20.563
 48    29.275 53893.31009044 23.21  49.934058  53.193202 31.150
 48    29.164 53893.31009108 19.54  49.932448  53.189982 31.150
 48    29.447 53893.31009172 19.83  49.930848  53.186762 31.150
 48    29.587 53893.31009237 22.62  49.929248  53.183552 31.150
 48    29.650 53893.31009301 28.26  49.927648  53.180332 31.150
 49    29.063 53928.31014749 25.80  49.920991  53.198949 18.180
 49    28.758 53928.31014813 27.28  49.919391  53.195729 18.180
 49    28.431 53928.31014878 28.36  49.917791  53.192509 18.180
 50    29.384 53963.31012923 22.98  49.920934  53.200817 21.017
 50    28.518 53963.31012987 23.40  49.919334  53.197597 21.017
 50    28.181 53963.31013051 24.81  49.917734  53.194377 21.017
 50    28.594 53963.31013116 25.39  49.916134  53.191157 21.017
 51    28.509 53998.31007876 29.36  49.943078  53.193094 25.951
 51    28.521 53998.31007940 29.75  49.941468  53.189874 25.951
 51    28.413 53998.31008005 30.67  49.939868  53.186654 25.951
 51    28.322 53998.31008069 31.71  49.938268  53.183434 25.951
 51    28.500 53998.31008134 31.06  49.936668  53.180224 25.951
 51    28.558 53998.31008198 30.98  49.935068  53.177004 25.951
 51    28.988 53998.31008263 32.39  49.933468  53.173784 25.951
 52    28.460 54033.31012723 25.01  49.935462  53.195286 32.456
 52    28.339 54033.31012788 20.71  49.933862  53.192066 32.456
 52    28.271 54033.31012852 20.16  49.932262  53.188846 32.456
 52    28.357 54033.31012917 23.46  49.930662  53.185626 32.456
 52    28.676 54033.31012981 27.56  49.929062  53.182406 32.456
 52    28.880 54033.31013046 31.38  49.927462  53.179196 32.456
 54    29.495 54103.31007888 42.33  49.923434  53.200228 19.165
 54    29.508 54103.31007952 46.93  49.921834  53.197008 19.165
 54    29.514 54103.31008017 45.80  49.920234  53.193788 19.165
 54    29.443 54103.31008081 45.28  49.918634  53.190568 19.165
 55    29.589 54138.31005087 22.84  49.932412  53.194093  5.350
 55    29.825 54138.31005152 22.18  49.930812  53.190873  5.350
 55    29.834 54138.31005216 23.92  49.929212  53.187653  5.350
 55    29.927 54138.31005280 26.29  49.927602  53.184433  5.350
 55    29.994 54138.31005345 29.39  49.926012  53.181213  5.350
 56    29.459 54173.31005755 15.56  49.924346  53.197091  7.002
 56    29.438 54173.31005820 16.87  49.922746  53.193871  7.002
 56    29.409 54173.31005884 19.83  49.921146  53.190661  7.002
 57    32.101 54208.31005700 40.14  49.931146  53.193086 37.079
 57    32.275 54208.31005765 43.34  49.929546  53.189866 37.079
 57    32.209 54208.31005829 42.34  49.927946  53.186646 37.079
 57    32.086 54208.31005894 42.80  49.926346  53.183426 37.079
 58    30.717 54243.31008805 26.70  49.929971  53.195836 32.863
 58    30.426 54243.31008870 20.96  49.928360  53.192608 36.453
 58    30.465 54243.31008934 22.08  49.926760  53.189398 36.453
 58    30.888 54243.31008998 26.10  49.925160  53.186178 36.453
 60    28.753 54313.31010168 27.97  49.929513  53.195223 27.489
 60    28.216 54313.31010233 28.02  49.927923  53.192003 27.489
 60    28.215 54313.31010297 28.76  49.926313  53.188783 27.489
 60    28.234 54313.31010362 29.47  49.924723  53.185563 27.489
 61    29.091 54348.31007225 23.09  49.924613  53.198291 29.251
 61    28.542 54348.31007289 17.78  49.923014  53.195062 38.153
 61    28.537 54348.31007354 17.56  49.921414  53.191852 38.153
 61    28.879 54348.31007418 21.18  49.919814  53.188632 38.153
 62    28.597 54383.31003917 23.56  49.933763  53.195532 37.203
 62    28.360 54383.31003982 18.31  49.932163  53.192312 37.203
 62    28.272 54383.31004046 18.65  49.930563  53.189092 37.203
 62    28.465 54383.31004111 19.59  49.928963  53.185882 37.203
 62    28.550 54383.31004175 25.81  49.927363  53.182662 37.203
 62    28.805 54383.31004240 33.58  49.925763  53.179442 37.203
 63    28.896 54418.31002208 27.26  49.925165  53.196973 19.528
 63    28.378 54418.31002273 26.57  49.923565  53.193753 19.528
 63    28.339 54418.31002337 27.24  49.921965  53.190533 19.528
 63    28.655 54418.31002402 32.66  49.920365  53.187313 19.528
 64    28.375 54453.31000931 32.66  49.936699  53.195644 11.507
 64    28.350 54453.31000996 33.57  49.935099  53.192424 11.507
 64    28.236 54453.31001060 35.70  49.933499  53.189204 11.507
 64    28.469 54453.31001125 33.68  49.931899  53.185994 11.507
 64    28.481 54453.31001189 31.74  49.930299  53.182774 11.507
 64    28.450 54453.31001254 29.01  49.928699  53.179554 11.507
 65    28.763 54488.31002083 19.35  49.928436  53.194269  3.769
 65    28.551 54488.31002147 20.08  49.926836  53.191049  3.769
 65    28.521 54488.31002212 20.54  49.925236  53.187829  3.769
 65    28.530 54488.31002276 21.18  49.923636  53.184609  3.769
 66    30.285 54523.31002245 19.02  49.934178  53.196127 17.748
 66    30.394 54523.31002310 19.43  49.932578  53.192907 17.748
 66    30.094 54523.31002374 22.00  49.930978  53.189687 17.748
 66    30.589 54523.31002438 24.83  49.929378  53.186467 17.748
 66    30.672 54523.31002503 26.22  49.927778  53.183247 17.748
 66    30.981 54523.31002567 27.17  49.926178  53.180027 17.748
 67    30.798 54558.31002998 21.50  49.925110  53.197082 27.674
 67    30.301 54558.31003062 19.08  49.923510  53.193862 27.674
 67    29.843 54558.31003127 19.37  49.921910  53.190642 27.674
 67    30.329 54558.31003191 20.35  49.920320  53.187422 27.674
 68    30.624 54593.31001821 28.69  49.930129  53.196848 28.818
 68    30.369 54593.31001885 28.01  49.928529  53.193628 28.818
 68    30.083 54593.31001950 27.69  49.926929  53.190408 28.818
 68    30.309 54593.31002014 26.62  49.925329  53.187188 28.818
 68    30.688 54593.31002079 32.32  49.923729  53.183968 28.818
 69    28.857 54628.31003327 25.43  49.928652  53.197502 32.932
 69    29.576 54628.31003392 18.73  49.927052  53.194282 32.932
 69    28.920 54628.31003456 17.49  49.925452  53.191062 32.932
 69    29.103 54628.31003520 18.45  49.923852  53.187842 32.932
 70    29.339 54663.31004076 28.48  49.928161  53.196249 22.979
 70    28.460 54663.31004141 25.60  49.926561  53.193029 22.979
 70    28.275 54663.31004205 25.66  49.924961  53.189809 22.979
 70    28.424 54663.31004270 25.95  49.923361  53.186589 22.979
 71    28.866 54698.31001433 24.01  49.925328  53.196178 32.184
 71    28.418 54698.31001498 25.54  49.923728  53.192958 32.184
 71    28.333 54698.31001562 26.16  49.922128  53.189738 32.184
 72    28.238 54733.30999834 23.63  49.933458  53.194087 34.639
 72    27.937 54733.30999899 19.47  49.931858  53.190867 34.639
 72    27.717 54733.30999963 21.10  49.930258  53.187647 34.639
 72    28.305 54733.31000028 22.66  49.928658  53.184427 34.639
 72    28.598 54733.31000092 28.94  49.927058  53.181207 34.639
 73    28.619 54768.30999448 23.38  49.928253  53.194737 31.329
 73    28.501 54768.30999513 20.28  49.926653  53.191517 31.329
 73    28.561 54768.30999577 22.00  49.925053  53.188297 31.329
 73    28.737 54768.30999642 27.17  49.923453  53.185077 31.329
 74    28.824 54803.30999250 24.60  49.931971  53.193490 33.168
 74    28.374 54803.30999315 23.78  49.930371  53.190270 33.168
 74    28.619 54803.30999379 23.61  49.928771  53.187050 33.168
 74    28.850 54803.30999444 24.98  49.927171  53.183830 33.168
 74    28.983 54803.30999508 35.80  49.925571  53.180610 33.168
 75    29.115 54838.30998704 31.34  49.930246  53.197392 10.738
 75    29.276 54838.30998769 33.30  49.928646  53.194182 10.738
 75    29.212 54838.30998833 32.36  49.927046  53.190962 10.738
 75    29.282 54838.30998898 35.57  49.925446  53.187742 10.738
 75    29.190 54838.30998962 33.41  49.923846  53.184522 10.738
 76    29.110 54873.30999171 22.83  49.932151  53.194945  5.895
 76    29.114 54873.30999235 22.63  49.930551  53.191725  5.895
 76    29.056 54873.30999300 22.62  49.928951  53.188505  5.895
 76    29.161 54873.30999364 24.16  49.927351  53.185285  5.895
 76    29.022 54873.30999429 23.95  49.925751  53.182065  5.895
 77    29.279 54908.30999406 19.94  49.922767  53.199315 13.574
 77    29.417 54908.30999470 22.24  49.921167  53.196095 13.574
 77    29.734 54908.30999535 24.37  49.919567  53.192875 13.574
 77    30.393 54908.30999599 36.70  49.917977  53.189655 13.574
 78    30.809 54943.30998408 33.20  49.932128  53.195471 36.549
 78    30.366 54943.30998472 23.61  49.930528  53.192251 36.549
 78    30.050 54943.30998537 23.84  49.928928  53.189031 36.549
 78    30.461 54943.30998601 26.31  49.927328  53.185811 36.549
 78    30.622 54943.30998666 30.87  49.925728  53.182591 36.549
 79    29.928 54978.31001173 26.10  49.927430  53.194748 33.376
 79    29.798 54978.31001237 24.98  49.925830  53.191528 33.376
 79    30.018 54978.31001302 25.04  49.924230  53.188308 33.376
 79    30.471 54978.31001366 28.12  49.922630  53.185088 33.376
 80    29.172 55013.31001802 19.32  49.927141  53.194598 33.190
 80    28.332 55013.31001866 19.44  49.925541  53.191378 33.190
 80    28.357 55013.31001931 21.06  49.923941  53.188158 33.190
 81    28.856 55048.31001062 28.75  49.929697  53.194607 19.803
 81    28.534 55048.31001127 26.55  49.928097  53.191387 19.803
 81    28.346 55048.31001191 26.62  49.926497  53.188167 19.803
 81    28.564 55048.31001256 27.75  49.924897  53.184947 19.803
 82    33.016 55083.30997976 26.51  49.923941  53.199944 30.667
 82    28.611 55083.30998040 26.08  49.922341  53.196724 30.667
 82    28.523 55083.30998105 26.34  49.920741  53.193504 30.667
 82    28.473 55083.30998169 26.65  49.919141  53.190284 30.667
 83    28.741 55118.30994220 23.88  49.935152  53.196214 31.061
 83    28.467 55118.30994285 20.58  49.933552  53.193004 31.061
 83    28.276 55118.30994349 21.60  49.931952  53.189784 31.061
 83    28.165 55118.30994414 22.74  49.930352  53.186564 31.061
 83    28.280 55118.30994478 24.98  49.928752  53.183344 31.061
 83    28.550 55118.30994543 31.43  49.927152  53.180124 31.061
 84    28.776 55153.30993893 33.09  49.926818  53.197705 15.679
 84    28.422 55153.30993957 29.32  49.925218  53.194485 15.679
 84    28.058 55153.30994022 29.76  49.923618  53.191265 15.679
 84    28.184 55153.30994086 30.60  49.922018  53.188045 15.679
 85    28.575 55188.30993050 29.23  49.933319  53.195539  8.102
 85    28.204 55188.30993115 29.70  49.931719  53.192319  8.102
 85    27.960 55188.30993179 30.66  49.930119  53.189099  8.102
 85    28.193 55188.30993243 30.07  49.928519  53.185879  8.102
 85    28.417 55188.30993308 29.68  49.926919  53.182659  8.102
 85    28.489 55188.30993372 29.64  49.925319  53.179439  8.102
 86    30.024 55223.30993844 18.76  49.926761  53.195598  7.497
 86    30.334 55223.30993908 19.02  49.925161  53.192378  7.497
 86    30.511 55223.30993972 18.44  49.923561  53.189158  7.497
 86    30.696 55223.30994037 19.06  49.921961  53.185938  7.497
 87    29.630 55258.30992686 16.56  49.931173  53.194729 12.652
 87    29.971 55258.30992751 16.16  49.929573  53.191509 12.652
 87    29.584 55258.30992815 15.68  49.927973  53.188289 12.652
 87    29.878 55258.30992880 14.97  49.926373  53.185069 12.652
 88    29.091 55293.30992520 24.37  49.923874  53.197740 27.100
 88    29.060 55293.30992585 36.17  49.922274  53.194520 27.100
 88    28.876 55293.30992649 34.23  49.920674  53.191300 27.100
 89    31.525 55328.30990942 27.64  49.928058  53.196674 39.925
 89    31.122 55328.30991006 26.12  49.926458  53.193454 39.925
 89    30.983 55328.30991071 25.16  49.924858  53.190234 39.925
 89    31.669 55328.30991135 24.38  49.923258  53.187014 39.925
 90    29.398 55363.30990469 27.43  49.927028  53.198087 24.058
 90    28.503 55363.30990533 25.88  49.925428  53.194867 24.058
 90    28.432 55363.30990598 27.12  49.923828  53.191647 24.058
 90    28.467 55363.30990662 27.06  49.922228  53.188427 24.058
 91    27.961 55398.30991406 22.96  49.932813  53.194314 32.327
 91    27.933 55398.30991471 20.74  49.931213  53.191094 32.327
 91    27.570 55398.30991535 22.68  49.929613  53.187874 32.327
 91    28.186 55398.30991600 22.53  49.928013  53.184654 32.327
 91    28.522 55398.30991664 29.19  49.926413  53.181434 32.327
 92    28.898 55433.30992048 34.45  49.930835  53.196309 18.191
 92    28.316 55433.30992113 28.05  49.929235  53.193089 18.191
 92    28.059 55433.30992177 28.23  49.927635  53.189869 18.191
 92    28.189 55433.30992242 29.17  49.926035  53.186649 18.191
 92    28.496 55433.30992306 29.19  49.924435  53.183429 18.191
 93    28.436 55468.30987734 23.44  49.923844  53.200139 31.977
 93    27.982 55468.30987798 19.80  49.922244  53.196929 31.977
 93    29.176 55468.30987863 18.94  49.920644  53.193709 31.977
 93    29.629 55468.30987927 20.34  49.919044  53.190489 31.977
