# NaN NaN NaN ;Mean Elev.(m), Avg Gradient(m/km), RMS Gradient(m/km) - SRTM1     
#  -24.836   0.361   2.585 ;Mean Elev.(m), Avg Gradient(m/km), RMS Gradient(m/km) - ASTER GDEM
#  -24.653  -0.027   1.035 ;Mean Elev.(m), Avg Gradient(m/km), RMS Gradient(m/km) - GMTED2010 
  6   -21.041 52439.30936381 40.80  47.799893  46.765083 19.373
  6   -20.753 52439.30936446 41.60  47.798613  46.761833 19.373
  7   -22.760 52474.30936253 19.54  47.803964  46.764478 24.350
  7   -22.990 52474.30936317 17.74  47.802684  46.761228 24.350
  8   -26.206 52509.30932700 16.71  47.806677  46.760468 14.831
  8   -26.132 52509.30932765 20.32  47.805397  46.757218 14.831
  9   -24.367 52544.30932596 24.44  47.816505  46.756630 25.797
  9   -20.586 52544.30932661 24.42  47.815225  46.753390 25.797
 10   -24.183 52579.30936502 24.49  47.806400  46.760960  2.935
 10   -24.172 52579.30936566 25.93  47.805120  46.757710  2.935
 11   -24.372 52614.30933155 27.91  47.800691  46.763584 12.583
 11   -24.217 52614.30933219 34.49  47.799411  46.760344 12.583
 12   -23.111 52649.30931239 29.11  47.812343  46.758945  5.777
 12   -23.008 52649.30931304 31.90  47.811063  46.755695  5.777
 13   -22.867 52684.30929312 27.76  47.809807  46.760536  9.772
 13   -22.824 52684.30929377 36.22  47.808527  46.757286  9.772
 14   -23.746 52719.30934673 29.67  47.807098  46.761876  6.783
 14   -23.718 52719.30934737 24.44  47.805818  46.758626  6.783
 16   -20.583 52789.30931910 32.21  47.813197  46.757321 21.569
 16   -20.874 52789.30931974 28.62  47.811917  46.754071 21.569
 17   -23.870 52824.30938936 38.00  47.813100  46.758809 17.692
 17   -23.765 52824.30939000 26.14  47.811820  46.755559 17.692
 18   -23.956 52859.30943579 43.23  47.813974  46.757434 20.898
 18   -23.753 52859.30943643 40.08  47.812694  46.754184 20.898
 19   -24.204 52894.30946628 14.87  47.804523  46.762425  6.362
 19   -23.840 52894.30946692 16.82  47.803243  46.759185  6.362
 20   -24.254 52929.30941561 18.33  47.799717  46.766416  5.480
 20   -24.142 52929.30941626 18.00  47.798437  46.763166  5.480
 20   -23.964 52929.30941690 18.84  47.797157  46.759916  5.480
 21   -20.587 52964.30940251 20.78  47.816622  46.757608 22.531
 21   -20.054 52964.30940316 23.40  47.815342  46.754358 22.531
 22   -23.901 52999.30943828 12.00  47.801676  46.762485  6.521
 22   -23.805 52999.30943893 12.30  47.800396  46.759245  6.521
 23   -22.513 53034.30938886 35.05  47.801267  46.766314 10.955
 23   -22.497 53034.30938950 34.82  47.799987  46.763064 10.955
 23   -22.588 53034.30939015 30.71  47.798707  46.759824 10.955
 24   -23.156 53069.30940647 36.93  47.809237  46.759414 32.189
 24   -23.215 53069.30940711 40.77  47.807957  46.756174 32.189
 25   -24.116 53104.30939062 13.28  47.798906  46.766944  5.905
 25   -23.897 53104.30939126 13.66  47.797636  46.763694  5.905
 25   -23.810 53104.30939190 15.32  47.796356  46.760454  5.905
 26   -20.416 53139.30941128 36.62  47.812556  46.759449 20.916
 26   -20.745 53139.30941192 34.19  47.811276  46.756209 20.916
 28   -22.965 53209.30946633 19.60  47.804789  46.761874 13.470
 28   -22.882 53209.30946697 25.46  47.803509  46.758624 13.470
 29   -24.016 53244.30943398 24.88  47.806784  46.761794  5.247
 29   -24.021 53244.30943462 33.30  47.805504  46.758544  5.247
 30   -22.391 53279.30941407 10.94  47.812085  46.758088 23.618
 30   -21.792 53279.30941472 13.82  47.810805  46.754838 23.618
 31   -24.344 53314.30943678 21.28  47.808076  46.761179 13.956
 31   -24.660 53314.30943743 32.28  47.806796  46.757929 13.956
 32   -22.127 53349.30940262 15.28  47.808335  46.760664 15.588
 32   -23.872 53349.30940326 26.13  47.807055  46.757414 15.588
 33   -23.671 53384.30937762 44.49  47.812278  46.756962 18.476
 33   -23.852 53384.30937827 41.26  47.810998  46.753722 18.476
 34   -22.433 53419.30938422 30.02  47.813600  46.755701 21.107
 34   -22.526 53419.30938486 26.67  47.812320  46.752461 21.107
 35   -22.485 53454.30938993 46.27  47.816318  46.755674 38.750
 35   -22.480 53454.30939057 43.69  47.815038  46.752434 38.750
 37   -20.038 53524.30946105 21.93  47.810258  46.758943 14.013
 37   -20.384 53524.30946170 21.31  47.808978  46.755693 14.013
 38   -22.718 53559.30948723 22.99  47.800372  46.764858 18.553
 38   -23.057 53559.30948787 21.80  47.799092  46.761608 18.553
 39   -23.846 53594.30942570 32.17  47.808734  46.759863 18.919
 39   -23.712 53594.30942634 29.11  47.807454  46.756613 18.919
 42   -24.428 53699.30940014 28.36  47.806279  46.761026 14.523
 42   -24.314 53699.30940078 20.23  47.804999  46.757776 14.523
 43   -24.430 53734.30932244 20.12  47.805027  46.760962 11.762
 43   -24.196 53734.30932308 17.19  47.803747  46.757712 11.762
 44   -23.224 53769.30930693 37.48  47.814378  46.757775 10.170
 44   -23.302 53769.30930758 29.15  47.813098  46.754525 10.170
 46   -24.260 53839.30932264 25.19  47.810929  46.756943 10.832
 46   -24.403 53839.30932328 35.48  47.809649  46.753693 10.832
 47   -21.894 53874.30936807 30.63  47.810145  46.759678 31.132
 47   -22.331 53874.30936871 21.46  47.808865  46.756428 31.132
 49   -24.088 53944.30943421 12.08  47.799694  46.766537  7.745
 49   -23.931 53944.30943486 11.55  47.798414  46.763297  7.745
 49   -23.937 53944.30943550 13.27  47.797134  46.760047  7.745
 50   -24.435 53979.30938387 19.87  47.801952  46.764333  5.846
 50   -24.615 53979.30938451 17.49  47.800672  46.761093  5.846
 51   -24.322 54014.30939933 24.00  47.814709  46.754998 12.998
 51   -24.136 54014.30939998 28.05  47.813429  46.751748 12.998
 52   -24.124 54049.30940432 18.19  47.814374  46.758110 11.245
 52   -23.368 54049.30940496 19.93  47.813094  46.754860 11.245
 54   -23.705 54119.30932416 16.72  47.800612  46.764822  5.155
 54   -23.653 54119.30932481 16.21  47.799332  46.761582  5.155
 55   -22.865 54154.30935193 36.62  47.807094  46.762090 13.535
 55   -22.941 54154.30935258 39.46  47.805814  46.758840 13.535
 56   -22.970 54189.30932035 46.09  47.801831  46.762286 32.399
 56   -22.992 54189.30932099 38.29  47.800551  46.759036 32.399
 57   -20.968 54224.30936259 25.32  47.808242  46.759828 41.262
 57   -21.404 54224.30936323 25.48  47.806972  46.756578 41.262
 60   -23.897 54329.30938082 21.78  47.807206  46.760855 34.181
 60   -23.905 54329.30938147 16.67  47.805926  46.757605 34.181
 61   -24.020 54364.30932674 32.69  47.801943  46.763421 28.840
 61   -24.150 54364.30932739 19.03  47.800663  46.760171 28.840
 63   -24.557 54434.30927895 24.80  47.804771  46.763679 23.215
 63   -24.400 54434.30927960 24.62  47.803491  46.760439 23.215
 64   -24.259 54469.30930509 28.67  47.812736  46.758059  4.856
 64   -24.285 54469.30930574 27.79  47.811453  46.754806  5.707
 65   -23.383 54504.30929397 24.67  47.804584  46.762786  5.754
 65   -23.511 54504.30929462 24.01  47.803304  46.759546  5.754
 67   -23.247 54574.30929453 18.78  47.803565  46.761474  7.883
 67   -23.452 54574.30929518 19.37  47.802285  46.758224  7.883
 70   -24.160 54679.30932187 24.69  47.806615  46.761290 15.162
 70   -24.294 54679.30932252 22.83  47.805335  46.758040 15.162
 71   -24.081 54714.30927320 25.39  47.803968  46.763541  9.451
 71   -24.214 54714.30927385 19.17  47.802688  46.760291  9.451
 74   -23.183 54819.30928440 45.66  47.810561  46.760160 12.882
 74   -22.912 54819.30928505 51.83  47.809281  46.756910 12.882
 76   -22.333 54889.30928939 19.46  47.805871  46.761181  8.589
 76   -22.448 54889.30929004 19.18  47.804591  46.757931  8.589
 77   -22.711 54924.30925712 26.88  47.801028  46.766155 14.595
 77   -22.814 54924.30925776 22.35  47.799748  46.762905 14.595
 77   -23.392 54924.30925840 19.70  47.798468  46.759655 14.595
 78   -20.764 54959.30928634 32.85  47.808937  46.760794 25.765
 78   -21.017 54959.30928698 28.60  47.807657  46.757544 25.765
 79   -22.605 54994.30930869 23.94  47.804983  46.761387 23.764
 79   -23.105 54994.30930934 20.79  47.803703  46.758137 23.764
 80   -23.665 55029.30929873 31.85  47.806438  46.761187 11.135
 80   -24.351 55029.30929938 33.25  47.805158  46.757937 11.135
 82   -24.065 55099.30923387 31.88  47.801043  46.766724  9.369
 82   -24.242 55099.30923451 24.64  47.799763  46.763474  9.369
 82   -24.344 55099.30923516 20.53  47.798483  46.760234  9.369
 83   -24.307 55134.30923502 22.93  47.808944  46.759613 17.306
 83   -24.338 55134.30923567 23.02  47.807664  46.756373 17.306
 84   -24.115 55169.30919871 28.24  47.805531  46.762098 12.393
 84   -24.088 55169.30919936 17.17  47.804251  46.758848 12.393
 85   -23.926 55204.30922747 31.39  47.809460  46.760958 11.072
 85   -23.993 55204.30922812 33.26  47.808180  46.757708 11.072
 86   -23.111 55239.30920545 15.93  47.803656  46.764655  3.441
 86   -23.149 55239.30920610 16.50  47.802376  46.761405  3.441
 88   -24.180 55309.30918869 27.58  47.803182  46.762393 10.243
 88   -24.295 55309.30918933 26.29  47.801902  46.759143 10.243
 89   -20.945 55344.30918940 35.99  47.808993  46.761135 25.094
 89   -21.195 55344.30919004 27.09  47.807713  46.757885 25.094
 91   -24.416 55414.30920943 40.02  47.810550  46.759967 15.284
 91   -24.286 55414.30921008 44.82  47.809270  46.756717 15.284
 92   -24.745 55449.30919673 19.50  47.806518  46.762029 12.364
 92   -24.698 55449.30919737 22.53  47.805238  46.758779 12.364
 93   -24.682 55484.30912320 22.58  47.801476  46.762325  9.723
 93   -24.645 55484.30912384 23.81  47.800206  46.759085  9.723
