-256903.082    -4.372     0.00    2.61
-256528.869    -4.372     0.00    2.68
-256154.622    -4.113     0.69    2.94
-255780.341    -4.137    -0.06    3.23
-255406.025    -4.507    -0.99    3.36
-255031.675    -4.761    -0.68    3.62
-254657.291    -5.199    -1.17    3.41
-254282.872    -4.283     2.45    3.35
-253908.419    -3.108     3.14    4.20
-253533.931    -3.319    -0.56    4.64
-253159.409    -4.687    -3.65    5.20
-252784.853    -5.521    -2.22    4.96
-252410.262    -5.622    -0.27    4.37
-252035.636    -4.568     2.81    4.10
-251660.976    -3.122     3.86    3.01
-251286.282    -4.278    -3.08    2.65
-250911.553    -3.909     0.98    2.72
-250536.789    -3.637     0.73    3.14
-250161.991    -3.412     0.60    3.17
-249787.159    -4.355    -2.51    3.49
-249412.291    -5.021    -1.78    3.16
-249037.390    -3.984     2.77    3.28
-248662.454    -3.622     0.96    3.50
-248287.483    -3.572     0.13    3.74
-247912.477    -3.969    -1.06    3.97
-247537.437    -4.176    -0.55    3.42
-247162.363    -4.428    -0.67    3.34
-246787.253    -3.845     1.55    3.69
-246412.109    -3.052     2.11    3.93
-246036.931    -3.257    -0.55    3.94
-245661.717    -2.076     3.15    4.05
-245286.469    -2.084    -0.02    4.07
-244911.187    -2.283    -0.53    4.48
-244535.869    -2.221     0.16    4.74
-244160.517    -2.265    -0.12    4.89
-243785.131    -2.747    -1.28    4.63
-243409.709    -2.946    -0.53    4.22
-243034.253    -2.730     0.58    3.95
-242658.762    -3.472    -1.98    3.41
-242283.236    -2.463     2.69    3.19
-241907.675    -2.882    -1.11    3.87
-241532.080    -3.533    -1.73    3.87
-241156.450    -2.533     2.66    4.54
-240780.785    -2.467     0.18    4.25
-240405.085    -2.837    -0.98    3.94
-240029.350    -1.488     3.59    4.47
-239653.581    -2.039    -1.47    4.66
-239277.777    -2.561    -1.39    4.76
-238901.937    -2.863    -0.80    3.93
-238526.063    -2.984    -0.32    2.83
-238150.154    -2.428     1.48    2.76
-237774.210    -2.187     0.64    2.47
-237398.231    -2.076     0.30    2.98
-237022.218    -2.536    -1.22    3.54
-236646.169    -1.353     3.14    3.66
-236270.085    -1.863    -1.36    3.89
-235893.967    -2.427    -1.50    3.51
-235517.813    -1.569     2.28    4.16
-235141.625    -1.712    -0.38    4.69
-234765.401    -0.712     2.66    4.50
-234389.142    -1.158    -1.19    4.12
-234012.849    -1.699    -1.44    3.19
-233636.520    -1.462     0.63    3.15
-233260.156    -0.872     1.57    4.57
-232883.758    -1.409    -1.42    5.13
-232507.324    -2.809    -3.72    5.44
-232130.855    -4.052    -3.30    4.81
-231754.351    -4.962    -2.42    3.22
-231377.812    -3.872     2.89    3.28
-231001.237    -2.227     4.37    3.87
-230624.628    -2.542    -0.84    4.07
-230247.984    -1.995     1.45    4.28
-229871.304    -2.605    -1.62    4.53
-229494.589    -3.881    -3.39    4.06
-229117.839    -4.009    -0.34    3.47
-228741.054    -3.776     0.62    3.04
-228364.234    -3.136     1.70    2.61
-227987.378    -2.484     1.73    2.24
-227610.487    -2.640    -0.42    1.68
-227233.561    -1.500     3.03    2.92
-226856.600    -0.882     1.64    3.95
-226479.603    -0.780     0.27    4.17
-226102.572    -0.911    -0.35    3.91
-225725.505    -1.261    -0.93    3.21
-225348.402    -1.150     0.29    3.33
-224971.265    -0.444     1.87    3.22
-224594.092    -0.568    -0.33    3.39
-224216.883    -1.108    -1.43    2.84
-223839.640    -0.081     2.72    3.44
-223462.361    -0.026     0.15    3.59
-223085.046     0.074     0.27    3.61
-222707.697     0.571     1.32    3.18
-222330.312    -0.408    -2.59    2.70
-221952.891    -0.372     0.09    2.78
-221575.435     0.009     1.01    2.84
-221197.944    -0.015    -0.07    2.83
-220820.417    -0.026    -0.03    2.36
-220442.855     0.391     1.11    2.54
-220065.257     1.156     2.02    2.76
-219687.624     1.533     1.00    3.00
-219309.955     1.467    -0.18    2.73
-218932.251     0.479    -2.61    2.29
-218554.512    -0.051    -1.40    2.22
-218176.737     0.185     0.63    2.31
-217798.926     0.900     1.89    2.50
-217426.298     1.220     0.86    2.42
-217055.401     1.461     0.65    2.35
-216684.470     0.864    -1.61    2.45
-216313.504     0.294    -1.54    2.74
-215942.504     0.320     0.07    2.78
-215571.470     0.516     0.53    2.80
-215200.402     0.519     0.01    2.48
-214829.299     0.262    -0.69    2.24
-214458.162     0.538     0.74    1.98
-214086.991     1.288     2.02    2.31
-213715.786     1.538     0.68    2.03
-213344.547     1.535    -0.01    2.26
-212973.273     1.163    -1.00    2.43
-212601.965     1.228     0.17    2.63
-212230.623     1.760     1.43    2.60
-211859.246     1.449    -0.84    2.40
-211487.835     1.609     0.43    2.22
-211116.390     0.998    -1.64    2.01
-210744.910     0.843    -0.42    2.13
-210373.396     0.288    -1.49    2.26
-210001.848     0.301     0.03    2.54
-209630.265     1.046     2.00    2.62
-209258.648     1.072     0.07    2.58
-208886.997     1.110     0.10    2.58
-208515.311     1.099    -0.03    2.87
-208143.591     1.773     1.81    3.49
-207771.836     2.181     1.10    3.66
-207400.047     3.183     2.69    2.99
-207028.223     2.645    -1.45    2.42
-206656.365     1.858    -2.12    2.36
-206284.473     1.699    -0.43    2.43
-205912.546     1.684    -0.04    2.55
-205540.584     1.428    -0.69    2.39
-205168.588     1.479     0.14    2.18
-204796.558     1.537     0.15    2.42
-204424.493     1.428    -0.29    2.27
-204052.393     2.100     1.81    2.97
-203680.259     1.905    -0.52    2.90
-203308.090     2.420     1.38    2.70
-202935.887     2.646     0.61    2.69
-202563.649     1.801    -2.27    2.11
-202191.377     2.467     1.79    1.97
-201819.070     2.358    -0.29    1.70
-201446.728     2.181    -0.48    1.86
-201074.352     1.665    -1.39    1.92
-200701.941     1.091    -1.54    2.13
-200329.495     0.878    -0.57    2.09
-199957.015     0.942     0.17    2.01
-199584.500     1.538     1.60    1.97
-199211.950     2.666     3.03    1.88
-198839.366     2.979     0.84    1.70
-198466.747     3.378     1.07    1.62
-198094.093     3.719     0.91    1.68
-197721.404     4.231     1.38    1.57
-197348.681     4.610     1.01    1.95
-196975.923     4.911     0.81    1.82
-196603.130     5.054     0.38    1.82
-196230.302     5.046    -0.02    1.85
-195857.440     5.194     0.40    1.65
-195484.543     4.913    -0.75    1.59
-195111.611     5.168     0.68    1.61
-194738.644     5.324     0.42    1.39
-194365.642     5.572     0.66    1.52
-193992.606     5.681     0.29    1.39
-193619.534     5.788     0.29    1.28
-193246.428     5.942     0.41    1.21
-192873.287     6.574     1.69    1.84
-192500.111     6.961     1.04    2.08
-192126.900     7.282     0.86    2.12
-191753.654     7.281    -0.00    1.70
-191380.373     7.137    -0.39    1.53
-191007.058     6.741    -1.06    1.50
-190633.707     7.110     0.99    1.88
-190260.321     7.331     0.59    2.00
-189886.901     7.217    -0.31    2.07
-189513.445     7.181    -0.10    2.11
-189139.955     6.609    -1.53    1.55
-188766.429     6.573    -0.10    1.41
-188392.868     7.288     1.91    1.73
-188019.273     8.181     2.39    2.01
-187645.642     9.091     2.43    2.14
-187271.976     9.324     0.62    2.06
-186898.275     9.119    -0.55    1.91
-186524.539     8.924    -0.52    1.64
-186150.768     8.520    -1.08    1.52
-185776.962     8.609     0.24    1.41
-185403.121     8.482    -0.34    1.74
-185029.244     8.281    -0.54    1.79
-184655.333     8.209    -0.19    1.76
-184281.386     8.552     0.92    1.91
-183907.404     8.753     0.54    1.73
-183533.387     9.239     1.30    1.91
-183159.335     9.319     0.21    1.89
-182785.248     9.009    -0.83    1.74
-182411.125     8.628    -1.02    1.39
-182036.967     8.682     0.15    1.52
-181662.774     8.868     0.50    2.24
-181288.546     9.270     1.08    2.14
-180914.282     9.516     0.66    2.08
-180539.984     9.628     0.30    1.92
-180165.649     9.378    -0.67    1.61
-179791.280     9.109    -0.72    1.65
-179416.875     9.235     0.34    1.73
-179042.435     9.307     0.19    1.70
-178667.960     9.128    -0.48    1.66
-178293.449     9.024    -0.28    1.38
-177918.903     8.919    -0.28    1.23
-177544.322     8.892    -0.07    1.11
-177169.705     9.145     0.68    1.13
-176795.053     9.288     0.38    1.09
-176420.365     9.535     0.66    1.26
-176045.642    10.003     1.25    1.34
-175670.884    10.666     1.77    1.62
-175296.090    10.735     0.18    1.69
-174921.261    10.916     0.48    2.16
-174546.396    11.092     0.47    2.06
-174171.496    10.665    -1.14    1.88
-173796.560    10.072    -1.58    1.72
-173421.589     9.538    -1.42    1.74
-173046.583     9.479    -0.16    1.61
-172671.540     9.610     0.35    1.58
-172296.463     9.916     0.82    1.11
-171921.349     9.882    -0.09    1.08
-171546.201    10.072     0.51    1.38
-171171.016    10.128     0.15    1.36
-170795.796    10.173     0.12    1.42
-170420.541    10.355     0.48    1.31
-170045.250    10.573     0.58    1.30
-169669.923    10.804     0.62    1.32
-169294.561    10.860     0.15    1.46
-168919.163    11.080     0.59    1.44
-168543.729    11.449     0.98    1.38
-168168.260    11.702     0.67    1.20
-167792.755    11.913     0.56    0.91
-167417.214    12.092     0.48    1.04
-167041.638    12.294     0.54    1.08
-166666.026    12.681     1.03    1.10
-166290.378    12.858     0.47    1.08
-165914.694    13.145     0.76    1.08
-165538.975    13.424     0.74    1.09
-165163.220    13.685     0.70    1.02
-164787.429    13.931     0.65    0.99
-164411.603    14.409     1.27    1.13
-164035.741    14.753     0.91    1.01
-163659.842    14.922     0.45    0.94
-163283.909    15.056     0.36    0.99
-162907.939    14.948    -0.29    1.00
-162531.933    14.770    -0.47    1.00
-162155.892    14.461    -0.82    0.95
-161779.814    14.257    -0.54    0.85
-161403.701    14.368     0.30    0.89
-161027.552    14.628     0.69    1.04
-160651.367    15.074     1.19    1.03
-160275.146    15.363     0.77    0.94
-159898.889    15.431     0.18    0.94
-159522.597    15.683     0.67    0.86
-159146.268    15.609    -0.20    0.98
-158769.903    15.520    -0.24    1.02
-158393.503    15.326    -0.52    1.07
-158017.066    14.985    -0.91    1.00
-157640.594    14.878    -0.28    0.93
-157264.085    14.846    -0.08    0.88
-156887.540    14.757    -0.24    0.89
-156510.960    14.257    -1.33    1.23
-156134.343    13.806    -1.20    1.35
-155757.690    13.591    -0.57    1.49
-155381.001    13.540    -0.13    1.48
-155004.277    13.974     1.15    1.40
-154627.516    14.191     0.58    1.24
-154250.718    14.428     0.63    1.22
-153873.885    14.735     0.81    1.26
-153497.016    14.986     0.67    1.24
-153120.110    15.313     0.87    1.02
-152743.169    15.395     0.22    0.91
-152366.191    15.397     0.00    0.94
-151989.177    15.199    -0.52    1.02
-151612.127    15.064    -0.36    1.05
-151235.041    14.931    -0.35    0.97
-150857.918    14.735    -0.52    1.04
-150480.759    14.609    -0.33    1.15
-150103.564    14.735     0.33    0.97
-149726.333    14.493    -0.64    0.95
-149349.065    14.556     0.17    0.91
-148971.762    14.442    -0.30    1.03
-148594.421    14.363    -0.21    1.24
-148217.045    14.154    -0.56    1.44
-147839.632    13.609    -1.44    1.88
-147462.183    13.155    -1.20    2.06
-147084.698    12.905    -0.66    2.33
-146707.176    13.699     2.10    2.54
-146329.618    14.516     2.16    2.05
-145952.024    15.038     1.38    1.29
-145574.393    15.118     0.21    1.27
-145196.725    15.046    -0.19    1.21
-144819.022    15.145     0.26    1.01
-144441.282    15.339     0.51    1.02
-144063.505    15.699     0.95    0.89
-143685.692    16.028     0.87    0.76
-143307.843    16.154     0.33    0.68
-142929.957    16.217     0.17    0.63
-142556.799    16.409     0.52    0.42
-142186.010    16.324    -0.23    0.54
-141815.186    16.288    -0.10    0.55
-141444.327    16.181    -0.29    0.63
-141073.433    16.031    -0.40    0.75
-140702.504    15.540    -1.33    1.18
-140331.539    15.080    -1.24    1.14
-139960.540    14.699    -1.03    1.08
-139589.506    14.373    -0.88    1.00
-139218.436    14.503     0.35    0.99
-138847.331    14.428    -0.20    1.03
-138476.192    14.591     0.44    0.91
-138105.017    14.520    -0.19    0.91
-137733.806    14.382    -0.37    0.85
-137362.561    14.503     0.32    0.97
-136991.281    14.666     0.44    0.93
-136619.965    14.270    -1.07    1.29
-136248.614    13.500    -2.07    1.69
-135877.228    12.791    -1.91    1.61
-135505.807    12.446    -0.93    1.35
-135134.350    12.750     0.82    1.38
-134762.858    12.948     0.53    1.42
-134391.331    13.368     1.13    1.33
-134019.769    13.592     0.60    1.16
-133648.171    13.498    -0.25    1.13
-133276.538    13.538     0.11    1.30
-132904.870    13.455    -0.23    1.46
-132533.167    13.699     0.66    1.54
-132161.428    13.854     0.42    1.49
-131789.653    14.009     0.42    1.47
-131417.844    14.091     0.22    1.09
-131045.999    14.191     0.27    1.21
-130674.119    14.449     0.69    1.21
-130302.203    14.592     0.38    1.14
-129930.252    14.555    -0.10    1.29
-129558.265    14.420    -0.36    1.26
-129186.243    14.145    -0.74    1.22
-128814.186    13.974    -0.46    1.17
-128442.093    14.056     0.22    1.16
-128069.965    14.250     0.52    1.18
-127697.801    14.417     0.45    1.10
-127325.601    14.270    -0.39    1.12
-126953.367    14.373     0.28    1.22
-126581.096    14.110    -0.71    1.19
-126208.791    13.737    -1.00    1.12
-125836.449    13.538    -0.53    1.16
-125464.072    13.062    -1.28    1.18
-125091.660    13.056    -0.01    1.41
-124719.212    13.397     0.91    1.42
-124346.728    13.860     1.24    1.51
-123974.209    13.791    -0.18    1.61
-123601.654    14.038     0.66    1.70
-123229.064    14.246     0.56    1.68
-122856.438    14.294     0.13    1.57
-122483.776    14.574     0.75    1.30
-122111.079    14.552    -0.06    1.07
-121738.346    14.485    -0.18    1.26
-121365.577    13.647    -2.25    1.65
-120992.773    12.645    -2.69    2.08
-120619.932    11.937    -1.90    1.85
-120247.057    11.482    -1.22    1.30
-119874.145    12.128     1.73    1.59
-119501.198    12.967     2.25    1.49
-119128.215    13.665     1.87    1.39
-118755.196    13.937     0.73    1.18
-118382.141    13.753    -0.49    1.18
-118009.051    13.724    -0.08    1.29
-117635.925    13.364    -0.96    1.23
-117262.763    13.288    -0.20    1.36
-116889.565    13.378     0.24    1.38
-116516.332    13.555     0.47    1.26
-116143.062    13.609     0.14    1.26
-115769.757    13.717     0.29    1.23
-115396.416    13.937     0.59    1.25
-115023.039    14.395     1.23    1.18
-114649.626    14.628     0.62    1.24
-114276.177    14.949     0.86    1.24
-113902.692    15.205     0.68    1.19
-113529.172    15.038    -0.44    1.25
-113155.615    14.681    -0.96    1.29
-112782.022    14.520    -0.43    1.27
-112408.394    14.609     0.24    1.38
-112034.729    14.628     0.05    1.52
-111661.029    14.378    -0.67    1.53
-111287.292    14.099    -0.74    1.48
-110913.520    13.520    -1.55    1.53
-110539.711    13.224    -0.79    1.43
-110165.866    12.926    -0.80    1.45
-109791.986    12.809    -0.31    1.20
-109418.069    13.020     0.56    1.33
-109044.116    13.682     1.77    1.59
-108670.127    14.500     2.19    1.38
-108296.102    14.985     1.29    1.12
-107922.041    15.239     0.68    1.04
-107547.944    15.574     0.90    1.07
-107173.811    15.781     0.55    1.07
-106799.641    15.949     0.45    1.01
-106425.435    16.146     0.53    0.95
-106051.194    16.235     0.24    0.85
-105676.916    16.270     0.10    0.70
-105302.601    16.155    -0.31    0.81
-104928.251    16.163     0.02    0.71
-104553.864    16.156    -0.02    0.70
-104179.441    16.049    -0.29    0.75
-103804.982    15.948    -0.27    0.75
-103430.487    15.803    -0.39    0.78
-103055.955    15.573    -0.61    0.85
-102681.387    15.449    -0.33    0.96
-102306.783    15.591     0.38    1.05
-101932.142    15.573    -0.05    1.08
-101557.466    15.610     0.10    1.05
-101182.752    15.666     0.15    1.05
-100808.003    15.306    -0.96    1.13
-100433.217    15.363     0.15    1.13
-100058.395    15.500     0.37    1.19
 -99683.536    15.868     0.98    1.24
 -99308.641    16.319     1.20    1.17
 -98933.709    16.470     0.40    1.36
 -98558.742    16.482     0.03    1.77
 -98183.737    16.540     0.15    1.85
 -97808.696    16.609     0.18    1.86
 -97433.619    17.020     1.10    1.33
 -97058.506    17.091     0.19    0.69
 -96683.355    17.092     0.00    0.71
 -96308.169    16.882    -0.56    0.64
 -95932.946    16.806    -0.20    0.66
 -95557.686    16.556    -0.67    0.81
 -95182.390    16.313    -0.65    0.80
 -94807.057    16.199    -0.30    0.74
 -94431.688    16.070    -0.34    0.78
 -94056.282    16.270     0.53    0.67
 -93680.839    16.628     0.95    0.72
 -93305.360    16.794     0.44    0.57
 -92929.845    16.821     0.07    0.55
 -92554.292    16.719    -0.27    0.55
 -92178.704    16.452    -0.71    0.63
 -91803.078    16.250    -0.54    0.63
 -91427.416    16.253     0.01    0.62
 -91051.717    16.165    -0.23    0.72
 -90675.981    16.110    -0.15    0.91
 -90300.209    16.046    -0.17    0.96
 -89924.400    16.009    -0.10    0.95
 -89548.555    15.985    -0.07    0.94
 -89172.672    15.973    -0.03    0.97
 -88796.753    16.270     0.79    1.00
 -88420.797    16.743     1.26    0.81
 -88044.805    17.235     1.31    0.91
 -87668.775    17.868     1.68    1.06
 -87292.709    18.424     1.48    1.32
 -86916.606    18.750     0.87    1.23
 -86540.466    18.719    -0.08    1.28
 -86164.289    18.294    -1.13    1.29
 -85788.076    17.608    -1.82    0.96
 -85411.826    17.038    -1.51    0.93
 -85035.538    16.446    -1.57    0.96
 -84659.214    16.288    -0.42    0.90
 -84282.853    15.900    -1.03    1.13
 -83906.455    15.791    -0.29    1.13
 -83530.021    15.699    -0.24    1.14
 -83153.549    15.461    -0.63    1.19
 -82777.040    15.449    -0.03    1.05
 -82400.494    15.350    -0.26    1.14
 -82023.912    15.470     0.32    1.00
 -81647.292    15.324    -0.39    1.08
 -81270.636    15.191    -0.35    1.13
 -80893.942    14.891    -0.80    1.25
 -80517.211    14.760    -0.35    1.18
 -80140.444    14.557    -0.54    1.18
 -79763.639    14.741     0.49    1.17
 -79386.797    15.092     0.93    1.09
 -79009.919    14.753    -0.90    1.40
 -78633.003    14.949     0.52    1.48
 -78256.050    15.364     1.10    1.60
 -77879.060    15.722     0.95    1.57
 -77502.032    15.733     0.03    1.28
 -77124.968    15.665    -0.18    1.14
 -76747.866    15.610    -0.15    0.96
 -76370.728    15.895     0.76    0.94
 -75993.552    16.378     1.28    1.07
 -75616.339    16.645     0.71    1.07
 -75239.089    16.739     0.25    0.82
 -74861.801    16.908     0.45    0.70
 -74484.477    16.905    -0.01    0.60
 -74107.115    17.056     0.40    0.68
 -73729.716    17.209     0.41    0.71
 -73352.279    17.171    -0.10    0.68
 -72974.806    17.175     0.01    0.67
 -72597.295    17.100    -0.20    0.63
 -72219.746    17.056    -0.12    0.66
 -71842.161    17.243     0.49    0.75
 -71464.538    17.824     1.54    1.00
 -71086.878    18.264     1.16    1.04
 -70709.180    18.519     0.67    0.94
 -70331.445    18.395    -0.33    1.10
 -69953.673    17.942    -1.20    1.06
 -69575.863    17.628    -0.83    1.03
 -69198.016    17.397    -0.61    0.92
 -68820.132    17.382    -0.04    0.85
 -68442.210    17.446     0.17    0.84
 -68064.250    17.446     0.00    0.82
 -67690.468    17.610     0.44    0.92
 -67319.787    17.828     0.59    1.03
 -66949.070    18.084     0.69    0.96
 -66578.317    18.609     1.42    0.93
 -66207.528    18.878     0.73    0.98
 -65836.704    19.072     0.52    1.02
 -65465.843    19.556     1.31    1.25
 -65094.946    20.146     1.59    1.16
 -64724.014    20.791     1.74    1.24
 -64353.045    21.387     1.61    1.15
 -63982.040    21.355    -0.09    1.10
 -63611.000    21.610     0.69    1.16
 -63239.923    21.824     0.58    1.21
 -62868.810    22.181     0.96    1.23
 -62497.661    22.538     0.96    1.01
 -62126.476    22.592     0.14    1.03
 -61755.255    22.609     0.05    1.12
 -61383.998    23.014     1.09    1.35
 -61012.705    23.269     0.69    1.39
 -60641.375    23.364     0.26    1.40
 -60270.010    23.537     0.46    1.39
 -59898.608    23.663     0.34    1.32
 -59527.170    23.699     0.10    1.16
 -59155.696    24.217     1.39    1.26
 -58784.186    24.813     1.60    1.45
 -58412.640    25.391     1.56    1.39
 -58041.057    25.698     0.82    1.46
 -57669.438    26.108     1.10    1.28
 -57297.783    26.162     0.14    1.35
 -56926.092    26.455     0.79    1.53
 -56554.364    26.593     0.37    1.50
 -56182.600    27.209     1.66    1.36
 -55810.800    27.996     2.12    1.50
 -55438.964    28.628     1.70    1.36
 -55067.091    29.503     2.35    1.27
 -54695.182    30.136     1.70    1.47
 -54323.236    30.828     1.86    1.60
 -53951.255    32.049     3.28    1.79
 -53579.236    32.781     1.97    1.75
 -53207.182    33.400     1.66    1.74
 -52835.091    34.474     2.89    1.94
 -52462.964    35.242     2.06    2.02
 -52090.800    35.955     1.92    1.82
 -51718.600    36.368     1.11    1.67
 -51346.363    36.557     0.51    1.72
 -50974.090    36.913     0.96    1.57
 -50601.781    37.084     0.46    1.42
 -50229.435    36.828    -0.69    1.35
 -49857.052    36.259    -1.53    1.51
 -49484.634    35.397    -2.32    1.59
 -49112.178    34.154    -3.34    1.71
 -48739.686    32.813    -3.60    1.64
 -48367.158    31.645    -3.13    1.70
 -47994.593    30.482    -3.12    1.78
 -47621.991    29.145    -3.59    2.07
 -47249.353    27.382    -4.73    2.39
 -46876.678    25.646    -4.66    2.36
 -46503.967    23.838    -4.85    1.99
 -46131.219    22.538    -3.49    1.76
 -45758.434    21.540    -2.68    1.65
 -45385.613    20.743    -2.14    1.40
 -45012.755    20.270    -1.27    1.29
 -44639.861    19.919    -0.94    1.45
 -44266.930    19.610    -0.83    1.47
 -43893.962    19.985     1.00    1.88
 -43520.957    19.860    -0.34    1.83
 -43147.916    19.520    -0.91    2.09
 -42774.838    18.776    -2.00    2.46
 -42401.723    17.334    -3.86    1.48
 -42028.572    16.665    -1.80    0.51
 -41655.383    16.661    -0.01    0.49
 -41282.158    16.590    -0.19    0.90
 -40908.897    14.413    -5.83    5.22
 -40535.598    10.681   -10.00    7.36
 -40162.263     6.505   -11.19    7.25
 -39788.890     2.522   -10.67    4.37
 -39415.481     1.056    -3.93    1.22
 -39042.036     1.199     0.38    1.28
 -38668.553     1.307     0.29    1.28
 -38295.033     1.577     0.72    1.31
 -37921.477     1.905     0.88    1.57
 -37547.883     1.990     0.23    1.96
 -37174.253     1.461    -1.42    2.58
 -36800.586     1.020    -1.18    2.99
 -36426.882     0.163    -2.29    3.10
 -36053.140    -0.533    -1.86    3.37
 -35679.362    -0.162     0.99    5.76
 -35305.547     0.228     1.04    7.20
 -34931.695    -0.829    -2.82    6.48
 -34557.806    -1.757    -2.48    4.77
 -34183.880    -2.372    -1.65    3.28
 -33809.917    -2.355     0.05    3.33
 -33435.917    -2.495    -0.38    2.23
 -33061.880    -2.408     0.23    2.44
 -32687.806    -2.158     0.67    2.85
 -32313.694    -1.934     0.60    3.44
 -31939.546    -1.962    -0.07    2.85
 -31565.360    -0.515     3.87    6.00
 -31191.138     1.405     5.13    8.22
 -30816.878     2.056     1.74    9.37
 -30442.581     3.516     3.90   10.33
 -30068.247     3.382    -0.36   10.41
 -29693.876     3.163    -0.58   10.27
 -29319.468     2.591    -1.53    9.73
 -28945.022     1.838    -2.01    9.03
 -28570.539     1.973     0.36    8.71
 -28196.019     1.452    -1.39    7.94
 -27821.462     1.705     0.67    7.84
 -27446.868     1.449    -0.68    7.72
 -27072.236     1.505     0.15    7.90
 -26697.567     0.967    -1.44    8.01
 -26322.861     2.145     3.15    9.04
 -25948.117     1.967    -0.48    8.79
 -25573.337     2.306     0.91    8.52
 -25198.518     2.854     1.46    8.40
 -24823.663     4.342     3.97    8.77
 -24448.770     7.119     7.41    9.29
 -24073.840    10.386     8.72    8.97
 -23698.872    13.038     7.07    7.94
 -23323.867    15.698     7.09    5.80
 -22948.825    16.856     3.09    4.02
 -22573.745    17.628     2.06    1.02
 -22198.628    17.886     0.69    0.95
 -21823.474    17.948     0.17    0.94
 -21448.282    18.014     0.17    0.92
 -21073.052    17.609    -1.08    0.95
 -20697.785    17.347    -0.70    0.92
 -20322.481    17.145    -0.54    0.74
 -19947.139    17.003    -0.38    0.65
 -19571.759    16.961    -0.11    0.58
 -19196.342    16.900    -0.16    0.53
 -18820.888    16.908     0.02    0.59
 -18445.396    17.005     0.26    0.66
 -18069.866    17.031     0.07    0.68
 -17694.299    17.110     0.21    0.79
 -17318.694    17.145     0.10    0.85
 -16943.052    16.485    -1.76    3.72
 -16567.372    14.828    -4.41    6.21
 -16191.654    13.913    -2.43    7.03
 -15815.899    13.609    -0.81    7.16
 -15440.106    13.842     0.62    6.83
 -15064.275    14.610     2.04    6.20
 -14688.407    15.972     3.63    4.00
 -14312.501    16.378     1.08    3.44
 -13936.557    17.312     2.48    1.20
 -13560.576    17.610     0.79    1.29
 -13184.557    17.864     0.68    1.07
 -12808.500    18.171     0.82    1.05
 -12432.405    17.339    -2.21    4.12
 -12056.273    13.306   -10.72    8.16
 -11680.103     9.776    -9.39    8.89
 -11303.895     5.803   -10.56    7.52
 -10927.649     2.699    -8.25    3.67
 -10551.365     1.556    -3.04    2.20
 -10175.044     1.645     0.24    2.01
  -9798.684     1.816     0.45    2.03
  -9422.287     1.891     0.20    1.78
  -9045.852     1.967     0.20    1.56
  -8669.379     1.926    -0.11    1.41
  -8292.868     2.020     0.25    1.52
  -7916.319     1.967    -0.14    1.46
  -7539.733     1.505    -1.23    1.52
  -7163.108     1.269    -0.63    1.46
  -6786.445     0.990    -0.74    1.32
  -6409.745     1.166     0.47    1.45
  -6033.006     1.680     1.36    1.59
  -5656.230     1.900     0.58    1.35
  -5279.415     2.235     0.89    1.26
  -4902.563     2.154    -0.21    1.38
  -4525.672     2.003    -0.40    1.41
  -4148.743     2.242     0.63    1.36
  -3771.777     1.942    -0.79    1.38
  -3394.772     2.024     0.22    1.26
  -3017.729     2.128     0.27    1.22
  -2640.648     2.324     0.52    1.25
  -2263.529     2.645     0.85    1.11
  -1886.372     2.591    -0.14    1.22
  -1509.176     2.574    -0.05    1.41
  -1131.943     2.320    -0.67    2.08
   -754.671     1.645    -1.79    2.28
   -377.361     0.700    -2.50    2.15
     -0.013     0.056    -1.71    1.64
    377.373    -0.285    -0.90    0.54
    754.798     0.028     0.83    1.44
   1132.260     0.128     0.26    1.50
   1509.761     0.387     0.69    1.60
   1887.301     0.347    -0.11    1.37
   2264.878     0.503     0.41    1.50
   2642.494     1.056     1.47    1.91
   3020.148     1.735     1.80    2.05
   3397.840     3.009     3.37    2.66
   3775.571     4.128     2.96    2.54
   4153.340     5.118     2.62    2.33
   4531.148     5.014    -0.28    2.39
   4908.993     4.682    -0.88    2.58
   5286.878     4.873     0.51    2.43
   5664.800     5.329     1.21    2.47
   6042.761     5.555     0.60    2.12
   6420.761     5.041    -1.36    2.29
   6798.798     4.591    -1.19    2.56
   7173.303     4.574    -0.04    2.49
   7543.875     4.155    -1.13    2.55
   7914.482     4.020    -0.36    2.31
   8285.127     3.828    -0.52    2.52
   8655.809     3.334    -1.33    2.91
   9026.527     2.413    -2.48    2.96
   9397.283     2.259    -0.42    2.89
   9768.075     4.031     4.78    3.49
  10138.904     5.173     3.08    3.07
  10509.770     5.731     1.50    2.88
  10880.673     5.794     0.17    2.61
  11251.613     4.592    -3.24    2.29
  11622.590     3.887    -1.90    1.97
  11993.604     3.645    -0.65    2.04
  12364.655     3.253    -1.06    1.80
  12735.743     3.300     0.13    2.08
  13106.868     3.755     1.23    2.24
  13478.030     3.838     0.22    2.57
  13849.229     3.520    -0.86    2.18
  14220.465     3.540     0.05    1.58
  14591.738     4.110     1.54    1.16
  14963.048     4.183     0.20    1.21
  15334.395     4.217     0.09    1.20
  15705.779     4.331     0.31    1.21
  16077.201     4.306    -0.07    1.18
  16448.659     4.337     0.08    1.23
  16820.155     4.145    -0.52    1.55
  17191.688     3.610    -1.44    1.67
  17563.258     3.540    -0.19    1.69
  17934.865     3.347    -0.52    1.73
  18306.509     3.242    -0.28    1.53
  18678.191     3.680     1.18    1.87
  19049.910     3.943     0.71    1.90
  19421.666     3.824    -0.32    2.19
  19793.459     3.986     0.44    2.12
  20165.290     3.865    -0.33    2.03
  20537.157     3.556    -0.83    1.56
  20909.062     3.611     0.15    1.31
  21281.005     3.387    -0.60    1.29
  21652.985     3.217    -0.46    1.17
  22025.001     3.294     0.21    1.27
  22397.056     3.324     0.08    1.19
  22769.147     3.680     0.96    1.30
  23141.276     3.785     0.28    1.24
  23513.443     4.154     0.99    1.09
  23885.647     4.276     0.33    1.14
  24257.888     3.814    -1.24    1.21
  24630.166     3.591    -0.60    1.23
  25002.482     3.490    -0.27    1.13
  25374.836     3.574     0.23    1.38
  25747.227     3.485    -0.24    1.33
  26119.655     3.785     0.81    1.46
  26492.121     3.753    -0.09    1.50
  26864.624     3.538    -0.58    1.43
  27237.165     3.717     0.48    1.35
  27609.743     3.386    -0.89    1.63
  27982.359     3.591     0.55    2.07
  28355.012     3.661     0.19    2.11
  28727.703     3.455    -0.56    2.24
  29100.432     3.145    -0.83    1.64
  29473.198     3.996     2.28    2.26
  29846.001     6.628     7.06    6.04
  30218.843    11.943    14.26    8.98
  30591.721    17.312    14.40    8.39
  30964.638    21.715    11.81    5.28
  31337.592    23.056     3.60    3.77
  31710.584    23.797     1.99    2.53
  32083.613    23.809     0.03    2.23
  32456.680    23.329    -1.29    2.31
  32829.785    23.294    -0.09    2.38
  33202.928    23.485     0.51    2.55
  33576.108    23.996     1.37    2.40
  33949.326    24.803     2.16    2.03
  34322.582    25.189     1.03    1.71
  34695.875    25.364     0.47    1.23
  35069.207    25.259    -0.28    1.06
  35442.576    24.717    -1.45    1.12
  35815.983    22.967    -4.69    3.27
  36189.427    21.363    -4.29    3.82
  36562.910    20.878    -1.30    3.68
  36936.430    21.417     1.44    3.79
  37309.988    22.785     3.66    2.64
  37683.584    23.538     2.02    0.98
  38057.218    23.645     0.29    1.23
  38430.890    23.895     0.67    1.45
  38804.600    24.173     0.74    1.51
  39178.347    24.882     1.90    1.75
  39552.133    25.163     0.75    1.81
  39925.956    25.162    -0.00    1.71
  40299.818    25.119    -0.12    1.62
  40673.717    24.895    -0.60    1.54
  41047.655    24.540    -0.95    1.75
  41421.630    24.306    -0.62    2.16
  41795.644    24.235    -0.19    2.39
  42169.695    24.699     1.24    2.36
  42543.785    25.490     2.11    2.21
  42917.912    26.082     1.58    1.89
  43292.078    26.339     0.69    1.11
  43666.281    25.985    -0.95    1.31
  44040.523    25.154    -2.22    1.57
  44414.803    24.364    -2.11    1.47
  44789.121    23.733    -1.69    1.29
  45163.477    23.540    -0.52    1.46
  45537.872    23.715     0.47    1.92
  45912.304    23.717     0.00    1.84
  46286.775    23.397    -0.85    2.19
  46661.283    22.661    -1.96    2.39
  47035.830    22.038    -1.66    2.25
  47410.415    21.731    -0.82    1.96
  47785.039    21.926     0.52    1.82
  48159.701    22.162     0.63    1.57
  48534.400    22.748     1.56    1.64
  48909.139    23.461     1.90    1.49
  49283.915    23.967     1.35    1.39
  49658.730    24.516     1.47    1.06
  50033.583    24.821     0.81    1.14
  50408.474    25.136     0.84    1.48
  50783.404    25.763     1.67    2.00
  51158.372    26.753     2.64    2.21
  51533.378    27.610     2.29    2.25
  51908.423    28.894     3.42    2.23
  52283.506    29.770     2.34    1.89
  52658.628    30.171     1.07    1.55
  53033.788    30.720     1.46    1.22
  53408.986    30.838     0.31    1.11
  53784.223    30.949     0.30    1.10
  54159.498    31.231     0.75    1.01
  54534.812    31.593     0.96    1.13
  54910.164    31.821     0.61    0.97
  55285.555    32.068     0.66    1.00
  55660.984    32.382     0.84    0.91
  56036.452    32.712     0.88    1.04
  56411.958    33.035     0.86    1.04
  56787.503    33.092     0.15    0.99
  57163.086    33.217     0.33    1.01
  57538.708    33.438     0.59    1.00
  57914.368    33.856     1.11    0.95
  58290.068    33.943     0.23    0.93
  58665.805    34.145     0.54    0.88
  59041.582    34.391     0.66    0.84
  59417.397    34.695     0.81    0.78
  59793.250    35.020     0.86    0.93
  60169.143    35.312     0.78    1.02
  60545.074    35.575     0.70    1.06
  60921.043    35.717     0.38    0.98
  61297.052    35.821     0.28    1.01
  61673.099    36.064     0.65    0.92
  62049.185    36.400     0.89    1.09
  62425.309    36.533     0.36    1.06
  62801.473    36.661     0.34    1.03
  63177.675    36.537    -0.33    1.14
  63553.916    36.224    -0.83    1.21
  63930.196    36.059    -0.44    1.19
  64306.514    35.860    -0.53    1.21
  64682.872    35.814    -0.12    1.14
  65059.268    36.035     0.59    0.98
  65435.703    35.768    -0.71    0.99
  65812.177    35.905     0.37    0.88
  66188.690    36.076     0.45    0.94
  66565.242    36.231     0.41    0.88
  66941.832    36.507     0.73    0.70
  67318.462    36.714     0.55    0.73
  67695.131    36.838     0.33    0.82
  68071.838    37.034     0.52    0.77
  68448.585    37.070     0.09    0.80
  68825.370    37.306     0.63    0.66
  69202.195    37.224    -0.22    0.86
  69579.058    37.101    -0.33    1.00
  69955.961    36.996    -0.28    1.20
  70332.902    36.873    -0.33    1.15
  70709.883    37.007     0.35    1.06
  71086.902    36.831    -0.47    1.00
  71463.961    36.729    -0.27    0.94
  71841.059    36.717    -0.03    0.96
  72218.196    36.610    -0.28    0.88
  72595.372    36.800     0.50    0.98
  72972.587    37.064     0.70    0.92
  73349.842    37.248     0.49    0.93
  73727.135    37.405     0.42    0.82
  74104.468    37.557     0.40    0.86
  74481.840    37.753     0.52    0.88
  74859.251    37.865     0.30    0.93
  75236.701    37.996     0.35    0.96
  75614.191    38.207     0.56    0.86
  75991.720    38.289     0.22    0.84
  76369.288    38.191    -0.26    0.79
  76746.895    38.102    -0.24    0.84
  77124.542    38.209     0.28    0.98
  77502.228    38.253     0.11    1.00
  77879.953    38.472     0.58    1.01
  78257.717    38.628     0.41    0.84
  78635.521    38.699     0.19    0.81
  79013.365    38.609    -0.24    0.78
  79391.247    38.594    -0.04    0.79
  79769.169    38.505    -0.24    0.76
  80147.131    38.490    -0.04    0.78
  80525.132    38.557     0.18    0.80
  80903.172    38.538    -0.05    0.79
  81281.252    38.577     0.10    0.84
  81659.371    38.516    -0.16    0.86
  82034.688    38.485    -0.08    0.86
  82405.142    38.387    -0.26    0.95
  82775.635    38.421     0.09    0.95
  83146.165    38.540     0.32    0.87
  83516.733    38.560     0.05    0.98
  83887.339    38.378    -0.49    1.00
  84257.983    38.417     0.11    1.08
  84628.665    38.400    -0.05    1.10
  84999.384    38.253    -0.40    1.09
  85370.142    38.382     0.35    1.06
  85740.937    38.329    -0.14    1.12
  86111.770    38.312    -0.05    1.05
  86482.641    38.496     0.50    1.07
  86853.550    38.526     0.08    1.05
  87224.497    38.591     0.18    1.02
  87595.481    38.645     0.14    1.19
  87966.504    38.860     0.58    1.16
  88337.565    39.101     0.65    1.15
  88708.663    39.259     0.43    1.05
  89079.800    39.306     0.12    0.88
  89450.975    39.242    -0.17    0.88
  89822.187    39.024    -0.59    0.92
  90193.438    38.509    -1.39    1.44
  90564.727    38.485    -0.07    1.43
  90936.054    38.323    -0.44    1.37
  91307.418    38.387     0.17    1.30
  91678.821    38.559     0.46    1.21
  92050.262    38.755     0.53    0.92
  92421.742    38.797     0.11    0.95
  92793.259    38.628    -0.46    1.16
  93164.814    38.628     0.00    1.14
  93536.408    38.576    -0.14    1.03
  93908.040    38.800     0.60    1.05
  94279.710    38.955     0.42    1.10
  94651.418    39.128     0.46    1.05
  95023.164    39.270     0.38    0.92
  95394.948    39.209    -0.16    0.88
  95766.771    39.068    -0.38    0.88
  96138.632    38.949    -0.32    0.83
  96510.532    39.136     0.50    0.90
  96882.469    39.253     0.31    0.93
  97254.445    39.189    -0.17    0.87
  97626.459    39.066    -0.33    0.80
  97998.512    39.259     0.52    0.82
  98370.602    39.452     0.52    0.89
  98742.731    39.400    -0.14    0.95
  99114.899    39.277    -0.33    1.08
  99487.105    38.943    -0.90    1.00
  99859.349    38.594    -0.94    0.84
 100231.631    38.294    -0.81    0.70
 100603.953    38.277    -0.05    0.74
 100976.312    38.337     0.16    0.83
 101348.710    38.364     0.07    0.79
 101721.146    38.467     0.28    0.80
 102093.621    38.475     0.02    0.83
 102466.134    38.347    -0.34    0.86
 102838.686    38.235    -0.30    0.78
 103211.276    38.407     0.46    0.93
 103583.905    38.593     0.50    0.94
 103956.572    38.731     0.37    1.00
 104329.278    38.794     0.17    0.93
 104702.022    38.978     0.49    0.86
 105074.805    38.913    -0.17    1.04
 105447.627    38.978     0.17    1.04
 105820.487    39.074     0.26    1.08
 106193.386    39.242     0.45    1.18
 106566.323    39.272     0.08    1.06
 106939.299    39.199    -0.19    1.04
 107312.314    39.066    -0.36    0.95
 107685.367    39.155     0.24    0.88
 108058.459    39.171     0.04    0.78
 108431.590    39.250     0.21    0.88
 108804.759    39.544     0.79    0.98
 109177.967    39.803     0.69    1.12
 109551.214    39.938     0.36    1.22
 109924.500    40.214     0.74    1.14
 110297.824    40.435     0.59    1.04
 110671.187    40.214    -0.59    1.12
 111044.589    40.056    -0.42    1.22
 111418.030    39.878    -0.48    1.12
 111791.509    39.665    -0.57    0.98
 112165.028    39.746     0.22    1.18
 112538.585    39.856     0.29    1.24
 112912.181    39.967     0.30    1.32
 113285.816    39.921    -0.12    1.31
 113659.490    39.821    -0.27    1.33
 114033.202    39.766    -0.15    1.28
 114406.954    39.921     0.42    1.30
 114780.745    40.003     0.22    1.12
 115154.574    39.895    -0.29    1.09
 115528.443    40.119     0.60    1.07
 115902.350    39.824    -0.79    1.10
 116276.296    39.794    -0.08    1.22
 116650.282    39.821     0.07    1.26
 117024.306    39.821     0.00    1.25
 117398.370    40.162     0.91    1.20
 117772.472    40.373     0.56    1.24
 118146.614    40.770     1.06    1.24
 118520.794    41.031     0.70    1.12
 118895.014    41.153     0.33    0.97
 119269.272    41.074    -0.21    1.01
 119643.570    41.306     0.62    1.04
 120017.907    41.538     0.62    1.27
 120392.283    41.985     1.19    1.12
 120766.699    41.955    -0.08    1.13
 121141.153    42.102     0.39    1.07
 121515.647    42.181     0.21    1.09
 121890.179    42.154    -0.07    1.27
 122264.751    42.255     0.27    1.22
 122639.363    42.074    -0.48    1.17
 123014.013    42.068    -0.02    1.19
 123388.703    41.803    -0.71    1.04
 123763.432    41.735    -0.18    1.11
 124138.200    41.729    -0.01    1.06
 124513.007    41.886     0.42    1.07
 124887.854    42.056     0.45    1.08
 125262.740    42.235     0.48    1.04
 125637.666    42.272     0.10    1.01
 126012.630    42.110    -0.43    1.14
 126387.634    42.119     0.03    1.09
 126762.678    42.277     0.42    1.11
 127137.761    42.074    -0.54    1.08
 127512.883    42.187     0.30    1.10
 127888.045    41.903    -0.76    1.31
 128263.246    41.806    -0.26    1.44
 128638.487    41.753    -0.14    1.40
 129013.767    41.865     0.30    1.38
 129389.086    41.949     0.22    1.27
 129764.445    41.967     0.05    1.18
 130139.843    42.128     0.43    1.23
 130515.281    42.171     0.12    1.24
 130890.759    41.950    -0.59    1.27
 131266.276    42.102     0.41    1.34
 131641.833    42.074    -0.07    1.16
 132017.429    42.155     0.22    1.07
 132393.065    42.272     0.31    1.03
 132768.740    42.020    -0.67    1.51
 133144.455    41.811    -0.56    1.55
 133520.209    41.577    -0.62    1.51
 133896.004    41.334    -0.64    1.17
 134271.838    41.153    -0.48    1.09
 134647.711    41.153     0.00    1.16
 135023.624    41.020    -0.35    1.17
 135399.577    40.961    -0.16    1.27
 135775.570    40.984     0.06    1.21
 136151.602    41.189     0.55    1.27
 136527.674    41.300     0.30    1.41
 136903.786    41.509     0.56    1.23
 137279.938    41.576     0.18    1.25
 137656.129    41.317    -0.69    1.05
 138032.360    41.171    -0.39    1.20
 138408.631    41.038    -0.35    1.14
 138784.942    40.720    -0.85    1.15
 139161.293    40.814     0.25    1.20
 139537.683    41.003     0.50    1.02
 139914.114    41.231     0.61    1.04
 140290.584    41.328     0.26    1.03
 140667.094    41.342     0.04    1.12
 141043.644    41.494     0.40    1.11
 141420.234    41.572     0.21    1.14
 141796.864    41.559    -0.04    0.99
 142173.534    41.628     0.18    0.95
 142550.244    41.578    -0.13    0.94
 142926.994    41.610     0.08    0.87
 143303.784    41.783     0.46    1.06
 143680.613    42.037     0.68    1.02
 144057.483    42.259     0.59    1.10
 144434.393    42.645     1.02    1.03
 144811.343    42.979     0.89    0.89
 145188.333    43.110     0.35    0.87
 145565.363    43.403     0.78    0.92
 145942.434    43.746     0.91    1.05
 146319.544    43.873     0.34    1.04
 146696.694    44.101     0.60    1.07
 147073.885    44.044    -0.15    1.05
 147451.116    43.913    -0.35    1.07
 147828.387    43.528    -1.02    1.13
 148205.698    43.084    -1.18    1.12
 148583.049    42.785    -0.79    1.03
 148960.440    42.455    -0.88    1.34
 149337.872    42.698     0.64    1.41
 149715.344    43.119     1.12    1.49
 150092.856    43.773     1.73    1.56
 150470.409    44.661     2.35    1.22
 150848.002    45.663     2.65    1.44
 151225.635    46.834     3.10    1.60
 151603.308    48.102     3.36    1.60
 151981.022    49.189     2.88    1.54
 152358.776    50.093     2.39    1.31
 152736.570    50.719     1.66    1.09
 153114.405    51.031     0.83    1.13
 153492.280    51.199     0.44    1.02
 153870.196    51.169    -0.08    1.03
 154248.152    50.824    -0.91    1.09
 154626.148    50.449    -0.99    0.99
 155004.185    50.136    -0.83    1.03
 155382.263    49.913    -0.59    0.91
 155760.381    49.873    -0.11    0.81
 156138.539    49.864    -0.02    0.69
 156516.738    49.715    -0.39    0.76
 156892.978    49.378    -0.90    0.84
 157263.315    49.560     0.49    1.06
 157633.690    50.084     1.41    1.40
 158004.105    50.860     2.10    1.57
 158374.558    51.628     2.07    1.37
 158745.049    51.842     0.58    1.26
 159115.580    52.119     0.75    1.20
 159486.149    52.054    -0.18    1.28
 159856.757    51.831    -0.60    1.14
 160227.404    51.574    -0.69    1.24
 160598.090    51.144    -1.16    1.40
 160968.815    50.803    -0.92    1.38
 161339.578    50.540    -0.71    1.35
 161710.380    50.007    -1.44    1.31
 162081.222    49.593    -1.12    1.50
 162452.102    49.059    -1.44    1.57
 162823.021    48.729    -0.89    1.64
 163193.979    48.645    -0.23    1.58
 163564.976    48.895     0.68    1.67
 163936.012    48.710    -0.50    1.51
 164307.086    48.538    -0.46    1.37
 164678.200    48.214    -0.87    1.32
 165049.353    48.109    -0.28    1.14
 165420.545    47.882    -0.61    1.25
 165791.776    48.024     0.38    1.32
 166163.046    48.044     0.05    1.37
 166534.355    48.323     0.75    1.30
 166905.703    48.593     0.73    1.27
 167277.090    48.950     0.96    1.49
 167648.516    49.475     1.41    1.65
 168019.982    50.224     2.02    1.77
 168391.486    50.662     1.18    1.58
 168763.030    50.611    -0.14    1.27
 169134.612    50.645     0.09    1.09
 169506.234    50.221    -1.14    0.93
 169877.895    49.794    -1.15    0.97
 170249.596    49.679    -0.31    1.07
 170621.335    49.294    -1.04    1.07
 170993.114    48.873    -1.13    1.09
 171364.932    48.277    -1.61    1.48
 171736.789    47.317    -2.58    1.96
 172108.686    46.294    -2.75    2.10
 172480.621    45.610    -1.84    2.47
 172852.596    44.714    -2.41    3.36
 173224.611    44.064    -1.75    4.20
 173596.664    43.231    -2.24    4.52
 173968.757    41.937    -3.48    4.94
 174340.890    41.267    -1.80    4.79
 174713.062    39.717    -4.17    4.81
 175085.273    38.785    -2.50    4.52
 175457.523    38.224    -1.51    5.37
 175829.813    37.748    -1.28    6.03
 176202.142    37.575    -0.47    7.06
 176574.511    36.170    -3.77    8.44
 176946.919    35.386    -2.10    9.19
 177319.367    33.785    -4.30    9.54
 177691.854    32.178    -4.32    9.46
 178064.381    30.645    -4.11    8.96
 178436.947    28.076    -6.90    7.18
 178809.553    27.064    -2.72    6.32
 179182.198    25.378    -4.53    3.32
 179554.882    24.628    -2.01    0.00
 179927.607    24.628     0.00    0.00
 180300.371    24.628     0.00    0.00
 180673.174    24.628     0.00    0.00
 181046.017    24.628     0.00    0.00
 181418.900    24.628     0.00    0.00
 181791.822    24.628     0.00    0.00
 182164.784    24.628     0.00    0.00
 182537.786    24.628     0.00    0.00
 182910.827    24.628     0.00    0.00
 183283.908    24.628     0.00    0.00
 183657.028    24.628     0.00    0.00
 184030.189    24.628     0.00    0.00
 184403.389    24.628     0.00    0.00
 184776.629    24.662     0.09    0.26
 185149.908    24.663     0.00    0.26
 185523.228    25.766     2.95    5.00
 185896.587    26.857     2.92    8.50
 186269.986    25.788    -2.86    5.87
 186643.425    25.594    -0.52    5.33
 187016.904    25.555    -0.10    5.13
 187390.422    25.076    -1.28    2.57
 187763.980    24.943    -0.35    2.38
 188137.579    26.594     4.42    8.94
 188511.217    27.059     1.24   11.17
 188884.895    27.056    -0.01   10.25
 189258.613    27.431     1.00    9.73
 189632.370    32.049    12.36   20.49
 190006.168    34.438     6.39   23.62
 190380.006    38.424    10.66   26.93
 190753.884    40.861     6.52   28.54
 191127.802    38.860    -5.35   26.50
 191501.759    37.255    -4.29   23.21
 191875.757    32.102   -13.78   13.31
 192249.795    30.145    -5.23    7.87
 192623.873    34.093    10.56   11.67
 192997.991    42.049    21.27   21.41
 193372.149    58.698    44.51   29.34
 193746.347    75.020    43.63   23.79
 194120.585    84.037    24.10   16.03
 194494.863    82.768    -3.39   17.10
 194869.182    74.059   -23.27   19.64
 195243.540    61.390   -33.85   17.44
 195617.939    55.680   -15.25   12.13
 195992.378    55.386    -0.79   10.05
 196366.857    62.066    17.84   14.21
 196741.376    73.899    31.60   18.48
 197115.936    86.609    33.94   14.76
 197490.535    95.431    23.55   13.17
 197865.176   100.382    13.22   14.01
 198239.856   108.259    21.03   16.68
 198614.576   117.390    24.37   21.24
 198989.337   127.438    26.82   26.68
 199364.138   146.524    50.93   34.21
 199738.980   164.661    48.40   32.24
 200113.862   182.528    47.67   23.38
 200488.784   193.270    28.66   13.55
 200863.746   188.323   -13.20   21.34
 201238.749   173.288   -40.10   33.68
 201613.793   147.663   -68.34   42.19
 201988.877   114.390   -88.72   38.64
 202364.001    87.255   -72.35   28.83
 202739.165    76.903   -27.60   18.81
 203114.370    79.255     6.27   20.41
 203489.616    97.234    47.92   23.81
 203864.902   115.003    47.36   17.35
 204240.228   125.072    26.83   13.89
 204615.595   133.628    22.80   12.28
