# NaN NaN NaN ;Mean Elev.(m), Avg Gradient(m/km), RMS Gradient(m/km) - SRTM1     
#  -25.973  -0.048   2.882 ;Mean Elev.(m), Avg Gradient(m/km), RMS Gradient(m/km) - ASTER GDEM
#  -19.552   0.018   2.252 ;Mean Elev.(m), Avg Gradient(m/km), RMS Gradient(m/km) - GMTED2010 
  8  46.706282  47.592710   -20.974   -21.088  4 52512.31313547 19.949
  9  46.707684  47.592678   -21.318   -21.356  4 52547.31317108 21.812
 10  46.705813  47.594322   -20.785   -21.255  4 52582.31318070 19.090
 11  46.696300  47.600525   -20.367   -20.357  3 52617.31315219 43.909
 12  46.711232  47.587432   -18.098   -18.095  4 52652.31312918 27.762
 13  46.701020  47.595201   -18.700   -18.665  4 52687.31312443 23.789
 14  46.704039  47.595463   -18.989   -19.002  4 52722.31317200 28.600
 15  46.690539  47.603586   -18.938   -18.918  3 52757.31319309 46.788
 17  46.711020  47.589901   -20.831   -20.820  4 52827.31321458 31.459
 18  46.710819  47.588207   -20.925   -20.952  4 52862.31326020 26.749
 19  46.700525  47.597480   -21.111   -21.105  4 52897.31328860 31.796
 20  46.695655  47.600055   -20.950   -21.003  4 52932.31323495 35.864
 21  46.708377  47.589759   -20.999   -20.996  4 52967.31324000 28.777
 22  46.697357  47.599106   -20.478   -20.479  4 53002.31326464 38.057
 23  46.695805  47.599649   -19.231   -19.241  4 53037.31321359 43.919
 24  46.702126  47.595958   -19.529   -19.499  4 53072.31323902 18.777
 25  46.694461  47.601395   -19.141   -18.954  3 53107.31321404 18.256
 26  46.705751  47.592889   -16.327   -16.304  4 53142.31324778 25.124
 27  46.705295  47.594715   -19.316   -19.415  4 53177.31327215 19.186
 28  46.700696  47.594711   -19.278   -19.278  4 53212.31329235 18.052
 29  46.700957  47.596118   -20.630   -20.752  3 53247.31326075 16.036
 30  46.705995  47.594160   -20.686   -20.887  4 53282.31324976 17.759
 31  46.707038  47.592640   -20.956   -21.151  4 53317.31325458 20.438
 32  46.703750  47.592953   -21.068   -21.150  4 53352.31322027 18.468
 33  46.707160  47.590388   -20.081   -20.087  4 53387.31321197 46.620
 34  46.708362  47.591053   -16.380   -16.369  4 53422.31321349 31.199
 35  46.711940  47.588325   -18.949   -19.043  4 53457.31321919 22.170
 36  46.699061  47.598470   -16.324   -16.338  4 53492.31330275 35.813
 38  46.696374  47.599772   -14.818   -18.737  4 53562.31331197 26.473
 39  46.702793  47.593088   -20.507   -20.513  4 53597.31325268 37.904
 40  46.705540  47.593098   -20.864   -20.860  4 53632.31324766 45.538
 41  46.701176  47.598591   -19.813   -19.461  3 53667.31326931 15.877
 42  46.704072  47.592344   -20.389   -20.694  4 53702.31321702 16.476
 43  46.700407  47.597087   -20.733   -21.124  4 53737.31312607 34.275
 44  46.709694  47.589431   -18.058   -18.051  4 53772.31313661 21.325
 45  46.701911  47.595599   -19.396   -19.354  4 53807.31312448 24.219
 47  46.707645  47.591404   -17.746   -17.778  4 53877.31319364 28.907
 48  46.699668  47.596814   -19.902   -19.902  2 53912.31324393 14.952
 49  46.695698  47.601154   -21.881   -20.872  3 53947.31325893 20.483
 50  46.698611  47.596913   -21.171   -21.178  4 53982.31320276 45.794
 51  46.709937  47.590763   -20.822   -20.811  4 54017.31322976 19.172
 52  46.710805  47.589467   -20.910   -21.037  5 54052.31322637 26.426
 53  46.702285  47.595257   -20.209   -20.202  3 54087.31321738 51.329
 54  46.695408  47.600834    -5.084    -1.882  4 54122.31314035 13.064
 55  46.702672  47.593477   -18.750   -18.738  4 54157.31317914 47.126
 56  46.697945  47.599360   -19.139   -19.172  3 54192.31313990 48.434
 57  46.704656  47.594941   -16.052   -16.080  4 54227.31319021 43.985
 58  46.705090  47.594065   -16.607   -16.681  4 54262.31320957 32.072
 59  46.703320  47.593998   -19.607   -19.742  4 54297.31321469 16.221
 60  46.702999  47.596328   -20.787   -20.819  4 54332.31320461 34.667
 61  46.698795  47.598871   -21.742   -20.949  4 54367.31314561 19.288
 62  46.703609  47.594469   -21.206   -21.345  4 54402.31314788 15.351
 63  46.699809  47.598305   -21.513   -21.545  4 54437.31310444 30.665
 64  46.707364  47.590165   -19.059   -19.024  4 54472.31313365 30.475
 65  46.699440  47.598579   -19.114   -19.123  4 54507.31311598 17.921
 66  46.704206  47.593109   -20.996   -20.972  4 54542.31314773 18.381
 67  46.698752  47.598546   -17.462   -17.466  3 54577.31311786 28.791
 68  46.704464  47.595313   -16.612   -16.624  4 54612.31313826 32.289
 69  46.703699  47.595905   -19.440   -19.756  4 54647.31314540 18.898
 71  46.699449  47.598233   -15.879   -14.100  4 54717.31309382 15.674
 72  46.704626  47.592046   -21.015   -20.924  4 54752.31311904 16.816
 73  46.699959  47.596909   -21.287   -21.259  4 54787.31308451 24.370
 74  46.706401  47.592047   -19.207   -19.224  4 54822.31311294 45.409
 75  46.701182  47.596748   -16.404   -16.399  4 54857.31308041 32.927
 76  46.701707  47.597142   -17.683   -17.687  4 54892.31311534 24.965
 77  46.697229  47.600356   -20.108   -20.172  4 54927.31307781 30.950
 78  46.703451  47.592598   -15.948   -15.927  4 54962.31311470 31.746
 79  46.700756  47.594597   -20.796   -20.791  4 54997.31313565 34.660
 80  46.701875  47.594296   -20.977   -20.973  4 55032.31312523 46.053
 81  46.701887  47.596031   -20.437   -20.642  4 55067.31311355 15.016
 82  46.696757  47.600306   -21.052   -21.035  4 55102.31305290 38.706
 83  46.704739  47.593374   -21.345   -21.332  5 55137.31306074 16.431
 84  46.700204  47.598085   -21.650   -21.542  4 55172.31302142 16.994
 85  46.705296  47.592699   -19.165   -19.126  5 55207.31305480 32.864
 86  46.697505  47.597801   -18.068   -18.028  4 55242.31302670 18.710
 87  46.701447  47.595662   -19.113   -19.117  4 55277.31304819 30.394
 88  46.699248  47.597650   -19.587   -19.434  4 55312.31301139 17.805
 89  46.703499  47.595429   -16.351   -16.328  4 55347.31301809 36.556
 90  46.701773  47.597206   -21.643   -21.648  4 55382.31300917 41.338
 91  46.706361  47.593243   -21.346   -21.352  4 55417.31303741 38.462
 92  46.700615  47.595069   -21.389   -21.543  4 55452.31301937 16.302
 93  46.698487  47.598447   -23.221   -22.594  3 55487.31294141 17.065
