-343940.712    -6.860     0.00    3.89
-343569.110    -8.007    -3.09    3.48
-343197.469    -9.441    -3.86    2.98
-342825.790   -10.316    -2.35    2.64
-342454.073   -10.669    -0.95    2.29
-342082.318    -9.669     2.69    3.57
-341710.524    -6.845     7.59    5.23
-341338.692    -3.476     9.06    5.69
-340966.823    -0.578     7.79    4.37
-340594.914     1.596     5.84    1.88
-340222.968     2.004     1.10    1.26
-339850.983     2.002    -0.01    1.11
-339478.961     1.778    -0.60    0.96
-339106.899     1.191    -1.58    1.57
-338734.800    -0.007    -3.22    3.06
-338362.662    -2.235    -5.99    4.46
-337990.486    -5.406    -8.52    5.15
-337618.272    -8.302    -7.78    4.87
-337246.019   -10.230    -5.18    4.10
-336873.728   -11.897    -4.48    3.20
-336501.398   -13.320    -3.82    1.97
-336129.030   -13.924    -1.62    1.08
-335756.624   -13.996    -0.19    0.96
-335384.179   -13.630     0.98    1.28
-335011.696   -12.523     2.97    2.03
-334639.174   -10.090     6.53    3.84
-334266.614    -7.254     7.61    4.93
-333894.015    -3.474    10.14    4.53
-333521.378    -1.037     6.54    3.32
-333148.702     0.680     4.61    1.28
-332775.988     0.928     0.66    0.93
-332403.236     0.594    -0.89    1.00
-332030.444     0.193    -1.08    0.92
-331657.615    -0.143    -0.90    1.04
-331284.746    -0.334    -0.51    1.09
-330911.839    -0.604    -0.72    0.98
-330538.894    -0.781    -0.48    0.97
-330165.910    -0.634     0.40    0.94
-329792.887    -0.686    -0.14    0.95
-329419.826    -0.388     0.80    1.23
-329046.725     0.103     1.32    1.28
-328673.587     0.735     1.69    1.42
-328300.409     1.457     1.93    1.34
-327927.193     1.920     1.24    1.27
-327553.938     2.203     0.76    1.20
-327180.645     2.284     0.22    1.14
-326807.313     1.963    -0.86    1.07
-326433.942     1.893    -0.19    0.99
-326060.532     1.664    -0.61    0.93
-325687.083     1.471    -0.52    1.01
-325313.596     1.471     0.00    1.03
-324940.070     1.454    -0.05    0.93
-324566.505     1.540     0.23    1.03
-324192.901     1.613     0.19    0.89
-323819.258     1.775     0.43    0.91
-323445.577     1.716    -0.16    0.84
-323071.857     1.665    -0.14    0.66
-322698.097     1.594    -0.19    0.73
-322324.299     1.415    -0.48    0.82
-321950.462     1.095    -0.86    0.88
-321576.586     0.594    -1.34    1.13
-321202.671    -0.156    -2.01    1.17
-320828.717    -0.621    -1.24    1.07
-320454.724    -0.924    -0.81    0.85
-320080.692    -0.836     0.24    0.82
-319706.622    -0.607     0.61    0.86
-319332.512    -0.423     0.49    0.89
-318958.363    -0.336     0.23    0.79
-318584.175    -0.353    -0.05    0.83
-318209.948    -0.458    -0.28    0.83
-317835.682    -0.721    -0.70    0.92
-317461.377    -1.387    -1.78    1.42
-317087.033    -2.085    -1.86    1.57
-316712.649    -2.693    -1.62    1.58
-316338.227    -2.534     0.42    2.13
-315963.765    -0.897     4.37    2.73
-315589.265     0.802     4.53    2.68
-315214.725     2.240     3.84    1.68
-314840.146     2.928     1.84    1.00
-314465.527     2.957     0.08    0.98
-314090.870     2.528    -1.15    0.99
-313716.173     2.183    -0.92    1.03
-313341.437     1.951    -0.62    0.92
-312966.662     1.902    -0.13    0.87
-312591.848     1.879    -0.06    0.90
-312216.994     1.802    -0.21    0.78
-311842.101     1.918     0.31    0.87
-311467.169     1.910    -0.02    0.96
-311092.197     1.735    -0.47    1.05
-310717.186     1.477    -0.69    1.22
-310342.136     1.183    -0.78    1.39
-309967.046     1.290     0.29    1.43
-309591.917     1.684     1.05    1.38
-309216.749     2.156     1.26    1.12
-308841.541     2.612     1.22    0.76
-308466.294     2.562    -0.13    0.83
-308091.007     2.507    -0.15    0.83
-307715.681     2.388    -0.32    0.78
-307340.315     2.528     0.37    0.99
-306964.910     2.397    -0.35    1.06
-306589.466     1.002    -3.71    3.24
-306213.982    -1.031    -5.41    4.70
-305838.458    -2.967    -5.15    4.97
-305462.895    -4.060    -2.91    4.61
-305087.293    -3.693     0.98    4.59
-304711.651    -1.960     4.61    4.12
-304335.969    -0.281     4.47    2.92
-303960.248     0.850     3.01    1.23
-303584.487     1.254     1.08    0.73
-303208.686     1.511     0.68    0.93
-302832.846     1.799     0.77    0.85
-302456.966     1.940     0.37    0.98
-302081.047     2.440     1.33    1.62
-301705.088     2.968     1.41    1.83
-301329.089     3.790     2.18    1.64
-300953.050     4.592     2.13    1.44
-300576.972     5.257     1.77    1.13
-300200.854     5.647     1.04    0.99
-299824.697     5.750     0.27    1.03
-299448.499     5.765     0.04    0.99
-299072.262     5.698    -0.18    0.97
-298695.985     5.836     0.37    0.87
-298319.668     5.884     0.13    0.70
-297943.312     5.787    -0.26    0.86
-297566.915     5.757    -0.08    1.07
-297190.479     5.545    -0.56    1.09
-296814.003     5.540    -0.01    1.16
-296437.487     5.354    -0.50    1.12
-296060.931     5.307    -0.12    1.09
-295684.335     5.094    -0.57    1.04
-295307.700     5.129     0.09    1.02
-294931.024     5.370     0.64    1.01
-294554.308     5.787     1.11    1.03
-294177.553     6.121     0.88    1.04
-293800.757     6.429     0.82    1.01
-293423.922     6.716     0.76    0.90
-293047.047     6.940     0.59    0.94
-292670.131     7.072     0.35    0.90
-292293.176     7.157     0.22    0.96
-291916.180     7.240     0.22    0.95
-291539.144     7.320     0.21    1.03
-291162.069     7.138    -0.48    1.07
-290784.953     7.078    -0.16    1.05
-290407.797     6.985    -0.24    1.08
-290030.601     7.050     0.17    0.92
-289653.365     7.261     0.56    1.05
-289276.089     7.396     0.36    1.08
-288898.772     7.520     0.33    1.01
-288521.416     7.528     0.02    0.90
-288144.019     7.279    -0.66    0.72
-287766.582     7.173    -0.28    0.83
-287389.105     7.164    -0.02    0.78
-287011.588     7.183     0.05    0.85
-286634.030     7.191     0.02    0.93
-286256.432     7.315     0.33    0.91
-285878.794     7.479     0.44    0.86
-285501.116     7.436    -0.11    0.95
-285123.397     7.302    -0.36    0.87
-284745.638     7.529     0.60    0.88
-284367.838     7.594     0.17    0.91
-283989.999     7.816     0.59    1.01
-283612.118     8.111     0.78    1.04
-283234.198     7.957    -0.41    1.02
-282856.237     7.879    -0.21    1.08
-282478.236     7.833    -0.12    1.00
-282100.194     8.103     0.71    0.98
-281726.780     8.121     0.05    1.02
-281356.582     8.220     0.27    1.05
-280986.346     8.121    -0.27    1.04
-280616.071     7.905    -0.58    1.01
-280245.757     7.740    -0.44    0.95
-279875.404     7.836     0.26    1.02
-279505.013     8.084     0.67    0.92
-279134.583     8.236     0.41    0.90
-278764.115     8.290     0.15    0.92
-278393.608     8.296     0.02    0.79
-278023.062     8.121    -0.47    0.91
-277652.477     8.285     0.44    0.95
-277281.853     8.349     0.17    0.92
-276911.191     8.612     0.71    0.95
-276540.490     8.785     0.46    1.01
-276169.750     9.156     1.00    0.83
-275798.971     9.363     0.56    0.73
-275428.153     9.538     0.47    0.70
-275057.296     9.750     0.57    0.77
-274686.401    10.018     0.72    0.79
-274315.467    10.546     1.42    0.98
-273944.493    11.068     1.41    0.96
-273573.481    11.433     0.98    1.03
-273202.430    11.612     0.48    1.05
-272831.340    11.681     0.19    1.03
-272460.211    11.680    -0.00    0.97
-272089.043    11.511    -0.46    0.79
-271717.836    11.577     0.18    0.83
-271346.590    11.805     0.61    0.98
-270975.305    12.046     0.65    1.11
-270603.981    12.308     0.71    1.08
-270232.618    12.612     0.82    0.92
-269861.216    12.759     0.39    0.97
-269489.774    12.915     0.42    0.95
-269118.294    12.940     0.07    0.86
-268746.775    12.985     0.12    0.89
-268375.216    13.095     0.29    0.90
-268003.618    13.216     0.32    0.86
-267631.982    13.513     0.80    0.87
-267260.306    13.719     0.55    0.92
-266888.591    14.036     0.85    0.93
-266516.836    14.302     0.72    0.94
-266145.043    14.401     0.27    0.87
-265773.210    14.629     0.61    0.99
-265401.338    14.863     0.63    0.91
-265029.427    15.068     0.55    0.98
-264657.477    15.198     0.35    0.94
-264285.487    15.121    -0.21    0.98
-263913.458    14.963    -0.42    0.87
-263541.390    14.974     0.03    0.93
-263169.282    14.991     0.05    1.09
-262797.135    14.945    -0.12    1.15
-262424.949    15.050     0.28    1.13
-262052.723    15.023    -0.07    1.24
-261680.458    14.848    -0.47    1.05
-261308.154    14.922     0.20    1.26
-260935.810    14.793    -0.35    1.46
-260563.427    14.940     0.39    1.56
-260191.004    14.875    -0.17    1.55
-259818.542    14.810    -0.18    1.61
-259446.041    14.750    -0.16    1.62
-259073.500    14.717    -0.09    1.50
-258700.919    14.679    -0.10    1.50
-258328.299    14.717     0.10    1.33
-257955.640    14.854     0.37    1.30
-257582.941    14.981     0.34    1.22
-257210.203    14.918    -0.17    1.03
-256837.425    14.770    -0.40    1.01
-256464.607    14.629    -0.38    1.02
-256091.750    14.341    -0.77    1.05
-255718.853    14.250    -0.24    1.07
-255345.917    14.104    -0.39    1.01
-254972.941    13.968    -0.36    1.03
-254599.925    13.735    -0.63    0.96
-254226.870    13.457    -0.74    0.90
-253853.775    13.206    -0.67    1.13
-253480.640    13.040    -0.44    1.17
-253107.466    12.901    -0.37    1.08
-252734.252    12.757    -0.39    1.04
-252360.998    12.629    -0.34    0.93
-251987.704    12.629     0.00    0.86
-251614.371    12.426    -0.54    0.78
-251240.998    12.366    -0.16    0.84
-250867.585    12.388     0.06    0.92
-250494.133    12.302    -0.23    0.87
-250120.640    12.237    -0.17    0.87
-249747.108    12.087    -0.40    1.06
-249373.536    11.907    -0.48    0.96
-248999.924    11.934     0.07    0.97
-248626.273    12.068     0.36    1.28
-248252.581    11.947    -0.32    1.45
-247878.849    11.905    -0.11    0.95
-247505.078    11.735    -0.46    0.84
-247131.267    11.613    -0.33    0.79
-246757.415    11.526    -0.23    0.89
-246383.524    11.216    -0.83    1.04
-246009.593    10.870    -0.92    1.11
-245635.622    10.646    -0.60    1.22
-245261.610    10.226    -1.12    1.07
-244887.559    10.056    -0.46    1.15
-244513.468     9.901    -0.41    1.08
-244139.337     9.922     0.06    1.01
-243765.166     9.918    -0.01    1.03
-243390.954     9.901    -0.05    0.98
-243016.703     9.969     0.18    0.96
-242642.411     9.993     0.07    0.93
-242268.079     9.951    -0.11    0.86
-241893.708     9.875    -0.20    0.99
-241519.296     9.612    -0.70    1.09
-241144.844     9.579    -0.09    1.12
-240770.351     9.526    -0.14    1.17
-240395.819     9.785     0.69    1.32
-240021.246    10.226     1.18    1.24
-239646.634    10.436     0.56    1.19
-239271.981    10.487     0.13    1.09
-238897.287    10.433    -0.14    1.12
-238522.554    10.175    -0.69    1.09
-238147.780     9.991    -0.49    1.02
-237772.966    10.121     0.34    1.04
-237398.111    10.147     0.07    1.06
-237023.217    10.314     0.45    1.10
-236648.282    10.733     1.12    1.02
-236273.306    10.850     0.31    1.00
-235898.290    11.076     0.60    0.97
-235523.234    11.269     0.51    0.98
-235148.138    10.957    -0.83    1.19
-234773.001    10.893    -0.17    1.33
-234397.824    10.595    -0.79    1.63
-234022.606    10.529    -0.18    1.49
-233647.348    10.216    -0.84    1.60
-233272.049    10.155    -0.16    1.63
-232896.710    10.105    -0.13    1.62
-232521.330    10.344     0.64    1.64
-232145.910    10.477     0.35    1.61
-231770.449    10.702     0.60    1.46
-231394.948    10.998     0.79    1.48
-231019.406    11.060     0.17    1.53
-230643.824    11.179     0.32    1.45
-230268.201    11.086    -0.25    1.52
-229892.538    11.285     0.53    1.36
-229516.834    11.302     0.05    1.35
-229141.089    11.720     1.11    1.29
-228765.304    11.850     0.34    1.22
-228389.478    12.066     0.57    0.96
-228013.611    12.026    -0.11    1.17
-227637.704    11.974    -0.14    1.28
-227261.756    12.206     0.62    1.22
-226885.767    12.043    -0.43    1.36
-226509.738    12.156     0.30    1.31
-226133.667    12.429     0.73    1.45
-225757.556    12.629     0.53    1.50
-225381.405    12.772     0.38    1.45
-225005.212    12.663    -0.29    1.54
-224628.979    12.746     0.22    1.53
-224252.705    12.819     0.19    1.54
-223876.390    12.782    -0.10    1.60
-223500.034    12.744    -0.10    1.71
-223123.637    12.844     0.26    1.71
-222747.200    12.714    -0.34    1.76
-222370.721    12.793     0.21    1.85
-221994.202    12.716    -0.21    1.88
-221617.642    12.905     0.50    1.69
-221241.040    13.138     0.62    1.51
-220864.398    13.285     0.39    1.24
-220487.715    13.401     0.31    0.95
-220110.991    13.498     0.26    0.94
-219734.226    13.701     0.54    0.81
-219357.420    13.805     0.28    0.83
-218980.573    13.901     0.25    0.81
-218603.685    14.002     0.27    0.81
-218226.756    14.147     0.38    0.98
-217849.785    14.172     0.07    1.02
-217472.774    14.220     0.13    1.02
-217095.721    14.344     0.33    1.04
-216718.628    14.104    -0.64    0.99
-216341.493    13.963    -0.37    1.02
-215964.317    13.805    -0.42    1.10
-215587.100    13.854     0.13    1.03
-215209.842    13.867     0.03    1.04
-214832.543    14.086     0.58    1.07
-214455.202    14.349     0.70    1.01
-214077.820    14.433     0.22    1.00
-213700.397    14.664     0.61    0.96
-213322.933    14.560    -0.28    1.02
-212945.428    14.612     0.14    1.06
-212567.881    14.509    -0.27    1.06
-212190.293    14.243    -0.70    0.96
-211812.663    14.419     0.46    0.86
-211434.992    14.663     0.65    0.89
-211057.280    14.790     0.34    0.85
-210679.527    14.777    -0.03    0.83
-210301.732    14.595    -0.48    0.81
-209923.896    14.440    -0.41    0.93
-209546.018    14.240    -0.53    0.81
-209168.099    14.384     0.38    0.81
-208790.139    14.405     0.06    0.84
-208412.137    14.366    -0.10    0.88
-208034.093    14.318    -0.13    0.90
-207656.008    14.147    -0.45    1.08
-207277.882    14.267     0.32    1.05
-206903.506    14.531     0.70    1.06
-206533.428    14.957     1.15    1.00
-206163.312    15.296     0.92    0.93
-205793.155    15.647     0.95    0.96
-205422.959    15.979     0.90    0.82
-205052.724    16.147     0.45    0.87
-204682.448    16.400     0.68    0.97
-204312.133    16.594     0.52    1.01
-203941.778    16.905     0.84    1.01
-203571.384    17.121     0.58    0.89
-203200.950    17.187     0.18    0.83
-202830.476    17.173    -0.04    0.95
-202459.962    17.233     0.16    1.01
-202089.408    17.257     0.06    0.98
-201718.815    17.409     0.41    0.91
-201348.182    17.509     0.27    0.94
-200977.509    17.594     0.23    0.84
-200606.796    17.767     0.47    0.76
-200236.043    17.805     0.10    0.73
-199865.251    17.695    -0.30    0.68
-199494.418    17.540    -0.42    0.72
-199123.546    17.716     0.47    0.73
-198752.634    17.902     0.50    0.73
-198381.682    17.908     0.02    0.84
-198010.690    18.138     0.62    0.87
-197639.658    18.179     0.11    0.89
-197268.586    18.172    -0.02    0.92
-196897.474    18.233     0.16    0.77
-196526.322    18.285     0.14    0.81
-196155.130    18.307     0.06    0.95
-195783.898    18.440     0.36    0.93
-195412.625    18.543     0.28    0.96
-195041.313    18.433    -0.30    0.93
-194669.961    18.612     0.48    0.79
-194298.569    18.663     0.14    0.84
-193927.137    18.518    -0.39    1.18
-193555.664    18.563     0.12    1.26
-193184.151    18.664     0.27    1.44
-192812.599    18.913     0.67    1.39
-192441.006    19.121     0.56    1.07
-192069.373    19.147     0.07    1.06
-191697.699    19.257     0.30    0.81
-191325.986    19.324     0.18    0.81
-190954.232    19.279    -0.12    1.29
-190582.438    19.443     0.44    1.50
-190210.604    19.564     0.32    1.60
-189838.730    19.664     0.27    1.63
-189466.815    20.079     1.12    1.14
-189094.860    20.302     0.60    0.86
-188722.865    20.494     0.52    0.86
-188350.829    20.875     1.02    0.89
-187978.753    21.023     0.40    0.92
-187606.637    21.341     0.86    0.97
-187234.480    21.647     0.82    0.93
-186862.283    22.113     1.25    0.95
-186490.046    22.494     1.02    1.02
-186117.768    22.980     1.31    1.03
-185745.450    23.471     1.32    1.11
-185373.091    23.908     1.17    1.10
-185000.692    24.362     1.22    1.12
-184628.253    24.968     1.63    1.20
-184255.773    25.524     1.49    1.01
-183883.252    25.940     1.12    1.03
-183510.691    26.457     1.39    1.17
-183138.089    26.799     0.92    1.09
-182765.447    27.358     1.50    1.01
-182392.765    27.897     1.45    1.20
-182020.041    28.334     1.17    1.24
-181647.278    29.040     1.89    1.12
-181274.473    29.405     0.98    1.06
-180901.628    29.822     1.12    1.23
-180528.742    30.285     1.24    1.11
-180155.816    30.717     1.16    1.21
-179782.849    31.526     2.17    1.24
-179409.842    32.383     2.30    1.61
-179036.793    33.474     2.92    1.99
-178663.704    35.354     5.04    2.23
-178290.574    36.968     4.33    2.19
-177917.404    38.329     3.65    1.99
-177544.193    39.254     2.48    1.80
-177170.941    39.711     1.22    1.71
-176797.648    40.248     1.44    1.48
-176424.315    40.752     1.35    1.63
-176050.940    41.595     2.26    1.84
-175677.525    42.233     1.71    1.79
-175304.069    42.867     1.70    2.00
-174930.572    43.181     0.84    2.21
-174557.034    43.487     0.82    2.55
-174183.456    43.850     0.97    2.40
-173809.836    44.172     0.86    2.01
-173436.176    44.574     1.08    1.63
-173062.475    45.341     2.05    1.39
-172688.732    46.043     1.88    1.53
-172314.949    46.761     1.92    1.50
-171941.125    47.612     2.28    1.46
-171567.260    48.302     1.84    1.43
-171193.354    49.257     2.55    1.26
-170819.406    50.053     2.13    1.26
-170445.418    50.819     2.05    1.15
-170071.389    51.060     0.65    1.58
-169697.319    50.613    -1.20    2.32
-169323.207    49.542    -2.86    3.55
-168949.055    47.765    -4.75    3.85
-168574.861    46.409    -3.62    3.89
-168200.626    44.951    -3.89    3.64
-167826.350    42.767    -5.83    3.66
-167452.033    40.409    -6.30    3.61
-167077.675    37.810    -6.94    3.45
-166703.276    36.033    -4.74    3.12
-166328.835    34.596    -3.84    2.80
-165954.354    34.092    -1.34    2.59
-165579.831    34.046    -0.12    2.83
-165205.266    33.647    -1.07    2.72
-164830.661    33.344    -0.81    2.04
-164456.014    33.731     1.03    2.03
-164081.326    34.388     1.75    2.26
-163706.597    35.187     2.13    2.51
-163331.826    36.460     3.40    2.73
-162957.014    38.471     5.37    3.47
-162582.161    40.156     4.49    2.86
-162207.266    40.383     0.61    2.62
-161832.330    39.560    -2.19    2.80
-161457.352    38.491    -2.85    2.06
-161082.333    38.236    -0.68    2.40
-160707.273    38.026    -0.56    2.42
-160332.171    37.290    -1.96    2.71
-159957.028    36.223    -2.85    3.41
-159581.843    34.498    -4.60    4.06
-159206.617    32.879    -4.31    3.70
-158831.349    31.744    -3.02    2.69
-158456.040    31.790     0.12    2.33
-158080.689    32.698     2.42    2.43
-157705.297    34.223     4.06    3.43
-157329.863    35.908     4.49    3.51
-156954.388    36.767     2.29    3.05
-156578.871    37.060     0.78    2.49
-156203.312    35.810    -3.33    3.04
-155827.712    34.173    -4.36    3.02
-155452.070    32.392    -4.74    2.71
-155076.387    31.261    -3.01    1.68
-154700.661    31.793     1.42    2.02
-154324.894    33.491     4.52    2.76
-153949.086    35.273     4.74    3.25
-153573.235    37.280     5.34    3.16
-153197.343    38.526     3.31    2.31
-152821.410    37.513    -2.69    3.40
-152445.434    35.203    -6.14    4.36
-152069.417    32.646    -6.80    3.53
-151693.358    31.050    -4.24    1.90
-151317.257    30.804    -0.66    1.78
-150941.114    30.867     0.17    2.13
-150564.929    30.009    -2.28    2.47
-150188.703    29.269    -1.97    2.27
-149812.434    28.487    -2.08    1.58
-149436.124    28.697     0.56    1.47
-149059.772    29.629     2.48    1.44
-148683.378    31.006     3.66    2.27
-148306.942    32.680     4.45    2.71
-147930.464    34.392     4.55    2.65
-147553.944    36.416     5.38    3.02
-147177.382    38.409     5.29    3.97
-146800.778    41.595     8.46    4.99
-146424.132    44.910     8.80    5.00
-146047.444    47.236     6.17    4.24
-145670.714    48.043     2.14    3.76
-145293.942    48.060     0.05    3.60
-144917.128    48.449     1.03    3.15
-144540.272    48.941     1.30    2.65
-144163.374    47.578    -3.62    3.86
-143786.433    45.384    -5.82    4.76
-143409.451    42.416    -7.87    4.84
-143032.426    40.112    -6.11    3.51
-142655.359    39.531    -1.54    2.77
-142278.250    39.545     0.04    2.53
-141901.099    40.460     2.43    3.22
-141523.905    42.053     4.22    3.92
-141146.669    43.019     2.56    4.26
-140769.391    43.763     1.97    4.11
-140392.071    44.060     0.79    3.97
-140014.709    45.121     2.81    4.22
-139637.304    46.731     4.27    4.37
-139259.857    49.457     7.22    4.54
-138882.367    52.206     7.28    4.05
-138504.836    54.595     6.33    3.09
-138127.261    56.409     4.80    2.68
-137749.645    58.302     5.01    2.28
-137371.986    59.990     4.47    2.23
-136994.285    61.457     3.88    2.24
-136616.541    62.819     3.61    2.15
-136238.755    63.934     2.95    2.30
-135860.926    64.968     2.74    1.76
-135483.055    64.785    -0.49    1.81
-135105.141    63.968    -2.16    2.69
-134727.185    62.974    -2.63    3.00
-134349.187    62.379    -1.57    2.78
-133971.145    62.446     0.18    2.31
-133593.062    63.006     1.48    2.45
-133214.935    63.833     2.19    2.48
-132836.767    65.663     4.84    2.01
-132458.555    66.968     3.45    1.65
-132083.097    68.039     2.85    1.97
-131713.144    68.594     1.50    1.89
-131343.149    68.613     0.05    1.71
-130973.114    68.284    -0.89    1.86
-130603.038    67.273    -2.73    1.39
-130232.922    66.799    -1.28    1.10
-129862.765    66.468    -0.89    1.07
-129492.567    66.279    -0.51    1.22
-129122.328    66.087    -0.52    1.29
-128752.049    65.731    -0.96    1.34
-128381.729    65.409    -0.87    1.46
-128011.368    65.250    -0.43    1.42
-127640.967    65.070    -0.49    1.47
-127270.524    64.725    -0.93    1.33
-126900.041    64.460    -0.71    1.33
-126529.517    63.696    -2.06    1.41
-126158.952    63.000    -1.88    1.48
-125788.347    62.155    -2.28    1.89
-125417.700    61.058    -2.96    2.02
-125047.013    60.088    -2.62    1.79
-124676.284    58.577    -4.08    1.89
-124305.515    57.138    -3.88    2.18
-123934.705    55.629    -4.07    2.55
-123563.854    53.883    -4.71    2.68
-123192.962    52.531    -3.65    2.35
-122822.029    52.121    -1.11    2.88
-122451.055    51.468    -1.76    3.94
-122080.040    51.346    -0.33    4.38
-121708.984    50.647    -1.88    4.70
-121337.887    49.164    -4.00    4.45
-120966.749    47.498    -4.49    4.28
-120595.570    46.026    -3.97    3.67
-120224.350    44.313    -4.61    2.86
-119853.088    42.811    -4.04    2.40
-119481.786    41.646    -3.14    2.00
-119110.443    40.940    -1.90    1.60
-118739.058    41.074     0.36    1.93
-118367.632    41.036    -0.10    2.17
-117996.165    41.250     0.58    1.65
-117624.657    41.477     0.61    1.27
-117253.108    41.053    -1.14    1.58
-116881.517    40.147    -2.44    1.49
-116509.885    40.155     0.02    1.38
-116138.212    40.613     1.23    1.43
-115766.498    41.366     2.03    1.63
-115394.742    42.129     2.05    1.85
-115022.946    43.147     2.74    2.48
-114651.107    43.420     0.73    2.78
-114279.228    43.095    -0.87    2.66
-113907.307    42.646    -1.21    2.19
-113535.345    42.383    -0.71    1.59
-113163.341    42.318    -0.18    1.23
-112791.297    42.375     0.15    1.23
-112419.210    42.850     1.28    1.66
-112047.083    43.420     1.53    2.18
-111674.913    44.285     2.32    2.97
-111302.703    45.498     3.26    3.50
-110930.451    46.315     2.19    3.58
-110558.157    46.779     1.25    3.64
-110185.822    47.579     2.15    3.59
-109813.446    47.613     0.09    3.47
-109441.028    48.029     1.12    3.57
-109068.568    47.750    -0.75    3.28
-108696.067    47.363    -1.04    2.82
-108323.525    47.290    -0.19    2.38
-107950.940    47.392     0.27    1.85
-107578.315    48.155     2.05    1.99
-107205.647    49.154     2.68    1.91
-106832.938    49.957     2.15    2.16
-106460.187    51.105     3.08    2.94
-106087.395    52.578     3.95    3.65
-105714.561    53.920     3.60    3.81
-105341.685    55.250     3.57    3.67
-104968.768    56.697     3.88    3.50
-104595.809    59.039     6.28    3.77
-104222.808    60.842     4.83    3.67
-103849.765    62.680     4.93    3.51
-103476.681    64.358     4.50    3.34
-103103.555    66.662     6.17    3.10
-102730.387    69.076     6.47    3.10
-102357.177    71.498     6.49    3.39
-101983.925    74.048     6.83    3.54
-101610.632    77.036     8.01    3.97
-101237.296    80.528     9.35    4.32
-100863.919    83.629     8.31    3.96
-100490.500    85.879     6.02    2.71
-100117.039    86.460     1.55    2.04
 -99743.536    86.313    -0.39    2.59
 -99369.991    85.189    -3.01    2.88
 -98996.405    83.629    -4.17    3.43
 -98622.776    82.112    -4.06    3.49
 -98249.105    80.515    -4.27    3.37
 -97875.392    79.405    -2.97    2.40
 -97501.638    78.748    -1.76    1.79
 -97127.841    78.562    -0.50    1.79
 -96754.002    78.203    -0.96    2.02
 -96380.121    77.307    -2.40    2.02
 -96006.198    76.129    -3.15    2.42
 -95632.233    74.375    -4.69    2.66
 -95258.226    72.612    -4.71    2.94
 -94884.176    70.363    -6.01    3.75
 -94510.085    68.308    -5.49    3.82
 -94135.951    66.355    -5.22    3.76
 -93761.776    63.612    -7.33    2.90
 -93387.558    61.979    -4.36    2.05
 -93013.297    60.400    -4.22    1.70
 -92638.995    60.196    -0.54    1.93
 -92264.650    60.934     1.97    2.38
 -91890.264    61.595     1.77    2.64
 -91515.834    63.258     4.44    2.27
 -91141.363    64.290     2.75    1.97
 -90766.849    65.383     2.92    2.20
 -90392.293    66.879     3.99    2.25
 -90017.695    68.782     5.08    2.82
 -89643.054    71.046     6.04    2.68
 -89268.371    73.065     5.39    2.85
 -88893.646    75.496     6.49    2.85
 -88518.878    77.840     6.25    3.04
 -88144.067    79.859     5.39    2.69
 -87769.215    81.261     3.74    2.41
 -87394.320    82.482     3.26    2.41
 -87019.382    82.767     0.76    2.80
 -86644.402    81.662    -2.95    4.11
 -86269.379    80.579    -2.89    4.03
 -85894.314    80.019    -1.49    2.98
 -85519.207    81.087     2.85    3.33
 -85144.057    83.463     6.33    3.64
 -84768.864    86.002     6.77    2.93
 -84393.629    88.036     5.42    2.65
 -84018.351    90.170     5.69    2.47
 -83643.030    91.716     4.12    2.32
 -83267.667    92.729     2.70    1.62
 -82892.262    92.646    -0.22    1.58
 -82516.813    91.661    -2.62    2.34
 -82141.322    89.646    -5.37    3.17
 -81765.789    87.363    -6.08    3.50
 -81390.212    84.836    -6.73    3.13
 -81014.593    83.053    -4.75    2.36
 -80638.931    82.729    -0.86    1.98
 -80263.227    84.219     3.96    3.13
 -79887.479    85.920     4.53    3.04
 -79511.689    86.002     0.22    3.60
 -79135.856    84.545    -3.88    4.86
 -78759.981    80.957    -9.54    4.89
 -78384.062    78.163    -7.43    3.66
 -78008.101    76.206    -5.21    2.93
 -77632.096    74.422    -4.74    2.19
 -77256.049    72.646    -4.72    2.00
 -76879.959    71.440    -3.21    1.80
 -76503.826    70.531    -2.42    1.52
 -76127.650    69.875    -1.74    1.34
 -75751.432    69.629    -0.65    1.39
 -75375.170    69.307    -0.86    1.24
 -74998.865    68.985    -0.86    1.17
 -74622.518    68.871    -0.30    1.10
 -74246.127    68.985     0.30    1.17
 -73869.693    69.154     0.45    1.04
 -73493.216    68.933    -0.59    0.95
 -73116.696    68.580    -0.94    0.94
 -72740.134    68.324    -0.68    0.88
 -72363.528    68.154    -0.45    0.83
 -71986.878    68.049    -0.28    0.82
 -71610.186    67.901    -0.39    0.89
 -71233.451    67.711    -0.50    0.92
 -70856.672    67.611    -0.27    1.01
 -70479.851    67.339    -0.72    1.11
 -70102.986    66.951    -1.03    1.20
 -69726.078    66.468    -1.28    1.94
 -69349.127    65.629    -2.22    2.15
 -68972.132    65.400    -0.61    2.23
 -68595.094    65.511     0.29    2.27
 -68218.013    65.331    -0.48    2.29
 -67840.889    65.920     1.56    2.41
 -67463.721    66.279     0.95    2.49
 -67086.510    66.791     1.36    2.27
 -66709.256    67.612     2.18    1.03
 -66331.958    67.612     0.00    0.96
 -65954.618    67.813     0.53    1.07
 -65577.233    67.946     0.35    1.07
 -65199.805    68.452     1.34    1.35
 -64822.334    69.112     1.75    1.46
 -64444.820    69.952     2.23    1.48
 -64067.262    71.060     2.94    1.74
 -63689.660    72.290     3.26    2.51
 -63312.015    73.597     3.46    2.82
 -62934.327    74.662     2.82    2.74
 -62556.595    74.855     0.51    2.31
 -62178.819    75.388     1.41    2.00
 -61801.000    76.170     2.07    2.32
 -61423.137    76.790     1.64    2.31
 -61045.231    77.296     1.34    2.43
 -60667.281    77.779     1.28    2.60
 -60289.288    78.056     0.73    2.74
 -59911.251    79.416     3.60    3.80
 -59533.170    81.629     5.85    4.28
 -59155.046    83.694     5.46    4.28
 -58776.878    85.379     4.46    4.27
 -58398.666    86.416     2.74    3.92
 -58020.410    87.816     3.70    2.93
 -57642.111    88.839     2.70    2.27
 -57265.438    89.081     0.64    2.06
 -56895.611    89.019    -0.17    2.15
 -56525.742    89.229     0.57    2.35
 -56155.831    89.892     1.79    2.35
 -55785.879    91.056     3.15    2.22
 -55415.885    91.901     2.28    1.99
 -55045.850    91.859    -0.11    2.06
 -54675.772    91.576    -0.76    2.80
 -54305.653    91.006    -1.54    2.73
 -53935.492    90.336    -1.81    2.70
 -53565.289    89.908    -1.16    2.24
 -53195.045    89.443    -1.26    2.12
 -52824.759    89.206    -0.64    2.29
 -52454.431    88.629    -1.56    2.28
 -52084.061    88.000    -1.70    2.22
 -51713.649    87.929    -0.19    1.93
 -51343.195    87.580    -0.94    1.83
 -50972.700    87.010    -1.54    1.91
 -50602.162    86.496    -1.39    1.87
 -50231.583    85.746    -2.02    1.69
 -49860.961    84.985    -2.05    1.78
 -49490.298    83.974    -2.73    2.08
 -49119.593    83.112    -2.32    2.08
 -48748.846    82.580    -1.43    1.93
 -48378.057    82.415    -0.45    1.83
 -48007.225    83.146     1.97    2.05
 -47636.352    83.863     1.93    1.93
 -47265.437    84.318     1.23    1.59
 -46894.480    84.613     0.80    1.51
 -46523.480    84.796     0.49    1.36
 -46152.439    85.138     0.92    1.44
 -45781.355    85.579     1.19    1.32
 -45410.230    85.915     0.90    1.53
 -45039.062    86.121     0.55    1.55
 -44667.852    87.088     2.61    2.05
 -44296.600    88.033     2.54    2.09
 -43925.305    88.710     1.82    1.83
 -43553.969    89.198     1.31    1.49
 -43182.590    89.113    -0.23    1.52
 -42811.169    88.422    -1.86    1.71
 -42439.706    87.629    -2.13    1.95
 -42068.200    86.646    -2.65    1.93
 -41696.652    85.312    -3.59    2.78
 -41325.062    83.729    -4.26    3.82
 -40953.430    81.494    -6.02    4.35
 -40581.755    78.924    -6.91    3.74
 -40210.038    77.056    -5.03    2.97
 -39838.279    75.465    -4.28    2.48
 -39466.477    73.813    -4.45    3.44
 -39094.633    70.242    -9.60    5.41
 -38722.746    66.397   -10.34    5.69
 -38350.817    62.416   -10.70    5.84
 -37978.846    57.922   -12.08    4.51
 -37606.832    55.178    -7.38    3.73
 -37234.775    52.934    -6.03    3.08
 -36862.676    51.379    -4.18    2.80
 -36490.535    48.979    -6.45    4.29
 -36118.351    47.810    -3.14    3.84
 -35746.125    48.129     0.86    4.42
 -35373.856    49.396     3.40    5.13
 -35001.544    52.016     7.04    3.48
 -34629.190    52.371     0.95    2.89
 -34256.793    51.201    -3.14    3.34
 -33884.354    48.854    -6.30    3.43
 -33511.872    46.941    -5.13    3.38
 -33139.347    46.302    -1.72    3.30
 -32766.780    46.396     0.25    3.42
 -32394.170    47.029     1.70    3.20
 -32021.517    48.000     2.61    1.69
 -31648.822    47.996    -0.01    1.44
 -31276.084    47.547    -1.20    1.46
 -30903.303    47.217    -0.89    1.47
 -30530.479    46.680    -1.44    1.41
 -30157.613    46.246    -1.16    1.51
 -29784.704    45.366    -2.36    1.46
 -29411.752    44.367    -2.68    2.12
 -29038.757    43.526    -2.26    2.27
 -28665.719    43.121    -1.08    2.20
 -28292.639    42.663    -1.23    2.09
 -27919.515    42.629    -0.09    1.71
 -27546.349    42.629     0.00    1.92
 -27173.140    42.072    -1.49    2.28
 -26799.888    41.312    -2.04    2.51
 -26426.593    40.879    -1.16    2.68
 -26053.255    40.379    -1.34    2.81
 -25679.874    40.491     0.30    2.77
 -25306.450    40.777     0.76    2.55
 -24932.983    41.009     0.62    2.08
 -24559.473    41.006    -0.01    1.85
 -24185.920    40.629    -1.01    1.97
 -23812.324    40.979     0.93    2.10
 -23438.685    41.400     1.13    2.18
 -23065.002    42.383     2.63    2.57
 -22691.277    44.026     4.40    2.72
 -22317.509    45.496     3.93    3.04
 -21943.697    47.779     6.11    2.86
 -21569.842    50.491     7.25    3.50
 -21195.944    53.842     8.96    4.54
 -20822.003    58.078    11.33    5.72
 -20448.019    64.498    17.17    8.71
 -20073.991    71.879    19.73    9.05
 -19699.921    76.153    11.42    7.22
 -19325.807    77.713     4.17    5.52
 -18951.649    77.744     0.08    6.07
 -18577.449    78.804     2.83    8.41
 -18203.205    81.918     8.32   10.26
 -17828.918    84.170     6.02   10.59
 -17454.587    84.980     2.16   11.12
 -17080.214    81.892    -8.25   10.65
 -16705.796    80.443    -3.87    9.58
 -16331.336    81.229     2.10    9.76
 -15956.832    80.941    -0.77   10.63
 -15582.284    78.549    -6.39   12.42
 -15207.694    69.513   -24.12   16.43
 -14833.059    57.946   -30.87   16.17
 -14458.381    47.010   -29.19   12.77
 -14083.660    39.104   -21.10    7.73
 -13708.896    34.083   -13.40    4.08
 -13334.087    31.491    -6.91    2.37
 -12959.235    29.793    -4.53    2.05
 -12584.340    28.680    -2.97    1.89
 -12209.401    27.879    -2.14    1.78
 -11834.419    27.105    -2.07    1.84
 -11459.393    26.990    -0.31    1.67
 -11084.323    26.946    -0.12    1.32
 -10709.210    27.273     0.87    0.96
 -10334.053    27.662     1.03    0.83
  -9958.852    27.612    -0.13    0.89
  -9583.608    27.058    -1.48    1.82
  -9208.320    25.884    -3.13    4.40
  -8832.988    24.328    -4.15    6.74
  -8457.613    23.013    -3.50    8.47
  -8082.193    22.039    -2.59    9.40
  -7706.730    20.436    -4.27   10.22
  -7331.224    19.236    -3.20   10.41
  -6955.673    16.839    -6.38    9.90
  -6580.079    13.629    -8.55    7.94
  -6204.441    11.269    -6.28    5.50
  -5828.758     8.698    -6.84    4.89
  -5453.033     6.746    -5.20    5.81
  -5077.263     4.263    -6.61    5.80
  -4701.449     2.810    -3.87    5.17
  -4325.591     1.823    -2.63    3.28
  -3949.690     1.990     0.44    2.51
  -3573.744     3.420     3.80    2.52
  -3197.755     3.507     0.23    2.68
  -2821.721     3.090    -1.11    3.13
  -2445.644     2.884    -0.55    3.74
  -2069.522     1.839    -2.78    3.54
  -1693.357     0.146    -4.50    2.33
  -1317.147    -0.437    -1.55    2.00
   -940.894    -0.804    -0.97    1.38
   -564.596    -0.961    -0.42    1.76
   -188.254    -1.338    -1.00    0.25
    188.132    -0.937     1.07    2.53
    564.562     6.146    18.82   14.53
    941.036    23.905    47.17   30.07
   1317.554    52.318    75.46   40.55
   1694.117    83.710    83.37   41.53
   2070.724   110.339    70.71   35.29
   2447.375   137.867    73.09   30.32
   2824.070   157.884    53.14   26.67
   3200.810   168.726    28.78   23.98
   3577.593   179.862    29.55   19.21
   3954.422   181.742     4.99   12.45
   4331.294   177.329   -11.71    9.38
   4708.211   170.269   -18.73   12.27
   5085.172   159.547   -28.44   14.08
   5462.177   151.163   -22.24   13.10
   5839.227   145.363   -15.38   10.75
   6216.321   143.509    -4.92   14.52
   6593.460   146.056     6.75   17.88
   6970.643   152.026    15.83   17.41
   7347.870   151.713    -0.83   15.14
   7725.142   151.113    -1.59   13.09
   8102.458   150.387    -1.92   13.71
   8479.819   154.563    11.06   16.69
   8857.225   163.680    24.16   15.49
   9234.675   166.887     8.50   16.49
   9612.169   166.068    -2.17   17.72
   9989.708   166.074     0.02   15.72
  10367.292   171.223    13.64   16.25
  10744.920   180.185    23.73   17.02
  11122.593   189.170    23.79   14.17
  11500.311   194.875    15.10   16.58
  11878.073   201.662    17.96   20.29
  12255.879   203.595     5.12   18.80
  12633.731   210.662    18.70   16.33
  13011.627   223.341    33.55   17.27
  13389.568   242.226    49.97   26.54
  13767.554   263.646    56.67   24.19
  14145.584   269.662    15.92   21.20
  14523.659   266.941    -7.20   25.54
  14901.779   257.416   -25.19   28.09
  15279.944   245.936   -30.36   25.24
  15658.154   236.595   -24.70   25.24
  16036.408   228.400   -21.67   23.13
  16414.708   220.775   -20.16   19.36
  16793.052   214.371   -16.92   20.57
  17171.441   207.597   -17.90   21.83
  17549.458   201.746   -15.48   23.02
  17919.155   196.788   -13.41   24.21
  18288.894   190.901   -15.92   25.23
  18658.675   186.580   -11.68   24.09
  19028.500   182.716   -10.45   23.84
  19398.367   184.400     4.55   24.40
  19768.277   187.319     7.89   21.96
  20138.230   184.693    -7.10   19.49
  20508.225   177.595   -19.18   19.62
  20878.263   165.162   -33.60   18.63
  21248.345   151.963   -35.67   14.16
  21618.469   141.500   -28.27   12.67
  21988.636   132.452   -24.44   11.85
  22358.845   125.258   -19.43   12.79
  22729.098   118.162   -19.17   11.62
  23099.394   110.646   -20.30   10.29
  23469.732   103.791   -18.51   11.13
  23840.114    98.629   -13.94   10.96
  24210.538    93.146   -14.80    9.92
  24581.005    88.036   -13.79    8.08
  24951.516    87.904    -0.36    8.25
  25322.069    90.957     8.24   10.76
  25692.666    96.926    16.11   11.64
  26063.305   102.474    14.97    7.43
  26433.988   102.974     1.35    5.67
  26804.713    99.646    -8.98    7.26
  27175.482    93.121   -17.60    8.34
  27546.294    85.546   -20.43    8.26
  27917.149    79.090   -17.41    8.62
  28288.047    72.213   -18.54    7.21
  28658.988    66.875   -14.39    5.66
  29029.973    62.516   -11.75    3.71
  29401.000    58.597   -10.56    4.56
  29772.071    54.006   -12.37    6.24
  30143.185    50.748    -8.78    6.24
  30514.342    46.258   -12.10    5.61
  30885.543    42.474   -10.19    5.11
  31256.787    38.915    -9.59    5.17
  31628.074    35.854    -8.25    3.83
  31999.404    33.711    -5.77    2.08
  32370.778    32.078    -4.40    2.19
  32742.195    30.613    -3.94    2.89
  33113.656    29.460    -3.10    2.85
  33485.159    28.852    -1.64    2.82
  33856.707    28.163    -1.85    2.22
  34228.297    28.013    -0.40    2.04
  34599.931    28.280     0.72    3.02
  34971.609    32.072    10.20    8.89
  35343.330    40.042    21.44   13.83
  35715.094    48.629    23.10   15.61
  36086.902    58.597    26.81   13.90
  36458.754    66.543    21.37   14.28
  36830.649    75.185    23.24   12.79
  37202.587    80.951    15.50   11.02
  37574.569    88.210    19.51   12.59
  37946.595    97.679    25.45   15.68
  38318.664   108.646    29.48   17.93
  38690.777   121.334    34.10   14.21
  39062.933   128.629    19.60    8.94
  39435.133   132.162     9.49    4.04
  39807.377   130.839    -3.55    5.91
  40179.665   126.088   -12.76    8.94
  40551.996   117.859   -22.10   13.19
  40924.370   106.258   -31.15   14.42
  41296.789    96.307   -26.72   13.25
  41669.251    86.010   -27.65   12.31
  42041.757    76.026   -26.80   10.03
  42414.307    67.242   -23.58    9.08
  42786.901    60.129   -19.09    7.08
  43159.538    55.339   -12.86    5.02
  43532.219    52.433    -7.80    2.76
  43904.945    53.883     3.89    5.91
  44277.714    59.826    15.94   10.81
  44650.526    68.413    23.03   13.56
  45023.383    80.264    31.79   13.52
  45396.284    92.019    31.52   13.46
  45769.228   103.848    31.72   14.22
  46142.217   112.181    22.34   12.96
  46515.249   117.465    14.17   12.67
  46888.326   123.053    14.98   13.99
  47261.446   130.088    18.86   16.60
  47634.611   141.296    30.04   19.76
  48007.819   155.296    37.51   23.40
  48381.072   172.056    44.90   24.99
  48754.368   185.887    37.05   25.09
  49127.709   199.887    37.50   23.54
  49501.094   207.500    20.39   20.32
  49874.523   211.312    10.21   18.01
  50247.996   208.053    -8.73   22.66
  50621.513   198.302   -26.11   27.20
  50995.074   178.974   -51.74   30.21
  51368.680   159.036   -53.37   27.89
  51742.330   143.252   -42.24   24.58
  52116.024   128.439   -39.64   20.04
  52489.762   112.178   -43.51   18.69
  52863.544   100.146   -32.19   17.16
  53237.371    89.400   -28.75   12.87
  53611.242    84.807   -12.29    9.30
  53985.157    83.807    -2.67    7.48
  54359.117    89.053    14.03   11.32
  54733.121    97.145    21.64   15.31
  55107.169   107.957    28.91   13.91
  55481.262   115.097    19.09   10.63
  55855.399   119.023    10.49   11.13
  56229.580   121.580     6.83   11.71
  56603.806   126.498    13.14   11.83
  56978.076   133.291    18.15   12.34
  57352.391   140.154    18.34   13.48
  57726.751   149.918    26.08   16.77
  58101.154   160.936    29.43   18.55
  58475.603   170.612    25.84   20.44
  58850.095   178.176    20.20   20.13
  59224.633   184.129    15.90   20.04
  59599.215   194.264    27.06   23.33
  59973.841   209.746    41.33   30.53
  60348.512   226.859    45.68   31.20
  60723.228   244.318    46.60   24.86
  61097.988   256.367    32.15   13.92
  61472.793   258.280     5.10   11.78
  61847.643   254.468   -10.17   18.27
  62222.537   250.500   -10.58   22.01
  62597.476   247.147    -8.95   24.14
  62972.460   246.468    -1.81   25.60
  63347.488   239.065   -19.74   26.92
  63722.562   226.772   -32.78   28.41
  64097.680   211.367   -41.07   32.12
  64472.842   197.280   -37.55   30.62
  64848.050   178.887   -49.02   22.73
  65223.302   166.179   -33.87   19.06
  65598.600   158.153   -21.39   17.47
  65973.942   153.854   -11.46   13.70
  66349.329   153.833    -0.06   13.44
  66724.761   154.336     1.34   13.81
  67100.238   159.296    13.21   15.56
  67475.759   164.879    14.87   19.64
  67851.326   172.275    19.69   24.32
  68226.938   186.010    36.57   31.38
  68602.594   189.252     8.63   33.64
  68978.296   187.344    -5.08   30.66
  69354.042   184.533    -7.48   23.77
  69729.834   187.629     8.24   22.31
  70105.671   197.509    26.29   24.57
  70481.553   206.726    24.52   24.43
  70857.479   214.984    21.97   23.85
  71233.451   220.090    13.58   22.98
  71609.468   225.105    13.34   21.13
  71985.531   228.896    10.08   17.81
  72361.638   235.252    16.90   17.08
  72737.791   245.850    28.18   15.07
  73113.988   257.875    31.97   11.17
  73490.231   266.543    23.04    8.59
  73866.520   272.286    15.26    6.78
  74242.853   275.104     7.49    4.04
  74619.232   274.185    -2.44    3.91
  74995.656   272.090    -5.57    4.10
  75372.125   271.442    -1.72    4.69
  75748.640   272.883     3.83    6.38
  76125.199   275.138     5.99    7.50
  76501.805   278.436     8.76    7.50
  76878.455   279.546     2.95    6.87
  77255.151   276.629    -7.74    8.65
  77631.893   272.097   -12.03    7.87
  78008.680   270.423    -4.44    6.04
  78385.512   271.129     1.87    6.27
  78762.390   274.138     7.98    6.26
  79139.313   278.312    11.08    4.13
  79516.282   280.002     4.48    2.99
  79893.296   278.676    -3.52    3.69
  80270.356   275.922    -7.30    5.87
  80647.461   268.217   -20.44   11.18
  81024.612   258.063   -26.92   13.42
  81401.809   253.178   -12.95   11.79
  81779.051   255.471     6.08   14.51
  82156.338   265.039    25.36   17.72
  82533.672   279.049    37.13   11.96
  82911.051   286.179    18.90    7.27
  83288.475   290.146    10.51    5.14
  83665.946   292.646     6.62    3.38
  84043.462   293.375     1.93    2.43
  84421.024   293.502     0.34    2.39
  84798.631   293.661     0.42    4.79
  85176.285   295.121     3.87    6.94
  85553.984   296.816     4.49    7.66
  85931.729   298.129     3.48    7.32
  86309.519   298.319     0.50    6.20
  86687.356   297.296    -2.71    5.04
  87065.238   295.252    -5.41    4.81
  87443.167   293.436    -4.81    4.30
  87821.141   290.233    -8.48    5.05
  88199.161   286.146   -10.81    7.00
  88577.227   281.210   -13.06    7.71
  88955.339   277.263   -10.44    5.26
  89333.497   275.899    -3.61    3.42
  89711.701   275.979     0.21    3.50
  90089.950   276.567     1.55    3.23
  90468.246   277.233     1.76    2.69
  90846.588   277.302     0.18    2.07
  91224.976   276.233    -2.83    3.32
  91603.410   273.477    -7.28    5.34
  91981.891   268.114   -14.17    7.53
  92360.417   262.595   -14.58    7.87
  92730.958   256.565   -16.28    8.46
  93100.561   249.679   -18.63    8.49
  93470.209   242.355   -19.82   10.09
  93839.900   238.121   -11.45   12.12
  94209.635   241.947    10.35   18.14
  94579.414   255.307    36.13   25.12
  94949.236   271.129    42.79   21.02
  95319.103   281.823    28.91    7.61
  95689.014   284.000     5.89    4.01
  96058.968   284.185     0.50    3.62
  96428.966   283.187    -2.70    5.44
  96799.009   282.581    -1.64    6.51
  97169.095   279.713    -7.75   10.13
  97539.225   275.000   -12.73   13.27
  97909.400   273.560    -3.89   13.45
  98279.618   272.872    -1.86   12.91
  98649.880   274.095     3.30   10.85
  99020.186   275.990     5.12    8.90
  99390.537   278.985     8.09    7.95
  99760.931   282.264     8.85    8.08
 100131.370   286.563    11.60    8.82
 100501.853   292.153    15.09    9.55
 100872.380   296.529    11.81    8.75
 101242.951   299.726     8.63    7.41
 101613.566   305.058    14.39    7.94
 101984.225   310.006    13.35    8.23
 102354.929   314.121    11.10    5.89
 102725.677   313.952    -0.46    6.23
 103096.469   310.772    -8.58    8.38
 103467.305   305.693   -13.70    9.15
 103838.186   300.016   -15.31    7.87
 104209.110   295.213   -12.95    6.59
 104580.080   290.740   -12.06    5.51
 104951.093   288.233    -6.76    5.83
 105322.151   287.758    -1.28    7.21
 105693.253   290.033     6.13    8.19
 106064.400   295.067    13.57    5.32
 106435.591   297.355     6.17    4.57
 106806.826   296.098    -3.39    6.78
 107178.106   291.661   -11.95    9.64
 107549.430   284.178   -20.16   13.37
 107920.799   272.915   -30.33   15.91
 108292.212   261.984   -29.43   15.91
 108663.670   248.693   -35.79   14.32
 109035.172   237.920   -29.00   11.65
 109406.719   229.855   -21.71    9.49
 109778.310   223.612   -16.80    6.74
 110149.946   218.045   -14.98    6.42
 110521.626   214.179   -10.40    6.78
 110893.351   215.420     3.34    9.77
 111265.121   220.396    13.39   15.77
 111636.935   230.083    26.05   19.85
 112008.794   242.081    32.27   18.14
 112380.698   251.328    24.87   13.56
 112752.646   258.400    19.02    8.19
 113124.639   262.407    10.77    5.65
 113496.677   263.129     1.94    5.79
 113868.759   261.924    -3.24    6.47
 114240.887   258.772    -8.47    7.17
 114613.059   255.829    -7.91    6.97
 114985.275   251.014   -12.94    6.92
 115357.537   246.112   -13.17    6.52
 115729.844   244.482    -4.38    7.04
 116102.195   247.850     9.05   12.26
 116474.591   257.708    26.47   16.93
 116847.032   268.465    28.89   16.24
 117219.518   277.360    23.88   11.97
 117592.049   282.533    13.89    9.19
 117964.625   285.839     8.88    9.18
 118337.245   289.355     9.44    8.87
 118709.911   292.066     7.27    8.02
 119082.622   294.129     5.54    6.08
