-252347.819    59.186     0.00    8.48
-251976.566    57.713    -3.96    8.12
-251605.271    54.817    -7.80    7.88
-251233.935    49.267   -14.94    6.79
-250862.557    44.893   -11.77    5.35
-250491.138    41.588    -8.90    4.81
-250119.678    39.216    -6.39    4.86
-249748.177    37.268    -5.24    4.81
-249376.635    35.879    -3.74    3.50
-249005.051    36.743     2.33    3.92
-248633.426    39.299     6.88    5.65
-248261.759    44.624    14.32    8.48
-247890.051    50.559    15.96    8.56
-247518.302    53.973     9.18    8.00
-247146.511    55.940     5.29    8.32
-246774.679    56.784     2.27    9.10
-246402.805    56.673    -0.30    9.89
-246030.890    57.465     2.13   10.65
-245658.934    58.451     2.65   10.27
-245286.936    58.162    -0.78    8.24
-244914.896    58.575     1.11    7.23
-244542.815    59.014     1.18    6.78
-244170.693    58.924    -0.24    5.48
-243798.529    60.610     4.53    5.45
-243426.323    61.989     3.70    5.68
-243054.076    64.131     5.75    5.39
-242681.787    66.877     7.37    7.01
-242309.457    70.741    10.38    8.75
-241937.085    75.451    12.64    9.65
-241564.672    80.656    13.97    9.03
-241192.216    85.801    13.81    8.45
-240819.719    93.095    19.58    8.84
-240447.181    99.955    18.41    9.58
-240074.601   106.235    16.85    9.30
-239701.979   112.031    15.55    6.90
-239329.315   112.801     2.06    6.14
-238956.609   111.041    -4.72    6.83
-238583.862   107.547    -9.37    7.97
-238211.073   102.596   -13.28    7.73
-237838.242    98.617   -10.67    6.98
-237465.370    93.300   -14.26    6.83
-237092.455    89.199   -11.00    5.95
-236719.499    85.416   -10.14    4.42
-236346.501    82.524    -7.75    3.71
-235973.461    80.962    -4.19    3.63
-235600.379    80.406    -1.49    4.32
-235227.256    80.851     1.19    5.60
-234854.090    81.504     1.75    6.10
-234480.883    79.527    -5.30    6.66
-234107.633    76.451    -8.24    7.67
-233734.342    72.809    -9.75    6.64
-233361.008    70.202    -6.98    5.91
-232987.633    68.622    -4.23    5.80
-232614.215    67.605    -2.72    6.17
-232240.756    66.232    -3.68    5.67
-231867.254    63.907    -6.22    4.73
-231493.711    62.197    -4.58    3.99
-231120.125    60.967    -3.29    4.00
-230746.498    58.656    -6.18    3.41
-230372.828    57.059    -4.27    2.69
-229999.116    55.893    -3.12    1.56
-229625.362    55.514    -1.02    1.41
-229251.566    55.444    -0.19    1.51
-228877.727    55.934     1.31    2.41
-228503.847    55.826    -0.29    2.84
-228129.924    56.731     2.42    4.72
-227755.959    56.661    -0.19    5.49
-227381.952    56.194    -1.25    4.78
-227007.903    55.547    -1.73    3.67
-226633.811    56.167     1.66    4.61
-226259.677    57.368     3.21    6.16
-225885.501    58.148     2.08    7.45
-225511.282    59.051     2.41    8.85
-225137.021    58.235    -2.18    8.12
-224762.718    57.216    -2.72    6.46
-224388.373    55.530    -4.50    4.88
-224013.985    54.263    -3.39    3.75
-223639.554    53.701    -1.50    3.45
-223265.082    52.584    -2.98    2.40
-222890.567    52.978     1.05    2.90
-222516.009    53.317     0.90    3.35
-222141.409    53.775     1.22    3.65
-221766.767    54.148     1.00    4.37
-221392.082    54.617     1.25    5.38
-221017.354    54.201    -1.11    5.31
-220642.584    53.386    -2.17    5.44
-220267.772    52.793    -1.58    5.32
-219892.917    51.949    -2.25    5.53
-219518.019    50.249    -4.53    5.21
-219143.079    48.101    -5.73    4.56
-218768.096    46.559    -4.11    3.49
-218393.071    45.184    -3.67    2.44
-218018.003    45.151    -0.09    2.87
-217642.892    45.043    -0.29    3.59
-217267.739    44.731    -0.83    3.61
-216892.543    44.467    -0.70    3.42
-216517.305    44.107    -0.96    3.47
-216142.023    43.269    -2.23    2.70
-215766.699    42.436    -2.22    1.34
-215391.332    41.809    -1.67    1.04
-215015.923    41.530    -0.74    0.97
-214640.470    41.217    -0.83    1.02
-214264.975    40.961    -0.68    1.09
-213889.437    40.748    -0.57    1.08
-213513.857    40.596    -0.41    1.02
-213138.233    40.438    -0.42    1.08
-212762.567    40.234    -0.54    1.08
-212386.857    40.554     0.85    1.50
-212011.105    40.760     0.55    1.69
-211635.310    41.063     0.81    1.78
-211259.472    41.484     1.12    1.97
-210883.591    42.190     1.88    2.41
-210507.667    42.707     1.37    2.56
-210131.701    43.071     0.97    2.20
-209755.691    43.603     1.41    2.19
-209379.638    43.962     0.96    2.42
-209003.542    44.041     0.21    2.38
-208627.403    43.967    -0.20    2.47
-208251.221    44.317     0.93    3.03
-207874.997    44.817     1.33    2.97
-207498.729    44.487    -0.88    2.89
-207122.417    43.424    -2.82    2.39
-206746.063    42.612    -2.16    2.30
-206369.666    42.334    -0.74    2.23
-205993.225    42.514     0.48    2.83
-205616.742    43.088     1.52    3.29
-205240.215    43.416     0.87    3.26
-204863.645    42.487    -2.47    3.35
-204487.032    42.097    -1.03    3.60
-204110.375    40.866    -3.27    3.03
-203733.675    39.903    -2.55    2.41
-203356.932    39.711    -0.51    2.56
-202980.146    39.605    -0.28    2.86
-202603.317    39.451    -0.41    2.82
-202226.444    38.521    -2.47    2.45
-201849.528    37.673    -2.25    2.48
-201472.568    37.140    -1.41    2.39
-201095.565    36.767    -0.99    2.27
-200718.519    36.251    -1.37    2.25
-200341.430    35.790    -1.22    2.32
-199964.297    35.006    -2.08    2.76
-199587.120    34.162    -2.24    2.78
-199209.900    33.498    -1.76    2.69
-198832.637    32.559    -2.49    2.62
-198455.330    31.639    -2.44    2.25
-198077.980    30.760    -2.33    2.11
-197700.586    29.942    -2.17    1.79
-197323.149    29.188    -2.00    1.45
-196945.668    28.792    -1.05    1.30
-196568.143    28.701    -0.24    1.19
-196190.575    29.416     1.89    2.17
-195812.964    31.001     4.20    3.02
-195435.309    33.860     7.57    4.52
-195057.610    36.756     7.67    4.51
-194679.867    40.579    10.12    5.26
-194302.081    44.403    10.12    5.58
-193924.252    46.858     6.50    5.70
-193546.378    49.907     8.07    5.74
-193168.461    52.842     7.76    6.55
-192790.500    57.961    13.54    9.49
-192412.495    64.165    16.41   10.05
-192034.447    71.055    18.22    8.86
-191656.355    76.300    13.87    6.23
-191278.219    79.907     9.54    4.63
-190900.039    81.891     5.24    3.60
-190521.816    83.039     3.03    2.93
-190143.548    83.995     2.53    2.40
-189769.524    84.917     2.46    2.06
-189399.749    85.591     1.82    1.67
-189029.932    85.934     0.93    1.75
-188660.073    85.842    -0.25    2.04
-188290.172    85.481    -0.98    2.15
-187920.230    85.350    -0.35    2.07
-187550.246    85.059    -0.79    2.06
-187180.220    84.720    -0.91    2.04
-186810.152    83.852    -2.35    2.66
-186440.042    82.137    -4.63    3.76
-186069.891    80.656    -4.00    4.14
-185699.697    79.460    -3.23    4.63
-185329.462    77.817    -4.44    5.49
-184959.185    75.201    -7.07    6.51
-184588.865    73.071    -5.75    5.67
-184218.504    72.825    -0.66    4.77
-183848.101    75.366     6.86    5.46
-183477.656    78.860     9.43    4.58
-183107.169    81.737     7.76    3.48
-182736.640    83.524     4.82    1.85
-182366.069    83.858     0.90    1.31
-181995.455    82.938    -2.48    1.95
-181624.800    81.448    -4.02    2.83
-181254.103    79.059    -6.45    3.61
-180883.363    76.201    -7.71    3.89
-180512.582    73.384    -7.60    3.87
-180141.758    70.508    -7.75    4.10
-179770.892    67.651    -7.70    3.97
-179399.984    65.234    -6.51    3.78
-179029.034    63.124    -5.69    3.87
-178658.042    61.384    -4.69    3.61
-178287.007    60.234    -3.10    3.45
-177915.931    60.809     1.55    5.05
-177544.812    63.914     8.37    6.99
-177173.650    67.455     9.54    6.16
-176802.447    69.317     5.02    3.80
-176431.201    69.228    -0.24    3.09
-176059.913    66.414    -7.58    4.23
-175688.583    63.151    -8.79    4.20
-175317.210    60.120    -8.16    4.07
-174945.795    56.743    -9.09    4.02
-174574.337    54.017    -7.34    4.04
-174202.837    51.101    -7.85    3.51
-173831.295    49.101    -5.38    3.50
-173459.711    46.968    -5.74    3.44
-173088.083    45.251    -4.62    3.50
-172716.414    42.989    -6.08    3.57
-172344.702    40.576    -6.49    3.18
-171972.948    37.882    -7.25    3.02
-171601.151    35.852    -5.46    2.61
-171229.311    33.833    -5.43    2.82
-170857.429    31.703    -5.73    2.42
-170485.505    30.006    -4.56    2.45
-170113.538    28.417    -4.27    2.25
-169741.528    27.027    -3.74    1.89
-169369.476    25.842    -3.18    1.64
-168997.381    24.711    -3.04    1.82
-168625.243    23.584    -3.03    1.92
-168253.063    22.579    -2.70    1.93
-167880.841    21.108    -3.95    1.64
-167508.575    20.514    -1.59    1.50
-167136.267    19.640    -2.35    1.51
-166763.916    19.174    -1.25    1.51
-166391.523    18.656    -1.39    1.37
-166019.087    18.084    -1.54    1.29
-165646.608    17.430    -1.75    1.44
-165274.086    16.301    -3.03    2.00
-164901.521    15.401    -2.42    2.15
-164528.914    14.284    -2.99    1.99
-164156.264    13.727    -1.50    1.94
-163783.571    13.448    -0.75    1.86
-163410.835    13.234    -0.58    1.82
-163038.056    13.285     0.14    1.65
-162665.235    13.791     1.36    1.58
-162292.370    14.476     1.84    1.53
-161919.463    14.731     0.68    1.53
-161546.513    14.882     0.40    1.35
-161173.519    14.884     0.01    1.38
-160800.483    14.117    -2.05    1.64
-160427.404    13.465    -1.75    1.50
-160054.282    13.645     0.48    1.63
-159681.117    14.188     1.46    1.69
-159307.909    15.201     2.71    1.67
-158934.657    16.091     2.39    1.36
-158561.363    17.076     2.64    1.56
-158188.026    18.317     3.32    1.65
-157814.645    19.059     1.99    1.54
-157441.222    19.366     0.82    1.29
-157067.755    19.216    -0.40    1.35
-156694.245    19.451     0.63    1.58
-156320.692    19.934     1.29    1.62
-155947.096    20.645     1.90    1.45
-155573.457    21.075     1.15    1.10
-155199.774    20.767    -0.82    1.03
-154826.048    20.478    -0.77    1.04
-154452.279    20.024    -1.22    1.11
-154078.467    19.809    -0.57    1.12
-153704.611    19.817     0.02    1.29
-153330.713    19.898     0.22    1.40
-152956.770    20.201     0.81    1.39
-152582.785    20.301     0.27    1.41
-152208.756    20.071    -0.61    1.26
-151834.684    20.301     0.61    1.32
-151460.568    21.108     2.16    1.64
-151086.409    21.547     1.17    1.42
-150712.207    21.478    -0.18    1.53
-150337.961    20.844    -1.70    1.67
-149963.672    19.920    -2.47    1.64
-149589.340    19.231    -1.84    1.44
-149214.964    18.849    -1.02    1.48
-148840.544    18.645    -0.55    1.34
-148466.081    18.767     0.33    1.13
-148091.574    18.751    -0.04    1.13
-147717.024    18.940     0.51    1.38
-147342.430    19.188     0.66    1.34
-146967.793    19.334     0.39    1.26
-146593.112    19.398     0.17    1.16
-146218.388    19.059    -0.91    1.16
-145843.620    18.817    -0.64    1.22
-145468.808    18.596    -0.59    1.17
-145093.953    18.704     0.29    1.60
-144719.054    18.825     0.32    1.57
-144344.111    18.661    -0.44    1.60
-143969.124    18.101    -1.50    1.57
-143594.094    17.547    -1.48    1.31
-143219.020    17.285    -0.70    1.35
-142843.903    17.128    -0.42    1.32
-142468.741    16.672    -1.21    1.19
-142093.536    16.741     0.18    1.16
-141718.287    16.511    -0.61    1.37
-141342.994    16.186    -0.87    1.20
-140967.658    16.543     0.95    1.26
-140592.277    16.905     0.96    1.20
-140216.853    17.367     1.23    1.36
-139841.384    17.727     0.96    1.17
-139465.872    18.037     0.82    1.13
-139090.316    18.334     0.79    1.27
-138714.716    18.334     0.00    1.22
-138339.072    18.091    -0.65    1.32
-137963.384    17.825    -0.71    1.18
-137587.652    17.656    -0.45    1.14
-137211.876    17.268    -1.03    0.90
-136836.056    16.917    -0.93    1.09
-136460.192    16.682    -0.62    1.04
-136084.284    16.748     0.18    1.09
-135708.332    17.161     1.10    1.26
-135332.336    17.455     0.78    1.21
-134956.295    17.635     0.48    1.12
-134580.211    17.301    -0.89    1.38
-134204.082    16.875    -1.13    1.31
-133827.909    16.398    -1.27    1.23
-133451.692    16.091    -0.81    1.21
-133075.431    15.866    -0.60    1.26
-132699.126    15.472    -1.04    1.39
-132322.776    14.973    -1.33    1.52
-131946.382    14.024    -2.52    1.41
-131569.944    13.051    -2.59    1.78
-131193.462    12.251    -2.12    1.61
-130816.935    11.711    -1.43    1.38
-130440.364    11.095    -1.63    1.26
-130063.749    10.801    -0.78    1.34
-129687.089    10.043    -2.01    1.56
-129310.385     9.300    -1.97    1.40
-128933.637     8.349    -2.52    1.33
-128556.844     7.743    -1.61    1.18
-128180.007     7.460    -0.75    1.19
-127803.125     7.039    -1.12    1.23
-127426.199     6.973    -0.17    1.32
-127049.228     6.834    -0.37    1.26
-126672.213     6.910     0.20    1.35
-126295.154     7.124     0.57    1.41
-125918.050     6.886    -0.63    1.55
-125540.901     6.753    -0.35    2.12
-125163.708     6.825     0.19    2.43
-124786.470     6.778    -0.13    3.01
-124409.188     6.634    -0.38    3.37
-124031.861     7.101     1.24    3.25
-123654.489     7.444     0.91    3.31
-123277.073     8.886     3.82    3.88
-122899.612    14.208    14.10    7.63
-122522.107    21.834    20.20   11.21
-122144.556    31.666    26.04   12.92
-121766.961    43.617    31.65   13.20
-121389.322    54.430    28.63   14.28
-121011.637    66.143    31.01   13.48
-120633.908    74.817    22.96    9.46
-120256.134    79.524    12.46    5.62
-119878.315    80.110     1.55    6.22
-119500.452    76.737    -8.93    8.14
-119122.543    72.217   -11.96    7.95
-118744.590    69.284    -7.76    7.78
-118366.592    68.006    -3.38    8.85
-117988.549    66.563    -3.82   10.48
-117610.461    65.108    -3.85   11.51
-117232.328    63.617    -3.94   11.51
-116854.151    62.382    -3.27   10.36
-116475.928    59.951    -6.43    9.36
-116097.660    56.285    -9.69    8.93
-115719.348    52.399   -10.27    8.38
-115340.990    48.219   -11.05    8.28
-114965.702    42.968   -13.99    7.03
-114596.056    39.538    -9.28    5.55
-114226.367    37.222    -6.26    3.92
-113856.635    36.541    -1.84    3.13
-113486.861    37.399     2.32    3.77
-113117.043    38.852     3.93    5.18
-112747.183    41.492     7.14    6.91
-112377.280    47.405    15.98   10.64
-112007.333    55.124    20.86   14.48
-111637.344    64.334    24.89   16.56
-111267.312    72.432    21.88   15.50
-110897.237    77.366    13.33   12.66
-110527.120    75.833    -4.14   14.73
-110156.959    70.957   -13.17   14.37
-109786.755    69.137    -4.91   12.76
-109416.508    67.016    -5.73   12.32
-109046.218    69.301     6.17   13.34
-108675.885    70.434     3.06   13.62
-108305.509    69.554    -2.37   12.73
-107935.090    71.188     4.41   11.52
-107564.628    77.249    16.36   13.47
-107194.122    86.020    23.67   15.77
-106823.574    95.834    26.48   13.06
-106452.982   104.498    23.37   10.62
-106082.347   111.554    19.04    7.84
-105711.669   117.603    16.32    6.18
-105340.948   121.351    10.11    4.34
-104970.184   122.778     3.85    2.69
-104599.376   122.867     0.24    2.75
-104228.526   121.034    -4.94    4.25
-103857.631   117.575    -9.32    6.20
-103486.694   114.946    -7.09    6.91
-103115.713   112.350    -7.00    6.42
-102744.689   110.029    -6.25    6.83
-102373.622   107.841    -5.90    7.49
-102002.512   103.921   -10.56    8.75
-101631.358    98.984   -13.30    9.95
-101260.160    94.903   -10.99   11.85
-100888.919    92.448    -6.61   12.96
-100517.635    89.861    -6.97   14.51
-100146.308    88.269    -4.29   14.45
 -99774.936    85.656    -7.03   13.12
 -99403.522    83.714    -5.23   11.89
 -99032.064    80.551    -8.52   10.43
 -98660.562    76.039   -12.14   10.89
 -98289.017    68.793   -19.50   11.67
 -97917.429    61.071   -20.78   12.64
 -97545.797    51.462   -25.85   11.72
 -97174.121    45.108   -17.10    8.52
 -96802.402    46.930     4.90   10.49
 -96430.639    55.622    23.38   15.77
 -96058.833    69.492    37.30   17.91
 -95686.983    80.584    29.83   12.36
 -95315.089    87.462    18.49    9.86
 -94943.152    93.690    16.74    9.42
 -94571.171    98.882    13.96    9.86
 -94199.146   105.366    17.43    7.89
 -93827.077   109.237    10.40    6.87
 -93454.965   112.022     7.49    4.57
 -93082.809   112.776     2.03    3.04
 -92710.610   111.563    -3.26    4.04
 -92338.366   108.495    -8.24    5.19
 -91966.079   103.108   -14.47    7.12
 -91593.748    99.501    -9.69    7.37
 -91221.373    97.793    -4.58    8.06
 -90848.954    96.107    -4.53    9.68
 -90476.492    94.237    -5.02    9.57
 -90103.985    92.432    -4.84    9.07
 -89731.435    89.635    -7.51    8.44
 -89358.840    87.317    -6.22    7.71
 -88986.202    85.936    -3.71    7.73
 -88613.520    84.661    -3.42    9.45
 -88240.794    84.267    -1.06   10.30
 -87868.024    83.476    -2.12   11.63
 -87495.209    82.639    -2.24   11.99
 -87122.351    81.333    -3.50   12.18
 -86749.449    79.559    -4.76   11.41
 -86376.503    77.547    -5.39   10.11
 -86003.513    74.128    -9.17    8.67
 -85630.478    71.520    -6.99    7.90
 -85257.400    68.978    -6.81    7.01
 -84884.277    68.476    -1.35    7.70
 -84511.110    68.184    -0.78    8.11
 -84137.899    67.172    -2.71    7.99
 -83764.644    65.666    -4.03    7.31
 -83391.345    64.891    -2.08    5.97
 -83018.002    62.412    -6.64    4.85
 -82644.614    60.075    -6.26    4.60
 -82271.182    56.737    -8.94    4.96
 -81897.706    54.731    -5.37    4.52
 -81524.186    54.237    -1.32    5.72
 -81150.621    55.478     3.32    7.43
 -80777.012    59.108     9.71    9.39
 -80403.358    64.678    14.91   10.58
 -80029.661    70.511    15.61   10.59
 -79655.919    78.694    21.89    9.70
 -79282.132    84.930    16.68    8.59
 -78908.301    89.587    12.46    6.93
 -78534.426    91.551     5.25    5.67
 -78160.506    91.473    -0.21    5.80
 -77786.542    89.283    -5.86    5.94
 -77412.534    87.252    -5.43    6.25
 -77038.481    84.167    -8.25    7.73
 -76664.383    79.688   -11.97    8.82
 -76290.241    74.366   -14.23    9.20
 -75916.054    69.172   -13.88    8.76
 -75541.823    63.842   -14.24    7.22
 -75167.548    60.383    -9.24    5.19
 -74793.227    57.462    -7.80    4.35
 -74418.862    54.470    -7.99    4.72
 -74044.453    50.979    -9.32    5.21
 -73669.999    47.165   -10.18    4.04
 -73295.500    44.608    -6.83    3.47
 -72920.956    42.434    -5.80    3.41
 -72546.368    40.027    -6.43    3.43
 -72171.735    37.414    -6.97    3.45
 -71797.058    34.866    -6.80    3.87
 -71422.336    31.857    -8.03    3.51
 -71047.568    29.858    -5.33    3.14
 -70672.757    28.301    -4.15    2.89
 -70297.900    27.197    -2.95    2.85
 -69922.999    26.284    -2.43    2.77
 -69548.052    25.800    -1.29    2.93
 -69173.061    24.841    -2.56    3.04
 -68798.025    22.575    -6.04    3.85
 -68422.944    20.817    -4.69    3.80
 -68047.819    18.882    -5.16    2.76
 -67672.648    17.596    -3.43    1.36
 -67297.432    17.825     0.61    1.39
 -66922.172    19.368     4.11    3.56
 -66546.866    26.010    17.69    9.96
 -66171.516    33.679    20.43   12.28
 -65796.120    44.543    28.94   13.28
 -65420.680    56.867    32.82   12.22
 -65045.194    66.640    26.02   13.02
 -64669.663    76.269    25.64   11.52
 -64294.088    83.027    17.99    8.57
 -63918.467    88.079    13.45    5.84
 -63542.801    91.055     7.92    4.77
 -63167.090    93.473     6.44    4.27
 -62791.334    95.369     5.04    3.42
 -62415.532    96.833     3.90    4.68
 -62039.686    98.137     3.47    5.23
 -61663.794    99.269     3.01    4.70
 -61287.857    99.849     1.54    4.16
 -60911.875    99.366    -1.29    4.16
 -60535.848    98.188    -3.13    5.25
 -60159.775    96.301    -5.02    5.69
 -59783.657    95.414    -2.36    5.57
 -59407.494    95.059    -0.94    4.99
 -59031.285    95.410     0.93    3.95
 -58655.031    95.120    -0.77    4.07
 -58278.732    93.285    -4.88    4.49
 -57902.388    91.398    -5.02    4.15
 -57525.997    91.704     0.81    4.52
 -57149.562    93.694     5.29    5.28
 -56773.081    96.120     6.44    4.75
 -56396.555    97.011     2.36    4.18
 -56019.983    95.869    -3.03    4.78
 -55643.366    93.071    -7.43    5.73
 -55266.703    89.434    -9.66    5.40
 -54889.995    87.047    -6.33    4.68
 -54513.241    85.962    -2.88    4.44
 -54136.442    86.511     1.46    3.63
 -53759.597    86.365    -0.39    2.76
 -53382.706    85.268    -2.91    3.29
 -53005.770    82.395    -7.62    4.17
 -52628.788    78.767    -9.62    4.47
 -52251.761    74.059   -12.49    6.26
 -51874.688    69.301   -12.62    6.16
 -51497.569    67.624    -4.45    6.82
 -51120.405    67.952     0.87    8.91
 -50743.194    71.737    10.03   11.10
 -50365.938    78.682    18.41   11.52
 -49988.637    84.826    16.28    9.36
 -49611.289    88.927    10.87    8.01
 -49233.896    91.524     6.88    6.05
 -48856.457    91.841     0.84    4.95
 -48478.972    90.684    -3.07    4.48
 -48101.442    87.978    -7.17    4.79
 -47723.865    83.682   -11.38    6.35
 -47346.243    78.414   -13.95    7.57
 -46968.575    71.190   -19.13    8.05
 -46590.860    65.151   -15.99    6.32
 -46213.100    60.962   -11.09    5.47
 -45835.294    57.530    -9.08    4.57
 -45457.442    57.254    -0.73    4.68
 -45079.544    60.492     8.57    6.36
 -44701.600    65.301    12.72    7.77
 -44323.610    71.047    15.20    6.09
 -43945.574    72.995     5.15    5.32
 -43567.491    71.502    -3.95    6.85
 -43189.363    68.283    -8.51    7.68
 -42811.189    63.158   -13.55    6.36
 -42432.968    57.858   -14.01    4.60
 -42054.702    53.930   -10.38    5.57
 -41676.389    48.177   -15.21    7.04
 -41298.030    42.769   -14.29    7.08
 -40919.625    37.059   -15.09    5.80
 -40541.174    32.917   -10.94    3.31
 -40164.488    30.702    -5.88    2.24
 -39794.975    29.046    -4.48    1.81
 -39425.419    27.914    -3.06    1.54
 -39055.819    27.172    -2.01    1.33
 -38686.174    26.428    -2.01    1.12
 -38316.486    25.704    -1.96    1.31
 -37946.754    25.269    -1.18    1.25
 -37576.977    24.817    -1.22    1.18
 -37207.157    24.495    -0.87    1.19
 -36837.293    24.206    -0.78    1.17
 -36467.385    24.043    -0.44    1.13
 -36097.433    23.825    -0.59    1.08
 -35727.436    23.914     0.24    1.05
 -35357.396    24.059     0.39    0.90
 -34987.312    24.120     0.17    0.87
 -34617.183    24.223     0.28    0.90
 -34247.010    24.184    -0.11    0.89
 -33876.794    24.158    -0.07    0.97
 -33506.533    24.351     0.52    1.11
 -33136.227    24.704     0.95    1.31
 -32765.878    24.672    -0.09    1.26
 -32395.485    24.651    -0.06    1.14
 -32025.047    24.603    -0.13    1.16
 -31654.565    24.520    -0.22    1.06
 -31284.039    24.427    -0.25    1.06
 -30913.468    24.460     0.09    0.96
 -30542.853    24.268    -0.52    0.97
 -30172.194    24.317     0.13    0.99
 -29801.491    24.301    -0.04    1.17
 -29430.743    24.301    -0.00    1.16
 -29059.951    24.095    -0.55    1.22
 -28689.114    23.867    -0.61    1.24
 -28318.233    23.363    -1.36    1.46
 -27947.308    22.487    -2.36    1.60
 -27576.338    21.612    -2.36    1.94
 -27205.324    20.249    -3.67    1.72
 -26834.265    19.098    -3.10    1.76
 -26463.162    18.253    -2.28    1.72
 -26092.014    17.587    -1.79    1.58
 -25720.822    16.962    -1.68    1.10
 -25349.585    16.666    -0.80    0.72
 -24978.304    16.682     0.04    0.77
 -24606.978    16.587    -0.26    0.79
 -24235.608    16.412    -0.47    0.71
 -23864.193    16.484     0.19    0.81
 -23492.733    16.476    -0.02    0.83
 -23121.229    16.384    -0.25    0.86
 -22749.680    16.206    -0.48    0.84
 -22378.086    16.128    -0.21    0.87
 -22006.448    16.192     0.17    1.12
 -21634.765    16.369     0.48    1.33
 -21263.037    16.559     0.51    1.47
 -20891.265    17.084     1.41    1.65
 -20519.447    17.495     1.10    1.78
 -20147.585    18.137     1.73    2.16
 -19775.679    18.825     1.85    2.38
 -19403.727    19.952     3.03    2.59
 -19031.730    21.204     3.37    2.54
 -18659.689    22.857     4.44    2.08
 -18287.603    24.124     3.40    1.78
 -17915.472    25.222     2.95    1.43
 -17543.296    25.989     2.06    0.94
 -17171.075    26.484     1.33    0.80
 -16798.809    26.834     0.94    0.80
 -16426.498    27.022     0.50    0.82
 -16054.142    27.351     0.88    0.89
 -15681.742    27.583     0.62    0.90
 -15309.296    27.711     0.34    1.11
 -14936.805    27.730     0.05    1.19
 -14564.269    27.495    -0.63    1.21
 -14191.688    27.301    -0.52    1.29
 -13819.062    26.895    -1.09    0.87
 -13446.391    26.801    -0.25    0.94
 -13073.675    26.714    -0.23    0.89
 -12700.914    26.656    -0.16    0.94
 -12328.107    26.552    -0.28    0.90
 -11955.256    26.484    -0.18    1.03
 -11582.359    26.462    -0.06    1.17
 -11209.417    25.924    -1.44    1.39
 -10836.430    25.114    -2.17    1.79
 -10463.397    24.091    -2.74    1.83
 -10090.319    23.222    -2.33    1.63
  -9717.196    22.524    -1.87    1.14
  -9344.028    22.222    -0.81    1.20
  -8970.814    21.968    -0.68    1.30
  -8597.555    21.174    -2.13    2.19
  -8224.251    19.786    -3.72    2.97
  -7850.901    18.737    -2.81    2.86
  -7477.506    17.505    -3.30    3.26
  -7104.066    17.368    -0.37    3.58
  -6730.580    16.382    -2.64    4.85
  -6357.049    12.753    -9.72    7.69
  -5983.472     8.192   -12.21    8.18
  -5609.850     3.753   -11.88    5.34
  -5236.182     2.016    -4.65    2.49
  -4862.469     2.158     0.38    2.23
  -4488.710     2.575     1.12    2.13
  -4114.906     2.793     0.58    2.04
  -3741.056     2.317    -1.27    2.01
  -3367.161     1.911    -1.09    2.07
  -2993.220     1.217    -1.86    2.18
  -2619.233     1.075    -0.38    1.95
  -2245.201     0.481    -1.59    2.08
  -1871.123     0.031    -1.20    1.98
  -1496.999    -0.618    -1.74    1.78
  -1122.830    -1.214    -1.59    1.26
   -748.615    -1.617    -1.08    0.31
   -374.354    -1.683    -0.18    0.00
     -0.048     0.075     4.70    5.22
    374.304     6.640    17.54   12.72
    748.702    19.688    34.85   20.00
   1123.146    35.984    43.52   19.57
   1497.636    51.086    40.33   19.17
   1872.171    66.737    41.79   22.79
   2246.753    79.143    33.12   25.42
   2621.380    93.817    39.17   22.56
   2996.053   102.520    23.23   18.53
   3370.772   108.769    16.68   13.06
   3745.537   111.656     7.70    8.18
   4120.347   111.270    -1.03    7.63
   4495.204   110.235    -2.76    9.60
   4870.107   109.954    -0.75   11.69
   5245.056   111.567     4.30   13.30
   5620.050   113.204     4.37   13.37
   5995.091   114.984     4.75   14.61
   6370.178   115.460     1.27   16.29
   6745.311   108.285   -19.13   18.12
   7120.490    96.619   -31.10   19.80
   7495.715    82.619   -37.31   17.48
   7870.986    77.124   -14.64   13.71
   8246.304    78.640     4.04   15.05
   8621.667    87.421    23.39   15.79
   8997.077    95.514    21.56   11.83
   9372.533    99.724    11.21   10.97
   9748.035    99.529    -0.52   12.83
  10123.583    95.481   -10.78   14.02
  10499.178    90.036   -14.50   15.29
  10874.819    81.682   -22.24   16.89
  11250.506    75.511   -16.43   15.72
  11626.239    75.143    -0.98   14.31
  12002.019    80.571    14.45   15.41
  12377.845    90.478    26.36   15.32
  12753.718    99.521    24.06   10.27
  13129.637   102.526     8.00    7.14
  13505.602   103.317     2.10    6.20
  13881.614   101.651    -4.43    7.60
  14257.672    89.238   -33.01   21.31
  14633.777    73.508   -41.82   28.71
  15009.928    52.841   -54.94   26.50
  15386.125    37.301   -41.31   14.89
  15762.370    28.720   -22.81    4.29
  16138.660    25.734    -7.94    2.63
  16514.997    24.317    -3.76    1.70
  16891.381    24.151    -0.44    1.53
  17267.812    24.285     0.36    1.51
  17644.289    24.458     0.46    1.70
  18020.812    24.942     1.29    1.86
  18397.382    26.567     4.32    4.38
  18773.999    28.333     4.69    5.38
  19150.663    31.091     7.32    5.96
  19527.373    34.651     9.45    6.29
  19904.130    37.302     7.04    6.75
  20280.934    39.743     6.48    7.61
  20657.784    41.301     4.13    7.58
  21034.682    43.666     6.28    7.17
  21411.626    45.730     5.47    7.22
  21788.616    50.302    12.13    8.42
  22165.654    54.301    10.61    8.63
  22542.739    60.614    16.74    7.45
  22919.870    65.184    12.12    6.96
  23297.048    68.661     9.22    7.83
  23674.274    72.127     9.19    8.93
  24051.546    73.583     3.86    9.21
  24428.865    73.255    -0.87    9.16
  24806.231    70.254    -7.95    9.51
  25183.644    67.005    -8.61    9.56
  25561.104    64.661    -6.21    8.10
  25938.611    66.871     5.85    7.76
  26316.165    71.117    11.25    8.92
  26693.766    78.739    20.19   11.69
  27071.414    88.587    26.08   11.79
  27449.110    97.555    23.75    9.49
  27826.852   105.567    21.21    7.99
  28204.642   112.920    19.46    7.92
  28582.478   120.462    19.96    9.60
  28960.362   127.910    19.71    9.58
  29338.293   135.060    18.92    9.60
  29716.272   141.720    17.62    8.15
  30094.297   146.239    11.95    6.07
  30472.370   150.285    10.70    5.23
  30850.490   153.190     7.68    7.68
  31228.657   157.098    10.33    9.33
  31606.872   160.882    10.00   10.50
  31985.134   163.849     7.85   12.36
  32363.443   160.451    -8.98   17.81
  32741.800   150.630   -25.96   22.23
  33120.204   137.091   -35.78   27.43
  33498.655   124.651   -32.87   27.30
  33877.154   113.446   -29.60   21.99
  34255.701   112.508    -2.48   19.29
  34633.934   116.651    10.95   20.10
  35003.306   124.349    20.84   21.50
  35372.723   136.237    32.18   18.29
  35742.185   147.167    29.59   20.29
  36111.691   158.544    30.79   23.59
  36481.243   171.601    35.33   27.54
  36850.840   180.382    23.76   24.89
  37220.482   190.612    27.68   23.27
  37590.170   191.973     3.68   22.68
  37959.902   188.011   -10.72   22.41
  38329.679   182.177   -15.78   22.47
  38699.502   173.095   -24.56   22.31
  39069.370   164.973   -21.96   21.41
  39439.282   151.989   -35.10   16.94
  39809.240   142.133   -26.64   13.03
  40179.244   133.666   -22.88   10.72
  40549.292   127.720   -16.07    9.46
  40919.386   120.411   -19.75   11.06
  41289.525   111.698   -23.54   15.07
  41659.710   100.302   -30.79   16.48
  42029.939    90.016   -27.78   14.25
  42400.214    80.833   -24.80    8.65
  42770.535    80.039    -2.15    8.20
  43140.900    84.196    11.23   10.91
  43511.311    89.817    15.18   11.67
  43881.768    97.202    19.94   11.12
  44252.270   105.017    21.09    9.83
  44622.817   114.019    24.29   13.59
  44993.410   124.603    28.56   14.80
  45364.048   134.651    27.11   12.13
  45734.732   142.914    22.29    8.10
  46105.461   147.239    11.67    7.39
  46476.236   150.920     9.93    7.14
  46847.056   152.730     4.88    6.80
  47217.922   155.348     7.06    7.75
  47588.833   158.317     8.00    9.56
  47959.791   161.190     7.75   10.17
  48330.793   164.222     8.17    9.24
  48701.841   167.762     9.54    7.95
  49072.935   172.268    12.14    8.52
  49444.075   179.757    20.18   10.69
  49815.260   188.151    22.61    9.52
  50186.491   197.489    25.16   11.94
  50557.768   206.317    23.78   13.83
  50929.090   214.270    21.42   17.23
  51300.459   220.591    17.02   20.37
  51671.873   224.505    10.54   22.58
  52043.333   224.882     1.02   26.34
  52414.838   219.489   -14.52   29.31
  52786.390   209.502   -26.88   30.18
  53157.987   202.047   -20.06   23.16
  53529.630   198.833    -8.65   14.31
  53901.319   199.762     2.50   10.30
  54273.054   198.086    -4.51   10.44
  54644.835   192.672   -14.56   11.83
  55016.662   183.440   -24.83   11.62
  55388.535   174.451   -24.18    7.71
  55760.453   168.875   -14.99    6.51
  56132.418   165.501    -9.07    7.45
  56504.429   161.479   -10.81    9.74
  56876.486   156.188   -14.22   10.55
  57248.589   149.793   -17.19   10.87
  57620.737   141.882   -21.26   11.11
  57992.933   135.071   -18.30   10.92
  58365.174   126.411   -23.27   11.15
  58737.461   118.301   -21.78   10.22
  59109.794   109.301   -24.17    9.05
  59482.174   103.285   -16.16    7.62
  59854.600    96.656   -17.80    6.20
  60227.072    92.769   -10.44    5.58
  60599.590    91.156    -4.33    6.91
  60972.154    89.534    -4.35    8.50
  61344.765    87.938    -4.28    7.82
  61717.422    86.801    -3.05    6.01
  62090.125    87.302     1.34    6.03
  62462.875    90.635     8.94    8.76
  62835.670    95.394    12.77   11.38
  63208.513   100.552    13.83   12.57
  63581.401   106.702    16.49   13.41
  63954.336   114.492    20.89   14.01
  64327.318   122.539    21.58   13.25
  64700.345   128.395    15.70   10.72
  65073.420   128.398     0.01   10.42
  65446.540   123.302   -13.66   14.05
  65819.707   117.617   -15.23   14.05
  66192.921   112.688   -13.21   11.92
  66566.181   109.684    -8.05    9.14
  66939.488   116.620    18.58   18.40
  67312.841   134.108    46.84   29.68
  67686.241   149.587    41.46   31.95
  68059.688   169.920    54.45   24.53
  68433.181   181.254    30.35   13.19
  68806.720   182.517     3.38   12.94
  69180.307   179.011    -9.39   14.12
  69553.940   173.730   -14.13   14.17
  69927.619   168.905   -12.91   14.12
  70301.346   165.817    -8.26   15.53
  70675.119   164.967    -2.27   16.18
  71048.939   162.527    -6.53   16.35
  71422.805   161.140    -3.71   17.79
  71796.719   159.133    -5.37   18.61
  72170.679   155.793    -8.93   16.78
  72544.686   154.036    -4.70   13.82
  72918.740   155.174     3.04   12.69
  73292.840   160.031    12.98   14.58
  73666.988   168.005    21.31   18.31
  74041.182   173.672    15.15   19.96
  74415.424   173.769     0.26   19.51
  74789.712   173.667    -0.27   18.50
  75164.047   173.408    -0.69   15.83
  75538.430   173.134    -0.73   13.52
  75912.859   175.645     6.71   12.50
  76287.335   179.698    10.82   12.53
  76661.858   187.130    19.84   13.83
  77036.428   194.963    20.92   13.84
  77411.046   201.317    16.96   13.80
  77785.710   206.179    12.98   14.19
  78160.422   210.254    10.88   15.57
  78535.180   217.239    18.64   17.28
  78909.986   225.634    22.40   17.41
  79284.839   235.651    26.72   16.39
  79659.739   245.596    26.53   14.70
  80034.687   253.778    21.82   13.29
  80409.681   258.958    13.82   12.93
  80784.723   263.905    13.19   10.56
  81159.812   268.117    11.23    9.86
  81534.948   272.253    11.02    8.03
  81910.132   276.270    10.71    5.06
  82285.363   278.174     5.07    3.37
  82660.641   277.552    -1.66    4.03
  83035.966   275.849    -4.54    4.61
  83411.339   273.688    -5.76    5.16
  83786.760   271.366    -6.19    5.21
  84162.227   268.317    -8.12    6.37
  84537.743   264.095   -11.24    7.82
  84913.305   259.208   -13.01    8.13
  85288.915   253.161   -16.10    7.82
  85664.573   248.397   -12.68    6.76
  86040.278   242.120   -16.71    7.89
  86416.031   237.022   -13.57    8.53
  86791.831   230.857   -16.41   10.21
  87167.678   222.383   -22.55   12.54
  87543.574   215.286   -18.88   14.47
  87919.517   211.591    -9.83   14.07
  88295.507   208.802    -7.42   13.67
  88671.545   211.559     7.33   12.88
  89047.631   214.172     6.95    9.56
  89423.765   209.410   -12.66   11.56
  89799.946   202.237   -19.07   13.91
  90176.175   191.927   -27.41   14.76
  90552.451   183.751   -21.73   10.35
  90928.776   180.127    -9.63   10.50
  91305.148   179.704    -1.12   12.71
  91681.568   181.348     4.37   13.69
  92058.035   178.666    -7.12   12.31
  92434.551   172.984   -15.09   13.36
  92811.115   173.948     2.56   13.98
  93187.726   176.737     7.41   16.40
  93564.385   185.989    24.57   16.88
  93941.092   197.651    30.96   10.89
  94317.847   205.075    19.71    9.11
  94694.650   210.682    14.88    6.08
  95071.501   213.825     8.34    4.95
  95448.400   214.620     2.11    4.24
  95825.347   213.349    -3.37    4.37
  96202.342   209.958    -9.00    7.27
  96579.385   205.473   -11.89    9.39
  96956.477   203.935    -4.08    9.25
  97333.616   205.401     3.89    9.97
  97710.803   207.543     5.68    8.87
  98088.039   210.301     7.31    7.18
  98465.322   212.255     5.18    7.60
  98842.654   216.161    10.35    9.35
  99220.034   220.656    11.91    8.50
  99597.462   224.802    10.99    5.35
  99974.939   226.682     4.98    3.35
 100352.463   227.151     1.24    3.34
 100730.036   227.751     1.59    3.51
 101107.657   229.364     4.27    3.91
 101485.327   231.269     5.04    3.37
 101863.045   230.979    -0.77    3.31
 102240.811   229.933    -2.77    3.56
 102618.626   229.056    -2.32    3.09
 102996.488   228.117    -2.48    1.80
 103374.400   228.219     0.27    2.23
 103752.360   230.270     5.43    4.52
 104130.368   232.167     5.02    4.93
 104508.425   232.974     2.13    4.57
 104886.530   233.920     2.50    4.21
 105264.683   234.177     0.68    4.34
 105642.886   234.255     0.21    4.48
 106021.136   235.489     3.26    4.43
 106399.436   236.560     2.83    3.53
 106777.784   235.366    -3.16    3.58
 107156.180   233.514    -4.89    3.65
 107534.625   230.575    -7.77    5.54
 107913.119   226.257   -11.41    9.76
 108291.661   220.610   -14.92   14.15
 108670.252   214.473   -16.21   17.04
 109048.892   206.755   -20.39   20.71
 109427.581   202.755   -10.56   23.75
 109798.071   201.229    -4.12   23.42
 110167.349   203.608     6.44   17.32
 110536.674   201.222    -6.46   14.79
 110906.044   194.268   -18.83   14.25
 111275.461   186.635   -20.66   12.55
 111644.924   180.317   -17.10    7.78
 112014.433   176.044   -11.56    7.66
 112383.989   171.104   -13.37    8.85
 112753.590   165.381   -15.49   10.45
 113123.238   158.873   -17.61   10.20
 113492.932   152.884   -16.20    9.02
 113862.673   146.428   -17.46    5.22
 114232.460   143.098    -9.01    5.63
 114602.293   139.524    -9.67    6.01
 114972.173   136.779    -7.42    7.41
 115342.099   133.208    -9.65    8.11
 115712.071   129.763    -9.31    8.12
 116082.090   126.905    -7.73    6.80
 116452.155   126.270    -1.72    7.99
 116822.267   128.102     4.95   10.76
 117192.425   130.591     6.73   11.70
 117562.629   133.614     8.17   11.72
 117932.881   135.882     6.13   10.44
 118303.178   136.603     1.95    7.81
 118673.522   135.825    -2.10    7.97
 119043.913   127.964   -21.23   12.37
 119414.351   118.914   -24.43   13.86
 119784.835   110.430   -22.90   12.85
 120155.365   103.137   -19.69   11.27
 120525.943    98.379   -12.84   10.86
 120896.566    93.914   -12.05   12.55
 121267.237    89.973   -10.63   13.72
 121637.954    84.936   -13.59   13.24
 122008.718    79.192   -15.49    9.73
 122379.529    75.225   -10.70    6.54
 122750.387    73.056    -5.85    3.39
 123121.291    72.210    -2.28    1.80
 123492.242    72.047    -0.44    1.90
 123863.240    72.486     1.18    2.39
 124234.285    73.994     4.06    3.83
 124605.376    76.438     6.59    4.91
 124976.515    78.539     5.66    4.90
 125347.700    80.317     4.79    4.33
 125718.932    82.629     6.23    3.99
 126090.211    83.620     2.67    3.99
 126461.538    84.401     2.10    3.52
 126832.911    85.332     2.51    3.26
 127204.331    86.091     2.04    3.46
 127575.798    86.770     1.83    3.51
 127947.312    86.698    -0.19    3.56
 128318.873    85.741    -2.58    3.42
 128690.481    83.302    -6.57    3.59
 129062.137    80.968    -6.28    3.71
 129433.839    78.492    -6.66    3.25
 129805.589    76.979    -4.07    2.33
 130177.385    75.196    -4.80    1.88
 130549.229    75.223     0.07    2.14
 130921.120    77.794     6.91    5.07
 131293.058    82.448    12.51    7.81
 131665.044    89.378    18.63    8.13
 132037.076    96.051    17.94    6.80
 132409.156   100.363    11.59    5.70
 132781.283   102.104     4.68    5.35
 133153.458   102.031    -0.20    5.16
 133525.679   100.083    -5.24    5.04
 133897.948    97.151    -7.88    5.09
 134270.265    93.148   -10.75    5.87
 134642.629    89.739    -9.16    6.22
 135015.040    87.052    -7.22    4.88
 135387.498    86.594    -1.23    5.19
 135760.004    87.979     3.72    5.15
 136132.558    88.505     1.41    3.80
 136505.159    87.317    -3.19    3.51
 136877.807    85.678    -4.40    3.48
 137250.503    84.098    -4.24    3.27
 137623.247    83.434    -1.78    3.54
 137996.038    84.435     2.69    3.83
 138368.876    85.936     4.03    4.41
 138741.762    86.698     2.04    3.84
 139114.696    86.014    -1.83    3.65
 139487.677    85.677    -0.91    3.01
 139860.706    84.651    -2.75    2.93
 140233.783    84.239    -1.10    3.50
 140606.907    83.886    -0.95    4.13
 140980.079    83.492    -1.06    4.65
 141353.299    83.135    -0.96    4.75
 141726.567    83.043    -0.25    4.57
 142099.882    83.395     0.94    4.38
 142473.245    84.596     3.22    4.45
 142846.656    85.255     1.76    4.12
 143220.114    86.137     2.36    3.79
 143593.621    86.273     0.36    3.28
 143967.175    84.677    -4.27    3.70
 144340.777    81.833    -7.61    4.68
 144714.428    79.598    -5.98    3.80
 145088.126    79.948     0.94    4.44
 145461.871    83.408     9.26    6.18
 145835.665    87.210    10.17    6.00
 146209.507    89.625     6.46    4.37
 146583.397    90.624     2.67    3.89
 146957.335    91.772     3.07    3.90
 147331.321    93.534     4.71    4.46
 147705.355    96.155     7.01    4.50
 148079.437    97.349     3.19    4.62
 148453.567    97.285    -0.17    5.12
 148827.745    96.640    -1.72    5.68
 149201.972    96.486    -0.41    5.97
 149576.246    95.794    -1.85    5.74
 149950.569    96.442     1.73    5.66
 150324.940    97.163     1.93    5.67
 150699.359    98.241     2.88    6.01
 151073.826    99.437     3.19    5.76
 151448.342   100.867     3.82    5.79
 151822.906   101.393     1.40    5.92
 152197.518   101.186    -0.55    6.02
 152572.178    99.505    -4.49    5.91
 152946.887    96.698    -7.49    5.54
 153321.644    92.984    -9.91    6.14
 153696.450    86.933   -16.15    7.14
 154071.304    81.625   -14.16    7.73
 154446.206    75.225   -17.07    7.15
 154821.157    71.010   -11.24    5.29
 155196.156    70.361    -1.73    4.87
 155571.203    74.430    10.85    9.17
 155946.300    83.555    24.33   13.06
 156321.444    94.694    29.70   11.95
 156696.637   103.614    23.78    8.16
 157071.879   109.011    14.38    5.44
 157447.169   111.594     6.88    5.66
 157822.508   112.619     2.73    6.15
 158197.896   112.730     0.30    6.42
 158573.332   113.010     0.74    6.30
 158948.817   113.645     1.69    6.01
 159324.350   114.631     2.62    5.53
 159699.932   115.428     2.12    4.77
 160075.563   115.978     1.46    3.69
 160451.243   115.444    -1.42    3.23
 160826.971   113.529    -5.10    4.29
 161202.748   109.785    -9.97    5.61
 161578.574   104.779   -13.32    6.57
 161954.449   103.067    -4.55    5.83
 162330.372   104.473     3.74    7.39
 162706.345   107.832     8.94    7.03
 163082.366   110.108     6.05    4.44
 163458.436   107.361    -7.30    6.93
 163834.555   101.962   -14.36    7.90
 164210.723    95.640   -16.81    7.48
 164586.940    93.036    -6.92    5.82
 164963.206    95.586     6.78    8.37
 165339.521   102.210    17.60    9.84
 165715.885   108.933    17.87    8.03
 166092.298   112.040     8.26    6.46
 166468.760   112.598     1.48    7.61
 166845.271   110.620    -5.25    8.22
 167221.832   108.867    -4.66    7.85
 167598.441   107.423    -3.83    7.27
 167975.099   105.875    -4.11    6.56
 168351.807   104.086    -4.75    5.76
 168728.564   101.425    -7.07    5.04
 169105.370    99.049    -6.31    4.78
 169482.225    96.517    -6.72    3.98
 169859.130    95.902    -1.63    4.18
 170236.083    97.755     4.92    5.31
 170613.086   101.379     9.61    6.14
 170990.139   104.876     9.28    5.13
 171367.240   106.434     4.13    3.91
 171744.391   104.442    -5.28    5.02
 172121.592   100.651   -10.05    6.32
 172498.841    96.286   -11.57    7.00
 172876.140    90.840   -14.44    6.66
 173253.489    88.529    -6.13    5.45
 173630.887    90.332     4.78    7.81
 174008.335    96.098    15.28   10.78
 174385.831   106.222    26.82   11.36
 174763.378   115.559    24.74    8.83
 175140.974   123.229    20.32    8.62
 175518.620   130.476    19.19    6.51
 175896.315   134.271    10.05    4.80
 176274.059   135.317     2.77    5.17
 176651.854   133.302    -5.34    7.17
 177029.698   128.014   -14.00    8.50
 177407.591   122.672   -14.14    8.48
 177785.535   116.258   -16.98    8.97
 178163.528   109.462   -17.98    8.09
 178541.570   102.686   -17.93    8.55
 178919.663    96.286   -16.93    7.45
 179297.805    90.034   -16.54    8.37
 179675.997    81.840   -21.67    9.29
 180054.239    75.471   -16.84    8.05
 180432.530    71.492   -10.52    4.44
 180810.872    71.645     0.41    3.97
 181189.263    73.920     6.01    4.93
 181567.704    75.417     3.96    5.21
 181946.195    74.075    -3.55    5.48
 182324.736    72.723    -3.57    4.89
 182703.327    74.671     5.15    7.68
 183081.968    81.717    18.61   13.93
 183460.659    92.143    27.53   16.84
 183839.400   104.450    32.50   18.36
 184218.191   116.801    32.61   15.96
 184590.303   128.530    31.53   15.58
 184959.435   139.511    29.75   12.37
 185328.614   147.052    20.43    9.92
 185697.840   151.317    11.55    5.61
 186067.114   150.575    -2.01    5.48
 186436.435   145.984   -12.43    8.18
 186805.803   139.902   -16.47    8.95
 187175.219   133.579   -17.12    7.80
 187544.682   128.529   -13.67    7.19
 187914.193   122.999   -14.97    7.54
 188283.751   118.696   -11.65    7.13
 188653.357   115.571    -8.46    5.06
 189023.010   116.210     1.73    5.51
 189392.710   121.071    13.15    8.15
 189762.458   127.078    16.25    8.28
 190132.254   133.225    16.62    6.46
 190502.097   137.192    10.73    5.74
 190871.988   139.471     6.16    5.70
 191241.927   140.594     3.04    7.13
 191611.913   141.170     1.56    7.35
 191981.946   141.841     1.81    7.51
 192352.028   142.739     2.43    6.30
 192722.157   144.124     3.74    5.85
 193092.334   146.423     6.21    5.66
 193462.558   149.914     9.43    6.19
 193832.831   153.891    10.74    6.53
 194203.151   157.737    10.39    6.32
 194573.518   161.979    11.46    7.46
 194943.934   166.235    11.49    7.71
 195314.398   170.726    12.13    8.21
 195684.909   175.063    11.71    6.11
 196055.468   176.787     4.65    4.34
 196426.075   175.380    -3.80    4.77
 196796.730   170.726   -12.56    7.49
 197167.433   162.810   -21.36    9.91
 197538.184   154.717   -21.83   10.19
 197908.983   144.690   -27.05   10.34
 198279.829   136.625   -21.75    9.75
 198650.724   128.810   -21.08    8.20
 199021.667   124.428   -11.81    6.09
 199392.658   122.256    -5.86    5.67
 199763.697   123.000     2.01    7.75
 200134.784   127.067    10.96    9.38
 200505.919   131.382    11.63    8.91
 200877.102   133.958     6.94    6.95
 201248.334   133.920    -0.10    6.30
 201619.613   130.869    -8.22    6.81
 201990.941   125.857   -13.50    7.10
 202362.317   120.586   -14.20    7.44
 202733.741   114.287   -16.96    7.34
 203105.213   108.787   -14.81    7.78
 203476.734   102.179   -17.79    8.51
 203848.303    95.440   -18.14    9.77
 204219.920    87.082   -22.50   10.20
 204591.586    80.090   -18.82    9.49
 204963.300    74.423   -15.25    6.87
 205335.062    74.635     0.57    8.45
 205706.873    80.040    14.54   13.08
 206078.732    89.793    26.23   14.44
 206450.639   101.494    31.47   12.62
 206822.595   110.124    23.21   11.18
 207194.600   117.840    20.75   11.15
 207566.653   124.075    16.76    9.41
 207938.754   128.999    13.23    7.17
 208310.904   133.666    12.54    6.67
 208683.102   137.700    10.84    8.24
 209055.350   143.590    15.83    8.36
 209427.645   149.135    14.90    6.99
 209799.989   153.755    12.41    6.41
 210172.382   156.948     8.58    4.58
 210544.824   158.347     3.76    3.31
 210917.314   158.666     0.86    2.97
 211289.853   156.969    -4.56    3.80
 211662.440   153.682    -8.82    4.80
 212035.077   150.788    -7.77    5.57
