# NaN NaN NaN ;Mean Elev.(m), Avg Gradient(m/km), RMS Gradient(m/km) - SRTM1     
#  -15.948   0.013   3.966 ;Mean Elev.(m), Avg Gradient(m/km), RMS Gradient(m/km) - ASTER GDEM
#   -9.585   0.192   1.732 ;Mean Elev.(m), Avg Gradient(m/km), RMS Gradient(m/km) - GMTED2010 
  8   -10.399 52499.31897799 21.17  44.910839  48.484073 20.391
  8   -10.796 52499.31897864 17.98  44.909489  48.480833 20.391
  8   -11.958 52499.31897928 21.16  44.908129  48.477593 20.391
  8   -12.079 52499.31897992 27.24  44.906779  48.474353 20.391
 11   -11.089 52604.31897861 20.71  44.908163  48.484942 21.790
 11   -11.339 52604.31897926 17.57  44.906813  48.481692 21.790
 11   -12.543 52604.31897990 18.01  44.905463  48.478452 21.790
 11   -12.387 52604.31898055 16.73  44.904113  48.475212 21.790
 11   -11.997 52604.31898119 19.71  44.902763  48.471972 21.790
 12    -9.386 52639.31895942 43.18  44.916462  48.482722 25.097
 12    -9.284 52639.31896006 44.09  44.915112  48.479482 25.097
 12    -9.324 52639.31896071 41.97  44.913762  48.476242 25.097
 12    -9.384 52639.31896135 43.82  44.912412  48.473002 25.097
 13    -6.981 52674.31895558 24.48  44.910098  48.483123  7.604
 13   -10.408 52674.31895623 25.42  44.908748  48.479883  7.604
 13   -10.415 52674.31895687 27.44  44.907398  48.476643  7.604
 13   -10.189 52674.31895752 26.67  44.906048  48.473403  7.604
 14   -10.753 52709.31897029 49.54  44.916354  48.482208 17.189
 14   -10.727 52709.31897093 48.49  44.915004  48.478968 17.189
 14   -10.794 52709.31897158 47.04  44.913654  48.475728 17.189
 14   -10.838 52709.31897222 40.08  44.912304  48.472488 17.189
 16    -5.481 52779.31893479 28.35  44.918286  48.481374 39.703
 16    -6.125 52779.31893544 24.79  44.916936  48.478134 39.703
 16    -5.919 52779.31893608 27.22  44.915585  48.474891 34.073
 16    -5.724 52779.31893673 33.24  44.914235  48.471651 34.073
 17    -8.669 52814.31901904 19.33  44.916113  48.481448 25.576
 17    -9.152 52814.31901968 18.45  44.914763  48.478208 25.576
 17    -9.809 52814.31902032 19.36  44.913413  48.474968 25.576
 17    -9.854 52814.31902097 21.39  44.912063  48.471728 25.576
 18    -9.558 52849.31907203 16.61  44.916871  48.480637 30.151
 18    -9.891 52849.31907268 15.57  44.915521  48.477397 30.151
 18   -10.277 52849.31907332 15.36  44.914171  48.474157 30.151
 18   -10.210 52849.31907397 17.40  44.912821  48.470917 30.151
 19   -12.376 52884.31910712 33.03  44.909899  48.484164 26.903
 19   -12.391 52884.31910777 35.63  44.908550  48.480919 16.386
 19   -12.263 52884.31910841 36.45  44.907200  48.477679 16.386
 19   -12.053 52884.31910905 40.65  44.905850  48.474439 16.386
 20   -10.724 52919.31906372 14.88  44.909694  48.483117 35.813
 20   -10.671 52919.31906437 14.64  44.908346  48.479871 21.033
 20    -9.869 52919.31906501 14.54  44.906996  48.476631 21.033
 20   -11.804 52919.31906566 16.59  44.905646  48.473391 21.033
 21    -9.642 52954.31902695 31.47  44.924106  48.481129 28.288
 21    -9.910 52954.31902760 20.51  44.922756  48.477889 28.288
 21   -10.196 52954.31902824 16.41  44.921406  48.474649 28.288
 22    -9.901 52989.31903648 18.96  44.921590  48.478851 29.236
 22   -10.373 52989.31903712 22.41  44.920240  48.475611 29.236
 22   -11.175 52989.31903777 21.30  44.918890  48.472371 29.236
 23   -11.229 53024.31901865 36.85  44.916860  48.483172 17.188
 23   -11.390 53024.31901930 47.27  44.915510  48.479932 17.188
 23   -11.622 53024.31901994 54.82  44.914160  48.476692 17.188
 23   -11.560 53024.31902058 51.51  44.912810  48.473452 17.188
 24   -11.667 53059.31901605 47.72  44.923270  48.481083 12.651
 24   -11.890 53059.31901670 56.19  44.921920  48.477843 12.651
 24   -11.830 53059.31901734 50.85  44.920570  48.474603 12.651
 24   -11.950 53059.31901799 44.91  44.919215  48.471360  9.980
 25   -11.980 53094.31905350 28.18  44.902143  48.486325 38.439
 25   -12.070 53094.31905414 22.94  44.900793  48.483085 38.439
 25   -12.492 53094.31905479 20.90  44.899443  48.479845 38.439
 25    -9.686 53094.31905543 18.32  44.898093  48.476605 38.439
 25   -11.732 53094.31905607 24.44  44.896742  48.473358 19.614
 26    -5.527 53129.31902554 36.24  44.921956  48.480638 32.408
 26    -5.852 53129.31902619 39.19  44.920606  48.477398 32.408
 26    -5.728 53129.31902683 39.39  44.919256  48.474158 32.408
 26    -5.645 53129.31902748 41.29  44.917905  48.470912 41.209
 28   -10.549 53199.31909478 38.19  44.914279  48.483209 23.518
 28   -10.837 53199.31909542 36.67  44.912929  48.479969 23.518
 28   -10.558 53199.31909607 39.28  44.911579  48.476729 23.518
 28   -10.625 53199.31909671 45.58  44.910229  48.473489 23.518
 29    -9.555 53234.31906493 19.03  44.918753  48.482207 36.251
 29    -9.823 53234.31906557 16.57  44.917393  48.478967 36.251
 29   -10.088 53234.31906622 16.99  44.916043  48.475727 36.251
 29   -10.702 53234.31906686 17.03  44.914697  48.472481 30.317
 30    -9.832 53269.31903116 16.64  44.919554  48.480496 33.648
 30   -10.029 53269.31903180 15.36  44.918204  48.477256 33.648
 30   -10.837 53269.31903245 16.31  44.916854  48.474016 33.648
 30   -11.649 53269.31903309 16.96  44.915504  48.470776 33.648
 31   -12.410 53304.31909211 24.82  44.909998  48.483562 25.687
 31   -12.258 53304.31909276 29.67  44.908638  48.480322 25.687
 31   -12.219 53304.31909340 30.30  44.907288  48.477082 25.687
 31   -12.113 53304.31909405 41.08  44.905938  48.473842 25.687
 32   -11.209 53339.31906114 16.23  44.909860  48.482789 15.919
 32   -12.052 53339.31906179 17.20  44.908500  48.479549 15.919
 32   -12.099 53339.31906243 16.35  44.907150  48.476309 15.919
 32   -11.972 53339.31906308 16.28  44.905800  48.473069 15.919
 33   -11.962 53374.31899260 21.22  44.909441  48.485165 10.405
 33   -12.119 53374.31899324 21.85  44.908101  48.481925 10.405
 33   -11.990 53374.31899389 22.97  44.906741  48.478685 10.405
 33   -11.738 53374.31899453 28.29  44.905391  48.475445 10.405
 33   -11.806 53374.31899518 42.09  44.904051  48.472205 10.405
 34    -8.485 53409.31903482 46.85  44.917989  48.482313 15.166
 34    -8.448 53409.31903547 46.58  44.916629  48.479073 15.166
 34    -8.501 53409.31903611 51.17  44.915279  48.475833 15.166
 34    -8.561 53409.31903676 48.83  44.913929  48.472593 15.166
 35   -10.764 53444.31901849 22.70  44.905726  48.483488  6.641
 35   -10.963 53444.31901913 22.97  44.904366  48.480248  6.641
 35   -10.808 53444.31901978 23.18  44.903016  48.477008  6.641
 35   -10.322 53444.31902042 21.61  44.901676  48.473768  6.641
 36    -9.923 53479.31909652 20.64  44.910755  48.483087 24.955
 36   -10.107 53479.31909716 21.92  44.909405  48.479847 24.955
 36   -10.096 53479.31909781 20.12  44.908055  48.476607 24.955
 36    -9.793 53479.31909845 20.71  44.906705  48.473367 24.955
 37    -5.154 53514.31910423 45.72  44.912621  48.482193 36.335
 37    -5.121 53514.31910487 48.11  44.911261  48.478953 36.335
 37    -5.233 53514.31910552 50.26  44.909911  48.475713 36.335
 37    -5.351 53514.31910616 47.85  44.908561  48.472473 36.335
 38   -11.726 53549.31912266 44.19  44.907026  48.485800 28.724
 38   -11.638 53549.31912331 44.75  44.905666  48.482560 28.724
 38   -11.758 53549.31912395 46.96  44.904316  48.479320 28.724
 38   -11.750 53549.31912460 44.75  44.902966  48.476080 28.724
 38   -11.585 53549.31912524 45.87  44.901616  48.472840 28.724
 39   -12.297 53584.31908655 33.64  44.911473  48.482063 17.404
 39   -12.096 53584.31908719 33.51  44.910113  48.478823 17.404
 39   -11.853 53584.31908784 34.13  44.908763  48.475583 17.404
 39   -11.807 53584.31908848 35.17  44.907413  48.472343 17.404
 40   -11.833 53619.31904273 28.01  44.902717  48.485416 21.750
 40   -12.292 53619.31904338 27.91  44.901367  48.482176 21.750
 40   -12.011 53619.31904402 25.65  44.900007  48.478936 21.750
 40   -11.834 53619.31904467 31.42  44.898657  48.475696 21.750
 40   -11.748 53619.31904531 37.95  44.897317  48.472456 21.750
 41    -9.378 53654.31906861 16.17  44.914735  48.481105 27.151
 41    -8.332 53654.31906925 14.11  44.913385  48.477865 27.151
 41    -7.586 53654.31906990 14.72  44.912035  48.474625 27.151
 41    -7.091 53654.31907054 14.28  44.910685  48.471385 27.151
 42   -11.133 53689.31906441 18.35  44.909006  48.482847 22.890
 42   -12.794 53689.31906505 20.16  44.907656  48.479607 22.890
 42   -12.579 53689.31906570 17.70  44.906296  48.476367 22.890
 42   -12.431 53689.31906634 27.88  44.904946  48.473127 22.890
 43   -12.178 53724.31898893 54.75  44.907899  48.482970 34.515
 43   -12.206 53724.31898957 53.84  44.906549  48.479730 34.515
 43   -12.074 53724.31899022 52.83  44.905199  48.476490 34.515
 43   -12.202 53724.31899086 53.29  44.903859  48.473250 34.515
 44    -9.933 53759.31893071 27.23  44.924837  48.479297  5.924
 44    -9.893 53759.31893136 27.40  44.923487  48.476057  5.924
 44    -9.901 53759.31893200 26.51  44.922137  48.472817  5.924
 45   -11.788 53794.31894982 18.25  44.913942  48.483142  6.058
 45   -11.365 53794.31895046 14.66  44.912582  48.479902  6.058
 45   -11.712 53794.31895111 17.17  44.911232  48.476662  6.058
 45   -11.651 53794.31895175 15.12  44.909882  48.473422  6.058
 46    -9.955 53829.31892469 24.72  44.923505  48.480999 25.557
 46   -10.031 53829.31892534 21.12  44.922155  48.477759 25.557
 46   -10.885 53829.31892598 21.44  44.920805  48.474519 25.557
 46    -8.175 53829.31892663 16.91  44.919455  48.471279 25.557
 47    -7.559 53864.31900473 46.60  44.914043  48.482951 25.673
 47    -7.445 53864.31900538 40.73  44.912693  48.479711 25.673
 47    -7.690 53864.31900602 36.52  44.911333  48.476471 25.673
 47    -7.932 53864.31900667 35.98  44.909983  48.473231 25.673
 48   -10.485 53899.31903001 40.27  44.914001  48.482097 24.629
 48   -10.544 53899.31903066 40.46  44.912651  48.478857 24.629
 48   -10.633 53899.31903130 42.40  44.911301  48.475617 24.629
 48   -10.476 53899.31903195 46.86  44.909951  48.472377 24.629
 49   -12.273 53934.31907382 42.35  44.903682  48.484638 22.321
 49   -12.209 53934.31907446 45.58  44.902332  48.481398 22.321
 49   -12.321 53934.31907511 45.53  44.900972  48.478158 22.321
 49   -12.265 53934.31907575 40.06  44.899622  48.474918 22.321
 49   -12.233 53934.31907640 43.81  44.898272  48.471678 22.321
 50   -12.476 53969.31904433 41.92  44.906079  48.485249 26.093
 50   -12.536 53969.31904497 41.65  44.904719  48.482009 26.093
 50   -12.485 53969.31904562 46.44  44.903379  48.478769 26.093
 50   -12.461 53969.31904626 48.71  44.902019  48.475529 26.093
 50   -12.455 53969.31904691 49.07  44.900669  48.472289 26.093
 51   -10.383 54004.31901811 19.41  44.922239  48.478824 23.155
 51   -10.693 54004.31901876 15.11  44.920879  48.475584 23.155
 51   -11.716 54004.31901940 13.25  44.919529  48.472344 23.155
 52   -12.623 54039.31905102 26.77  44.918387  48.479997 25.032
 52   -12.761 54039.31905166 29.14  44.917037  48.476757 25.032
 52   -12.555 54039.31905230 28.13  44.915677  48.473517 25.032
 53   -12.155 54074.31904550 37.37  44.912129  48.481682 28.812
 53   -12.140 54074.31904614 43.80  44.910779  48.478442 28.812
 53   -12.006 54074.31904679 45.41  44.909429  48.475202 28.812
 53   -11.960 54074.31904743 50.89  44.908079  48.471962 28.812
 54   -11.743 54109.31899017 31.02  44.904732  48.485831 24.715
 54   -12.190 54109.31899081 22.96  44.903382  48.482591 24.715
 54   -12.870 54109.31899146 23.62  44.902042  48.479351 24.715
 54   -13.358 54109.31899210 21.00  44.900692  48.476111 24.715
 54   -12.082 54109.31899275 18.43  44.899342  48.472871 24.715
 55   -10.736 54144.31898266 16.02  44.916603  48.482504 14.434
 55   -10.937 54144.31898331 17.82  44.915253  48.479264 14.434
 55   -13.584 54144.31898395 19.19  44.913893  48.476024 14.434
 55   -13.087 54144.31898460 19.18  44.912543  48.472784 14.434
 57    -5.850 54214.31899021 32.15  44.915207  48.483413 34.354
 57    -6.128 54214.31899085 35.10  44.913857  48.480173 34.354
 57    -5.868 54214.31899150 39.21  44.912507  48.476933 34.354
 57    -5.822 54214.31899214 42.80  44.911157  48.473693 34.354
 58    -7.694 54249.31901817 24.62  44.913520  48.481748 36.992
 58    -8.160 54249.31901882 21.94  44.912170  48.478508 36.992
 58    -7.912 54249.31901946 23.25  44.910820  48.475268 36.992
 58    -7.478 54249.31902011 28.28  44.909470  48.472028 36.992
 59    -9.193 54284.31902610 17.28  44.913028  48.482162 32.207
 59   -10.022 54284.31902675 17.27  44.911682  48.478918 21.634
 59   -10.709 54284.31902739 19.07  44.910322  48.475678 21.634
 59    -9.921 54284.31902804 18.16  44.908972  48.472438 21.634
 60   -10.104 54319.31902326 19.19  44.914213  48.483803 29.206
 60   -10.636 54319.31902390 19.35  44.912863  48.480563 29.206
 60   -11.549 54319.31902455 19.67  44.911509  48.477318 18.209
 60   -11.709 54319.31902519 19.25  44.910159  48.474078 18.209
 61   -10.580 54354.31898646 15.17  44.909639  48.485106 34.442
 61   -11.175 54354.31898710 14.26  44.908289  48.481866 34.442
 61   -11.773 54354.31898775 13.47  44.906939  48.478626 34.442
 61   -11.972 54354.31898839 12.60  44.905587  48.475378 17.445
 61   -11.542 54354.31898904 12.67  44.904237  48.472138 17.445
 62   -10.725 54389.31896411 11.81  44.914158  48.480866 26.354
 62   -11.331 54389.31896475 11.46  44.912808  48.477626 26.354
 62   -11.894 54389.31896540 11.98  44.911458  48.474386 26.354
 62   -12.181 54389.31896604 13.40  44.910098  48.471146 26.354
 63   -11.114 54424.31893693 17.05  44.910402  48.482900 18.717
 63   -11.847 54424.31893758 17.94  44.909052  48.479650 18.717
 63   -12.432 54424.31893822 17.24  44.907702  48.476410 18.717
 63   -12.433 54424.31893887 17.12  44.906352  48.473170 18.717
 64   -12.572 54459.31893900 41.49  44.918843  48.482576 14.964
 64   -12.519 54459.31893965 48.64  44.917493  48.479336 14.964
 64   -12.516 54459.31894029 51.57  44.916143  48.476096 14.964
 64   -12.550 54459.31894094 48.31  44.914793  48.472856 14.964
 65   -10.517 54494.31894143 32.43  44.911540  48.483729  7.868
 65   -10.496 54494.31894207 33.32  44.910190  48.480489  7.868
 65   -10.502 54494.31894272 32.00  44.908840  48.477249  7.868
 65   -10.470 54494.31894336 31.26  44.907490  48.473999  7.868
 66   -10.396 54529.31895209 17.33  44.917612  48.481477 15.658
 66    -9.328 54529.31895274 15.16  44.916262  48.478237 15.658
 66   -11.369 54529.31895338 17.81  44.914912  48.474997 15.658
 66    -7.616 54529.31895403 14.99  44.913562  48.471747 15.658
 67   -11.754 54564.31894801 17.50  44.908056  48.484888 33.213
 67   -12.626 54564.31894865 17.97  44.906709  48.481641 18.238
 67   -12.327 54564.31894930 13.76  44.905359  48.478401 18.238
 67   -12.286 54564.31894994 12.98  44.904009  48.475161 18.238
 67   -12.115 54564.31895059 12.16  44.902659  48.471921 18.238
 68    -7.184 54599.31894747 22.17  44.913332  48.481607 32.024
 68    -8.042 54599.31894811 22.84  44.911982  48.478367 32.024
 68    -7.824 54599.31894876 24.19  44.910632  48.475127 32.024
 68    -7.460 54599.31894940 28.67  44.909282  48.471887 32.024
 69   -12.348 54634.31896026 36.36  44.911689  48.482181 23.098
 69   -12.300 54634.31896091 42.61  44.910339  48.478941 23.098
 69   -12.266 54634.31896155 48.18  44.908989  48.475701 23.098
 69   -12.316 54634.31896220 46.16  44.907639  48.472461 23.098
 70   -10.207 54669.31896448 17.98  44.911564  48.484531 15.809
 70   -11.017 54669.31896513 19.50  44.910214  48.481291 15.809
 70   -11.775 54669.31896577 18.51  44.908864  48.478051 15.809
 70   -12.097 54669.31896642 19.02  44.907504  48.474811 15.809
 70   -12.230 54669.31896706 20.07  44.906154  48.471571 15.809
 71   -10.752 54704.31892816 21.28  44.910940  48.484410 30.924
 71   -11.274 54704.31892881 17.51  44.909590  48.481170 30.924
 71   -12.423 54704.31892945 19.07  44.908243  48.477923 13.031
 71   -12.369 54704.31893010 19.64  44.906893  48.474683 13.031
 71   -12.341 54704.31893074 19.98  44.905543  48.471443 13.031
 72   -12.318 54739.31892705 28.05  44.917333  48.483454 21.156
 72   -12.528 54739.31892769 20.76  44.915983  48.480214 21.156
 72   -12.464 54739.31892834 17.65  44.914633  48.476974 21.156
 72   -12.291 54739.31892898 22.83  44.913283  48.473734 21.156
 73   -11.537 54774.31890999 17.93  44.911455  48.482721 21.466
 73   -13.342 54774.31891064 21.03  44.910105  48.479481 21.466
 73   -12.535 54774.31891128 17.90  44.908755  48.476241 21.466
 73   -12.557 54774.31891193 17.43  44.907405  48.473001 21.466
 74   -11.260 54809.31892103 19.72  44.917293  48.480698 28.311
 74   -11.535 54809.31892168 22.60  44.915943  48.477458 28.311
 74   -11.391 54809.31892232 22.46  44.914593  48.474218 28.311
 74   -11.385 54809.31892297 33.16  44.913243  48.470978 28.311
 75    -9.717 54844.31890802 25.73  44.910850  48.482769 13.852
 75    -9.537 54844.31890867 28.68  44.909500  48.479529 13.852
 75    -9.390 54844.31890931 37.34  44.908150  48.476289 13.852
 75    -9.336 54844.31890996 39.49  44.906800  48.473049 13.852
 76    -9.904 54879.31892395 38.08  44.914391  48.484170 17.097
 76   -10.197 54879.31892460 33.76  44.913041  48.480930 17.097
 76   -10.405 54879.31892524 30.40  44.911691  48.477690 17.097
 76   -10.806 54879.31892589 28.10  44.910341  48.474440 17.097
 76   -11.637 54879.31892653 28.58  44.908991  48.471200 17.097
 77   -12.377 54914.31891159 39.59  44.907313  48.485971 17.464
 77   -12.157 54914.31891224 44.22  44.905964  48.482724 17.097
 77   -12.204 54914.31891288 45.57  44.904614  48.479484 17.097
 77   -12.277 54914.31891352 44.56  44.903264  48.476244 17.097
 77   -12.336 54914.31891417 42.33  44.901914  48.473004 17.097
 78    -6.495 54949.31891632 51.80  44.913080  48.481858 43.223
 78    -6.694 54949.31891696 52.82  44.911730  48.478618 43.223
 78    -6.599 54949.31891761 50.90  44.910380  48.475368 43.223
 78    -6.755 54949.31891825 48.55  44.909030  48.472128 43.223
 79    -8.399 54984.31894124 43.53  44.912365  48.483680 36.907
 79    -8.399 54984.31894188 46.75  44.911015  48.480440 36.907
 79    -8.499 54984.31894253 53.91  44.909665  48.477200 36.907
 79    -8.459 54984.31894317 52.35  44.908315  48.473960 36.907
 80    -9.783 55019.31893752 16.19  44.913530  48.482936 21.118
 80   -10.119 55019.31893817 13.85  44.912180  48.479696 21.118
 80   -10.820 55019.31893881 14.57  44.910830  48.476456 21.118
 80   -10.992 55019.31893946 18.33  44.909470  48.473216 21.118
 81   -12.707 55054.31893359 31.66  44.912329  48.482419 23.533
 81   -12.431 55054.31893424 33.97  44.910979  48.479179 23.533
 81   -12.230 55054.31893488 40.05  44.909629  48.475939 23.533
 81   -12.174 55054.31893553 41.24  44.908269  48.472699 23.533
 82   -12.815 55089.31889378 21.37  44.908198  48.485591 36.103
 82   -12.877 55089.31889442 22.41  44.906838  48.482351 36.103
 82   -13.212 55089.31889507 21.94  44.905493  48.479105 22.220
 82   -13.132 55089.31889571 20.16  44.904143  48.475865 22.220
 82   -14.313 55089.31889636 22.04  44.902793  48.472625 22.220
 83   -12.537 55124.31887106 49.32  44.916089  48.482094 26.922
 83   -12.573 55124.31887170 40.95  44.914739  48.478854 26.922
 83   -12.619 55124.31887235 33.35  44.913389  48.475614 26.922
 83   -12.435 55124.31887299 34.19  44.912039  48.472374 26.922
 84   -12.944 55159.31885526 23.89  44.909306  48.483509 30.159
 84   -12.719 55159.31885590 25.49  44.907955  48.480264 22.276
 84   -12.640 55159.31885654 25.54  44.906605  48.477024 22.276
 84   -12.544 55159.31885719 26.41  44.905255  48.473784 22.276
 85   -12.212 55194.31886070 33.24  44.918121  48.483082 10.826
 85   -12.492 55194.31886134 29.60  44.916771  48.479842 10.826
 85   -12.478 55194.31886199 28.49  44.915421  48.476602 10.826
 85   -12.188 55194.31886263 30.16  44.914071  48.473362 10.826
 86    -8.523 55229.31885744 20.83  44.908218  48.484335  6.949
 86    -8.487 55229.31885808 22.08  44.906868  48.481095  6.949
 86    -8.712 55229.31885873 22.65  44.905518  48.477855  6.949
 86    -8.687 55229.31885937 21.52  44.904168  48.474615  6.949
 86    -8.811 55229.31886002 21.40  44.902818  48.471375  6.949
 87    -9.987 55264.31885632 16.32  44.914760  48.482433  3.795
 87   -10.082 55264.31885697 18.60  44.913410  48.479193  3.795
 87    -9.991 55264.31885761 18.36  44.912060  48.475953  3.795
 87    -9.999 55264.31885826 18.27  44.910710  48.472713  3.795
 88   -10.892 55299.31883981 21.85  44.909582  48.484766 34.199
 88   -13.138 55299.31884045 23.12  44.908222  48.481526 34.199
 88   -12.948 55299.31884110 23.42  44.906876  48.478277 24.477
 88   -12.643 55299.31884174 24.87  44.905526  48.475037 24.477
 88   -12.444 55299.31884239 31.05  44.904176  48.471797 24.477
 89    -7.098 55334.31883361 29.04  44.910877  48.482838 27.891
 89    -7.330 55334.31883426 29.48  44.909517  48.479598 27.891
 89    -7.385 55334.31883490 29.60  44.908167  48.476358 27.891
 89    -7.413 55334.31883554 31.07  44.906817  48.473118 27.891
 90    -8.964 55369.31882479 17.34  44.912728  48.483474 18.429
 90    -9.668 55369.31882543 16.88  44.911368  48.480234 18.429
 90   -10.313 55369.31882608 17.21  44.910018  48.476994 18.429
 90   -10.834 55369.31882672 19.73  44.908668  48.473754 18.429
 91    -9.897 55404.31884186 15.00  44.916608  48.481031 24.487
 91   -10.559 55404.31884250 16.29  44.915258  48.477791 24.487
 91   -12.555 55404.31884314 22.19  44.913908  48.474551 24.487
 91   -12.444 55404.31884379 22.18  44.912558  48.471311 24.487
 92   -10.612 55439.31884264 22.58  44.913003  48.484822 34.053
 92   -11.117 55439.31884328 15.66  44.911649  48.481576 19.836
 92   -11.563 55439.31884393 12.98  44.910299  48.478336 19.836
 92   -12.099 55439.31884457 13.46  44.908949  48.475096 19.836
 92   -12.196 55439.31884522 14.56  44.907599  48.471856 19.836
 93   -11.671 55474.31878958 15.31  44.908252  48.483374 31.167
 93   -13.233 55474.31879023 16.80  44.906902  48.480134 31.167
 93   -13.030 55474.31879087 15.10  44.905550  48.476888 22.653
 93   -13.056 55474.31879152 15.90  44.904200  48.473648 22.653
