-307491.706   -16.714     0.00    0.86
-307116.392   -16.679     0.10    0.96
-306741.037   -16.862    -0.49    1.00
-306365.642   -16.932    -0.19    1.06
-305990.206   -16.951    -0.05    1.18
-305614.730   -17.000    -0.13    1.02
-305239.213   -16.950     0.13    0.96
-304863.656   -16.815     0.36    0.91
-304488.057   -16.780     0.09    0.95
-304112.418   -16.638     0.38    1.02
-303736.739   -16.508     0.35    0.97
-303361.019   -16.207     0.80    1.04
-302985.258   -15.860     0.92    0.95
-302609.456   -15.581     0.74    0.82
-302233.614   -15.397     0.49    0.88
-301857.731   -15.362     0.09    0.91
-301481.807   -15.204     0.42    0.92
-301105.842   -15.233    -0.08    0.95
-300729.836   -15.357    -0.33    0.94
-300353.790   -15.317     0.11    0.93
-299977.703   -15.373    -0.15    0.98
-299601.575   -15.518    -0.39    0.93
-299225.406   -15.417     0.27    0.96
-298849.197   -15.389     0.07    1.00
-298472.946   -15.316     0.19    1.02
-298096.655   -15.322    -0.02    1.24
-297720.322   -15.016     0.81    1.23
-297343.949   -14.534     1.28    1.23
-296967.535   -14.103     1.14    1.19
-296591.079   -13.841     0.70    1.12
-296214.583   -13.810     0.08    1.02
-295838.046   -13.915    -0.28    0.93
-295461.468   -14.241    -0.86    0.87
-295084.849   -14.525    -0.76    0.95
-294708.189   -14.649    -0.33    1.03
-294331.487   -15.150    -1.33    1.23
-293954.745   -15.356    -0.55    1.55
-293577.962   -15.339     0.04    1.47
-293201.137   -15.361    -0.06    1.35
-292824.272   -15.036     0.86    0.90
-292447.365   -14.825     0.56    0.98
-292070.417   -14.690     0.36    0.94
-291693.428   -14.617     0.19    0.92
-291316.398   -14.534     0.22    0.84
-290939.326   -14.593    -0.16    0.83
-290562.214   -14.645    -0.14    0.87
-290185.060   -14.696    -0.14    0.89
-289807.865   -14.508     0.50    0.90
-289430.629   -14.418     0.24    0.96
-289053.351   -14.397     0.06    0.92
-288676.033   -14.386     0.03    0.86
-288298.673   -14.633    -0.66    0.84
-287921.271   -14.603     0.08    0.90
-287543.829   -14.719    -0.31    0.86
-287166.345   -14.770    -0.14    0.97
-286788.819   -14.643     0.34    0.94
-286411.252   -14.544     0.26    0.96
-286033.644   -14.424     0.32    0.99
-285655.995   -14.467    -0.11    0.95
-285278.304   -14.379     0.23    0.97
-284900.572   -14.362     0.05    1.13
-284522.798   -14.164     0.52    1.17
-284144.983   -14.018     0.39    1.07
-283767.126   -14.133    -0.31    1.03
-283389.228   -14.158    -0.06    0.90
-283011.288   -14.276    -0.31    0.93
-282633.307   -14.397    -0.32    0.95
-282255.284   -14.281     0.31    1.01
-281877.220   -14.267     0.04    1.02
-281499.114   -14.429    -0.43    1.26
-281125.512   -14.475    -0.13    1.42
-280755.469   -14.448     0.07    1.26
-280385.386   -14.088     0.97    1.06
-280015.263   -13.915     0.47    0.97
-279645.100   -13.833     0.22    0.76
-279274.898   -13.776     0.16    0.77
-278904.656   -13.583     0.52    0.89
-278534.374   -13.367     0.58    1.01
-278164.053   -13.228     0.37    1.10
-277793.691   -13.155     0.20    1.31
-277423.290   -13.386    -0.62    1.35
-277052.849   -13.508    -0.33    1.25
-276682.369   -13.375     0.36    1.18
-276311.848   -13.361     0.04    1.10
-275941.287   -13.228     0.36    0.95
-275570.687   -13.052     0.48    1.08
-275200.047   -13.250    -0.53    1.13
-274829.367   -13.246     0.01    1.21
-274458.647   -13.143     0.28    1.15
-274087.887   -13.068     0.20    1.24
-273717.087   -13.017     0.14    1.33
-273346.247   -12.828     0.51    1.33
-272975.367   -12.729     0.27    1.31
-272604.447   -12.492     0.64    0.99
-272233.487   -12.414     0.21    1.01
-271862.487   -12.414     0.00    0.99
-271491.447   -12.197     0.58    1.22
-271120.367   -12.103     0.25    1.45
-270749.247   -12.051     0.14    1.51
-270378.087   -11.800     0.68    1.76
-270006.887   -11.900    -0.27    1.61
-269635.647   -12.018    -0.32    1.43
-269264.367   -11.934     0.22    1.40
-268893.046   -11.746     0.51    1.17
-268521.685   -11.707     0.10    1.15
-268150.284   -11.407     0.81    1.25
-267778.843   -11.254     0.41    1.27
-267407.362   -11.175     0.21    1.18
-267035.841   -10.948     0.61    1.25
-266664.279   -11.000    -0.14    1.26
-266292.677   -11.018    -0.05    1.20
-265921.035   -11.017     0.00    1.13
-265549.353   -11.127    -0.30    1.07
-265177.630   -11.034     0.25    1.03
-264805.867   -11.193    -0.43    1.09
-264434.064   -11.295    -0.27    1.04
-264062.220   -11.300    -0.01    0.98
-263690.336   -11.241     0.16    0.96
-263318.412   -11.183     0.16    0.89
-262946.447   -11.328    -0.39    0.91
-262574.442   -11.456    -0.35    0.89
-262202.397   -11.526    -0.19    0.85
-261830.311   -11.574    -0.13    1.07
-261458.185   -12.107    -1.43    1.26
-261086.018   -12.644    -1.44    1.36
-260713.811   -12.947    -0.81    1.33
-260341.563   -13.000    -0.14    1.27
-259969.275   -12.678     0.86    1.42
-259596.946   -12.417     0.70    1.57
-259224.577   -12.017     1.07    1.37
-258852.168   -11.982     0.09    1.39
-258479.717   -12.443    -1.24    1.49
-258107.227   -12.589    -0.39    1.37
-257734.695   -12.897    -0.82    1.31
-257362.123   -13.375    -1.28    1.10
-256989.511   -13.443    -0.18    1.12
-256616.858   -13.614    -0.46    0.92
-256244.164   -13.879    -0.71    0.53
-255871.429   -13.967    -0.24    0.36
-255498.654   -14.000    -0.09    0.00
-255125.838   -14.000     0.00    0.00
-254752.982   -13.881     0.32    0.46
-254380.085   -13.492     1.04    0.85
-254007.147   -13.052     1.18    1.00
-253634.168   -12.951     0.27    0.99
-253261.149   -12.589     0.97    1.19
-252888.089   -12.586     0.01    1.11
-252514.988   -12.458     0.34    1.18
-252141.846   -12.371     0.23    1.09
-251768.663   -12.103     0.72    1.05
-251395.440   -12.017     0.23    0.96
-251022.176   -11.839     0.48    1.01
-250648.871   -11.767     0.19    1.08
-250275.525   -11.552     0.58    1.14
-249902.138   -11.500     0.14    1.19
-249528.710   -11.407     0.25    1.10
-249155.242   -11.304     0.28    0.89
-248781.732   -11.197     0.29    0.81
-248408.181   -11.237    -0.11    0.92
-248034.590   -11.069     0.45    0.95
-247660.957   -10.780     0.77    1.04
-247287.284   -10.667     0.30    0.95
-246913.570   -10.483     0.49    0.90
-246539.814   -10.525    -0.11    0.94
-246166.017   -10.475     0.13    0.87
-245792.180   -10.351     0.33    0.90
-245418.301   -10.167     0.49    1.04
-245044.382    -9.750     1.11    1.08
-244670.421    -9.541     0.56    1.10
-244296.419    -9.429     0.30    1.01
-243922.376    -9.300     0.34    1.05
-243548.291    -9.311    -0.03    0.89
-243174.166    -9.246     0.18    0.89
-242800.000    -9.067     0.48    0.90
-242425.792    -9.000     0.18    0.92
-242051.543    -8.950     0.13    1.10
-241677.253    -8.789     0.43    1.13
-241302.921    -8.492     0.80    1.01
-240928.549    -8.203     0.77    1.00
-240554.135    -8.155     0.13    0.97
-240179.680    -7.898     0.69    0.92
-239805.183    -7.881     0.05    0.98
-239430.645    -7.828     0.14    1.13
-239056.066    -7.661     0.44    1.08
-238681.446    -7.590     0.19    1.05
-238306.784    -7.474     0.31    1.00
-237932.081    -7.367     0.29    0.96
-237557.336    -7.143     0.60    0.88
-237182.550    -6.845     0.80    1.01
-236807.723    -6.661     0.49    0.96
-236432.854    -6.356     0.81    0.80
-236057.944    -6.417    -0.16    0.83
-235682.992    -6.397     0.05    0.90
-235307.999    -6.213     0.49    0.97
-234932.964    -6.164     0.13    1.00
-234557.888    -5.898     0.71    1.11
-234182.770    -5.458     1.17    1.02
-233807.611    -5.270     0.50    1.05
-233432.410    -4.983     0.76    1.11
-233057.168    -4.847     0.36    1.08
-232681.884    -4.556     0.78    1.00
-232306.558    -4.441     0.31    0.82
-231931.191    -4.155     0.76    0.81
-231555.782    -4.018     0.37    0.80
-231180.332    -3.869     0.40    0.87
-230804.840    -3.789     0.21    0.80
-230429.306    -3.780     0.03    0.85
-230053.730    -3.869    -0.24    0.92
-229678.113    -3.983    -0.30    0.96
-229302.454    -3.810     0.46    1.08
-228926.754    -3.500     0.83    1.04
-228551.011    -3.150     0.93    1.04
-228175.227    -2.821     0.87    0.97
-227799.401    -2.548     0.73    0.84
-227423.533    -2.138     1.09    0.74
-227047.624    -1.948     0.50    0.87
-226671.672    -1.700     0.66    0.87
-226295.679    -1.305     1.05    0.90
-225919.644    -0.931     0.99    1.01
-225543.567    -0.500     1.15    0.92
-225167.448     0.016     1.37    0.87
-224791.287     0.333     0.84    0.87
-224415.084     0.638     0.81    0.89
-224038.840     0.966     0.87    0.93
-223662.553     1.417     1.20    1.05
-223286.224     1.569     0.40    1.03
-222909.854     1.817     0.66    0.98
-222533.441     2.242     1.13    0.95
-222156.986     2.586     0.91    0.96
-221780.490     3.100     1.36    1.00
-221403.951     3.518     1.11    0.85
-221027.370     3.746     0.61    0.84
-220650.747     4.034     0.77    0.84
-220274.082     4.051     0.04    1.01
-219897.375     4.317     0.71    1.08
-219520.626     4.914     1.58    1.17
-219143.835     5.590     1.79    1.27
-218767.001     6.222     1.68    1.09
-218390.126     6.932     1.88    1.22
-218013.208     7.661     1.93    1.21
-217636.248     8.194     1.41    1.11
-217259.245     8.915     1.91    1.04
-216882.201     9.491     1.53    1.10
-216505.114    10.258     2.03    1.32
-216127.985    11.071     2.16    1.28
-215750.813    11.881     2.15    1.44
-215373.600    12.932     2.79    1.56
-214996.344    14.190     3.33    1.90
-214619.045    15.627     3.81    2.01
-214241.705    16.864     3.28    2.00
-213864.322    18.111     3.30    1.94
-213486.896    19.069     2.54    1.93
-213109.428    20.133     2.82    1.79
-212731.918    21.464     3.52    1.54
-212354.366    22.677     3.21    1.83
-211976.770    24.421     4.62    2.61
-211599.133    26.717     6.08    3.52
-211221.453    30.127     9.03    4.12
-210843.730    33.034     7.69    3.48
-210465.965    35.917     7.63    3.30
-210088.158    38.481     6.79    3.12
-209710.308    41.787     8.75    4.63
-209332.415    46.596    12.72    6.30
-208954.480    51.656    13.38    7.41
-208576.502    56.590    13.05    6.74
-208198.481    61.310    12.48    5.78
-207820.418    65.117    10.07    5.60
-207442.313    68.630     9.29    4.69
-207064.164    70.750     5.61    2.38
-206685.973    70.948     0.52    2.20
-206311.304    70.222    -1.94    2.28
-205941.383    68.424    -4.86    1.90
-205571.422    67.741    -1.84    1.74
-205201.420    67.033    -1.91    1.90
-204831.377    66.356    -1.83    2.05
-204461.293    65.085    -3.43    2.51
-204091.169    63.576    -4.07    2.69
-203721.004    61.410    -5.85    3.11
-203350.798    59.948    -3.95    2.72
-202980.552    59.644    -0.82    2.77
-202610.265    59.286    -0.97    2.96
-202239.936    58.590    -1.88    3.17
-201869.567    57.929    -1.79    3.32
-201499.157    57.164    -2.06    3.14
-201128.707    57.390     0.61    3.36
-200758.215    58.724     3.60    3.12
-200387.683    59.750     2.77    2.55
-200017.109    59.918     0.45    2.60
-199646.495    59.650    -0.72    2.31
-199275.839    59.328    -0.87    2.44
-198905.143    57.426    -5.13    4.51
-198534.406    54.729    -7.27    5.08
-198163.628    51.862    -7.73    3.83
-197792.808    51.448    -1.12    3.03
-197421.948    54.230     7.50    4.65
-197051.047    56.983     7.42    4.27
-196680.104    57.767     2.11    3.30
-196309.121    56.929    -2.26    3.69
-195938.096    56.279    -1.75    3.32
-195567.031    56.632     0.95    3.91
-195195.924    58.900     6.11    4.14
-194824.776    60.639     4.69    2.94
-194453.587    59.763    -2.36    3.51
-194082.357    56.759    -8.09    4.67
-193711.086    53.567    -8.60    4.31
-193339.773    50.393    -8.54    2.69
-192968.420    49.017    -3.71    1.95
-192597.025    47.820    -3.22    1.82
-192225.589    47.500    -0.86    2.26
-191854.111    47.483    -0.04    2.58
-191482.593    47.983     1.34    2.81
-191111.033    48.623     1.72    2.70
-190739.431    50.017     3.75    2.74
-190367.789    52.949     7.89    4.20
-189996.105    56.100     8.48    4.56
-189624.380    58.288     5.89    3.26
-189252.613    58.569     0.76    2.51
-188880.805    56.717    -4.98    3.06
-188508.956    54.419    -6.18    2.87
-188137.065    53.203    -3.27    2.36
-187765.133    53.617     1.11    2.83
-187393.160    54.019     1.08    3.02
-187021.145    53.049    -2.61    3.47
-186649.088    52.310    -1.99    3.20
-186276.990    51.839    -1.27    2.71
-185904.851    51.746    -0.25    3.44
-185532.670    52.746     2.69    4.07
-185160.447    53.623     2.36    3.95
-184788.183    54.049     1.14    3.29
-184415.878    55.508     3.92    3.53
-184043.531    57.517     5.39    3.68
-183671.142    59.806     6.15    3.52
-183298.712    61.772     5.28    3.32
-182926.240    63.817     5.49    3.24
-182553.726    65.947     5.72    2.61
-182181.171    67.869     5.16    2.96
-181808.574    69.254     3.72    2.47
-181435.936    69.797     1.46    2.67
-181063.255    69.623    -0.47    3.29
-180690.533    69.067    -1.49    3.19
-180317.770    68.034    -2.77    3.15
-179944.964    67.533    -1.34    3.20
-179572.117    67.226    -0.82    2.58
-179199.228    67.288     0.17    2.17
-178826.297    66.650    -1.71    2.29
-178453.325    64.852    -4.82    2.57
-178080.311    63.131    -4.61    3.38
-177707.254    60.828    -6.17    4.29
-177334.156    58.226    -6.97    4.95
-176961.016    55.220    -8.05    4.72
-176587.835    52.898    -6.22    3.35
-176214.611    51.203    -4.54    1.98
-175841.345    50.885    -0.85    2.09
-175468.038    51.066     0.48    2.52
-175094.689    51.542     1.28    3.09
-174721.297    52.934     3.73    3.86
-174347.864    54.482     4.14    3.57
-173974.388    53.525    -2.56    3.98
-173600.871    51.966    -4.17    4.31
-173227.312    50.397    -4.20    3.37
-172853.710    50.283    -0.30    2.89
-172480.067    51.559     3.41    3.47
-172106.381    52.774     3.25    3.35
-171732.653    52.550    -0.60    3.20
-171358.884    51.881    -1.79    3.06
-170985.072    51.404    -1.28    3.00
-170611.218    51.508     0.28    2.86
-170237.322    50.845    -1.77    3.60
-169863.383    49.317    -4.09    4.03
-169489.403    47.525    -4.79    3.99
-169115.380    46.133    -3.72    4.06
-168741.315    44.241    -5.06    3.70
-168367.208    42.814    -3.82    3.04
-167993.059    41.873    -2.51    2.87
-167618.867    41.000    -2.33    2.86
-167244.634    39.950    -2.81    2.48
-166870.357    39.036    -2.44    2.18
-166496.039    38.371    -1.78    2.00
-166121.678    37.793    -1.54    1.24
-165747.275    37.361    -1.15    1.41
-165372.830    37.050    -0.83    1.42
-164998.342    37.203     0.41    1.49
-164623.811    37.433     0.61    1.54
-164249.239    37.600     0.44    1.65
-163874.624    38.066     1.24    1.57
-163499.966    38.500     1.16    2.02
-163125.266    39.082     1.55    2.61
-162750.524    39.464     1.02    2.35
-162375.739    40.695     3.28    3.24
-162000.912    43.542     7.60    5.12
-161626.042    47.710    11.11    6.54
-161251.129    52.933    13.93    6.20
-160876.175    55.983     8.13    4.37
-160501.177    56.194     0.56    4.60
-160126.137    54.293    -5.07    5.95
-159751.054    50.246   -10.79    6.46
-159375.929    46.293   -10.54    6.43
-159000.761    42.541   -10.00    6.27
-158625.551    39.441    -8.26    4.07
-158250.297    38.814    -1.67    2.43
-157875.001    39.508     1.85    3.45
-157499.663    41.339     4.88    4.34
-157124.282    42.983     4.38    4.49
-156748.858    44.542     4.15    4.16
-156373.391    45.607     2.83    3.93
-155997.881    46.638     2.75    4.01
-155622.329    47.367     1.94    3.68
-155246.734    48.390     2.72    4.19
-154871.096    49.081     1.84    4.48
-154495.416    49.169     0.24    4.65
-154119.692    49.417     0.66    4.68
-153743.926    50.556     3.03    4.83
-153368.117    52.237     4.47    6.27
-152992.265    55.869     9.66    8.06
-152616.370    61.263    14.35    7.80
-152240.432    66.500    13.93    6.44
-151864.451    70.288    10.07    3.94
-151488.427    72.283     5.31    2.46
-151112.360    73.590     3.47    2.02
-150736.251    74.283     1.84    1.65
-150360.098    74.983     1.86    1.20
-149983.902    75.655     1.79    1.40
-149607.664    76.541     2.35    1.88
-149231.382    77.483     2.50    2.21
-148855.057    78.295     2.16    2.31
-148478.689    79.410     2.96    2.28
-148102.278    79.917     1.35    2.02
-147725.824    79.814    -0.27    2.27
-147349.327    77.667    -5.70    4.92
-146972.786    73.387   -11.36    7.27
-146596.203    68.086   -14.07    8.20
-146219.576    63.467   -12.26    7.44
-145842.906    61.071    -6.36    5.96
-145466.193    62.508     3.81    6.87
-145089.437    67.119    12.24    7.76
-144712.637    72.424    14.08    5.90
-144335.794    75.889     9.19    4.59
-143958.908    77.949     5.47    2.99
-143581.979    79.300     3.58    1.61
-143205.006    80.411     2.95    1.47
-142827.990    81.419     2.67    1.64
-142450.930    82.559     3.02    1.59
-142073.828    83.443     2.34    1.58
-141696.682    83.918     1.26    1.55
-141319.492    83.650    -0.71    1.96
-140942.259    82.915    -1.95    3.00
-140564.983    80.589    -6.16    4.93
-140187.663    78.541    -5.43    5.84
-139810.300    75.373    -8.39    7.28
-139432.893    72.180    -8.46    8.16
-139055.443    68.279   -10.34    8.41
-138677.949    66.557    -4.56    8.65
-138300.412    66.119    -1.16    9.67
-137922.831    64.831    -3.41   10.17
-137545.207    61.984    -7.54    9.08
-137167.539    59.793    -5.80    7.23
-136789.828    59.016    -2.06    6.01
-136412.073    61.344     6.16    8.02
-136034.274    64.800     9.15   10.52
-135656.432    69.051    11.25   10.14
-135278.546    71.933     7.63    9.18
-134900.616    70.871    -2.81    9.02
-134522.643    69.310    -4.13    8.27
-134144.626    68.426    -2.34    7.41
-133766.565    69.050     1.65    7.71
-133388.461    70.733     4.45    8.50
-133010.312    70.847     0.30    8.80
-132632.120    70.483    -0.96    8.16
-132253.885    68.468    -5.33    6.75
-131875.605    66.414    -5.43    4.31
-131499.739    67.410     2.65    4.68
-131129.945    69.357     5.27    5.88
-130760.110    73.242    10.50    7.10
-130390.234    78.350    13.81    5.98
-130020.315    82.000     9.87    4.11
-129650.355    84.492     6.73    2.06
-129280.353    84.817     0.88    2.51
-128910.309    84.525    -0.79    2.72
-128540.224    84.475    -0.13    2.64
-128170.096    85.081     1.64    2.36
-127799.927    86.051     2.62    2.18
-127429.716    87.083     2.79    1.62
-127059.463    86.738    -0.93    2.38
-126689.168    85.443    -3.50    3.41
-126318.831    84.483    -2.59    2.95
-125948.453    84.131    -0.95    2.46
-125578.032    84.643     1.38    2.28
-125207.569    85.574     2.51    2.40
-124837.065    86.814     3.35    1.98
-124466.518    87.952     3.07    1.82
-124095.930    89.169     3.29    2.08
-123725.299    90.933     4.76    2.60
-123354.626    92.700     4.77    2.63
-122983.912    94.565     5.03    2.42
-122613.155    95.717     3.11    1.69
-122242.356    95.617    -0.27    2.15
-121871.515    94.778    -2.26    2.64
-121500.632    93.933    -2.28    2.60
-121129.707    93.517    -1.12    2.24
-120758.740    93.983     1.26    2.15
-120387.731    94.885     2.43    2.61
-120016.679    96.448     4.21    2.68
-119645.585    98.082     4.40    2.45
-119274.449    99.310     3.31    1.81
-118903.271    99.306    -0.01    2.21
-118532.051    98.593    -1.92    2.79
-118160.788    97.683    -2.45    3.08
-117789.483    96.000    -4.53    3.35
-117418.136    94.672    -3.58    2.89
-117046.746    93.917    -2.03    2.13
-116675.314    94.117     0.54    1.76
-116303.840    95.365     3.36    2.27
-115932.324    96.271     2.44    2.43
-115560.765    97.600     3.58    2.44
-115189.164    99.036     3.86    2.31
-114817.520   100.115     2.90    2.76
-114445.834   100.931     2.20    3.11
-114074.105   101.661     1.96    3.00
-113702.334   101.803     0.38    2.96
-113330.521   101.367    -1.17    2.66
-112958.665   101.459     0.25    2.87
-112586.767   100.984    -1.28    3.01
-112214.826   100.484    -1.34    2.21
-111842.842   100.883     1.07    2.02
-111470.817   101.705     2.21    2.04
-111098.748   102.576     2.34    1.66
-110726.637   102.597     0.06    1.81
-110354.483   101.862    -1.97    2.43
-109982.287   100.754    -2.98    3.01
-109610.048    99.250    -4.04    4.20
-109237.767    97.885    -3.67    5.83
-108865.443    98.034     0.40    6.39
-108493.076    98.254     0.59    6.39
-108120.666    97.361    -2.40    7.04
-107748.214    95.167    -5.89    7.50
-107375.719    90.800   -11.72    8.74
-107003.181    84.885   -15.88   10.62
-106630.601    76.839   -21.59   11.75
-106257.978    73.246    -9.64   11.44
-105885.312    71.645    -4.29   11.88
-105512.603    72.161     1.38   12.61
-105139.851    71.803    -0.96   12.49
-104767.057    73.517     4.60   12.33
-104394.220    73.613     0.26   11.37
-104021.340    73.783     0.46   10.45
-103648.417    72.600    -3.17   10.21
-103275.451    69.754    -7.63   10.64
-102902.442    65.508   -11.38   11.37
-102529.390    60.367   -13.78   10.79
-102156.296    56.467   -10.45    9.78
-101783.158    52.548   -10.50    8.48
-101409.977    49.036    -9.41    7.77
-101036.754    43.295   -15.38    8.31
-100663.487    38.207   -13.63    7.97
-100290.178    33.677   -12.13    6.21
 -99916.825    29.933   -10.03    3.41
 -99543.429    28.467    -3.93    2.45
 -99169.990    27.639    -2.22    2.13
 -98796.509    27.262    -1.01    2.07
 -98422.984    26.183    -2.89    2.38
 -98049.415    25.131    -2.82    2.97
 -97675.804    23.677    -3.89    2.83
 -97302.150    22.696    -2.63    2.95
 -96928.452    22.410    -0.77    2.87
 -96554.711    22.466     0.15    2.30
 -96180.927    22.419    -0.12    2.15
 -95807.100    21.733    -1.83    2.39
 -95433.230    21.200    -1.43    2.22
 -95059.316    20.656    -1.46    2.31
 -94685.359    20.197    -1.23    2.19
 -94311.359    19.833    -0.97    2.26
 -93937.315    19.098    -1.96    2.00
 -93563.228    18.177    -2.46    2.08
 -93189.098    17.089    -2.91    1.88
 -92814.925    15.623    -3.92    2.15
 -92440.708    14.217    -3.76    2.12
 -92066.447    12.984    -3.29    2.29
 -91692.144    11.617    -3.65    2.26
 -91317.796    10.541    -2.87    1.97
 -90943.406     9.525    -2.71    2.13
 -90568.972     8.475    -2.80    1.77
 -90194.494     7.629    -2.26    1.43
 -89819.973     6.984    -1.72    1.28
 -89445.409     6.581    -1.08    1.39
 -89070.801     6.232    -0.93    1.21
 -88696.149     5.852    -1.01    1.29
 -88321.454     5.467    -1.03    1.36
 -87946.715     4.889    -1.54    1.27
 -87571.933     3.984    -2.42    1.35
 -87197.107     3.295    -1.84    1.63
 -86822.238     3.016    -0.74    1.61
 -86447.325     2.633    -1.02    1.62
 -86072.368     2.581    -0.14    1.59
 -85697.367     2.500    -0.22    2.01
 -85322.323     2.581     0.22    2.14
 -84947.235     2.483    -0.26    1.78
 -84572.104     2.177    -0.81    1.62
 -84196.929     1.839    -0.90    1.96
 -83821.710     1.323    -1.38    2.12
 -83446.447     2.871     4.13    5.32
 -83071.140     5.898     8.07    8.17
 -82695.790     8.306     6.42    9.24
 -82320.395    13.316    13.34   11.03
 -81944.957    17.918    12.26   12.42
 -81569.475    22.627    12.54   12.23
 -81193.950    26.032     9.07   10.60
 -80818.380    29.852    10.17    9.10
 -80442.766    30.194     0.91    9.42
 -80067.109    29.683    -1.36    8.60
 -79691.407    29.717     0.09    6.45
 -79315.662    31.823     5.60    6.22
 -78939.873    37.345    14.69    7.84
 -78564.039    44.774    19.77   10.91
 -78188.162    54.466    25.78   13.03
 -77812.241    64.355    26.30   13.87
 -77436.275    75.267    29.02   12.53
 -77060.266    82.000    17.91    8.96
 -76684.212    86.065    10.81    4.26
 -76308.114    86.150     0.23    3.70
 -75931.973    84.733    -3.77    4.00
 -75555.787    82.466    -6.03    3.81
 -75179.557    80.934    -4.07    3.53
 -74803.283    79.661    -3.38    3.58
 -74426.964    78.017    -4.37    3.31
 -74050.602    76.533    -3.94    3.28
 -73674.195    74.984    -4.12    3.59
 -73297.744    72.750    -5.93    5.01
 -72921.249    70.339    -6.40    5.31
 -72544.709    68.242    -5.57    5.88
 -72168.125    66.246    -5.30    6.26
 -71791.497    64.841    -3.73    6.99
 -71414.825    64.717    -0.33    7.18
 -71038.108    65.143     1.13    7.41
 -70661.347    65.467     0.86    6.83
 -70284.542    65.180    -0.76    5.96
 -69907.692    62.613    -6.81    5.99
 -69530.798    60.164    -6.50    5.24
 -69153.859    57.339    -7.49    4.77
 -68776.876    53.983    -8.90    5.38
 -68399.848    50.113   -10.26    6.44
 -68022.776    45.016   -13.52    5.60
 -67645.660    41.426    -9.52    5.48
 -67268.499    36.869   -12.08    5.41
 -66891.294    34.000    -7.61    4.46
 -66514.044    31.903    -5.56    3.81
 -66136.749    31.102    -2.12    3.85
 -65759.410    30.429    -1.78    4.15
 -65382.026    29.746    -1.81    4.63
 -65004.598    30.677     2.47    6.17
 -64627.125    32.770     5.54    8.61
 -64249.607    35.443     7.08    9.97
 -63872.045    36.762     3.49   10.31
 -63494.438    36.983     0.59   10.30
 -63116.786    36.532    -1.19   10.38
 -62739.090    34.914    -4.28   11.66
 -62361.349    35.902     2.61   12.60
 -61983.563    37.237     3.54   13.30
 -61605.733    40.164     7.75   12.15
 -61227.857    44.762    12.17   10.47
 -60849.937    47.770     7.96    9.21
 -60471.972    52.081    11.40    7.03
 -60093.963    54.517     6.45    4.94
 -59715.908    53.820    -1.85    4.15
 -59337.809    51.724    -5.54    4.31
 -58959.664    48.213    -9.28    4.02
 -58581.475    45.164    -8.06    3.64
 -58203.241    42.918    -5.94    3.17
 -57824.962    40.339    -6.82    3.25
 -57446.637    37.738    -6.87    3.38
 -57068.268    34.161    -9.45    4.55
 -56691.073    29.310   -12.86    6.16
 -56321.410    24.065   -14.19    6.56
 -55951.704    19.710   -11.78    5.21
 -55581.955    16.694    -8.16    3.46
 -55212.164    14.705    -5.38    2.06
 -54842.329    13.934    -2.08    1.82
 -54472.452    13.323    -1.65    1.97
 -54102.532    12.048    -3.45    2.48
 -53732.569    10.164    -5.09    3.21
 -53362.563     8.311    -5.01    3.06
 -52992.514     6.410    -5.14    2.61
 -52622.422     5.295    -3.01    2.05
 -52252.288     5.161    -0.36    1.91
 -51882.110     5.383     0.60    2.19
 -51511.890     5.919     1.45    2.11
 -51141.626     6.552     1.71    1.99
 -50771.320     8.016     3.96    2.16
 -50400.970     8.949     2.52    2.15
 -50030.578    10.468     4.10    2.39
 -49660.142    12.203     4.69    2.02
 -49289.663    14.016     4.89    2.65
 -48919.142    17.194     8.58    4.57
 -48548.577    21.306    11.10    6.47
 -48177.969    26.590    14.26    6.60
 -47807.318    30.839    11.46    6.75
 -47436.623    36.115    14.23    6.50
 -47065.886    40.783    12.59    6.16
 -46695.105    45.476    12.66    5.95
 -46324.282    49.492    10.83    4.91
 -45953.415    52.500     8.11    4.36
 -45582.504    55.052     6.88    3.96
 -45211.551    56.279     3.31    2.98
 -44840.554    56.810     1.43    2.24
 -44469.514    56.438    -1.00    2.47
 -44098.431    55.448    -2.67    2.45
 -43727.304    54.097    -3.64    3.73
 -43356.134    53.700    -1.07    4.32
 -42984.921    53.213    -1.31    5.33
 -42613.664    53.339     0.34    6.38
 -42242.364    52.613    -1.95    7.30
 -41871.021    51.590    -2.75    7.93
 -41499.634    49.867    -4.64    7.80
 -41128.204    47.603    -6.09    6.70
 -40756.730    45.949    -4.45    5.52
 -40385.213    44.597    -3.64    5.22
 -40013.652    43.915    -1.83    5.03
 -39642.048    42.311    -4.32    5.27
 -39270.400    40.362    -5.25    4.89
 -38898.709    38.484    -5.05    4.75
 -38526.975    36.847    -4.40    4.35
 -38155.196    35.905    -2.54    4.79
 -37783.374    34.500    -3.78    4.75
 -37411.509    33.754    -2.01    4.18
 -37039.600    32.905    -2.28    4.06
 -36667.647    32.557    -0.93    4.28
 -36295.651    33.115     1.50    4.68
 -35923.611    33.803     1.85    6.23
 -35551.527    34.968     3.13    8.02
 -35179.400    35.085     0.31    9.42
 -34807.229    34.016    -2.87    9.46
 -34435.014    33.100    -2.46    9.31
 -34062.755    30.952    -5.77    7.51
 -33690.453    29.814    -3.06    5.65
 -33318.107    28.806    -2.70    4.99
 -32945.717    28.344    -1.24    4.51
 -32573.283    26.667    -4.50    4.38
 -32200.806    25.435    -3.31    3.82
 -31828.284    25.597     0.43    4.05
 -31455.719    27.525     5.17    5.33
 -31083.110    31.129     9.67    6.04
 -30710.457    36.403    14.15    8.40
 -30337.760    41.934    14.84    8.24
 -29965.019    47.254    14.27    6.35
 -29592.234    50.579     8.92    3.55
 -29219.405    51.419     2.25    3.31
 -28846.533    51.574     0.41    3.56
 -28473.616    52.317     1.99    3.94
 -28100.655    52.934     1.65    4.81
 -27727.650    53.238     0.81    5.51
 -27354.601    54.377     3.05    5.27
 -26981.508    55.233     2.30    4.62
 -26608.371    56.651     3.80    3.93
 -26235.190    58.407     4.71    3.43
 -25861.965    60.476     5.54    3.02
 -25488.695    62.431     5.24    2.22
 -25115.382    64.180     4.69    2.07
 -24742.024    65.086     2.43    1.74
 -24368.622    65.067    -0.05    1.96
 -23995.176    64.333    -1.96    2.67
 -23621.686    62.762    -4.21    3.05
 -23248.151    61.721    -2.79    3.31
 -22874.573    61.548    -0.46    3.84
 -22500.949    63.238     4.52    4.37
 -22127.282    64.607     3.66    3.62
 -21753.570    64.935     0.88    3.07
 -21379.814    63.583    -3.62    4.65
 -21006.014    60.403    -8.51    6.12
 -20632.169    55.220   -13.86    7.39
 -20258.280    49.226   -16.03    7.83
 -19884.347    44.387   -12.94    6.75
 -19510.369    40.492   -10.41    5.53
 -19136.347    36.344   -11.09    4.77
 -18762.280    33.361    -7.98    4.25
 -18388.169    30.311    -8.15    3.26
 -18014.013    27.967    -6.27    2.46
 -17639.813    26.113    -4.96    1.89
 -17265.568    24.828    -3.43    1.49
 -16891.279    23.719    -2.96    1.74
 -16516.945    22.842    -2.34    1.52
 -16142.567    22.339    -1.34    1.37
 -15768.144    21.610    -1.95    1.25
 -15393.676    21.213    -1.06    1.33
 -15019.164    20.794    -1.12    1.48
 -14644.607    20.565    -0.61    1.36
 -14270.006    20.629     0.17    1.30
 -13895.360    20.852     0.60    1.14
 -13520.669    21.065     0.57    0.87
 -13145.933    21.086     0.06    1.06
 -12771.153    21.200     0.30    1.09
 -12396.328    21.180    -0.05    1.68
 -12021.458    18.419    -7.37    6.71
 -11646.544    13.500   -13.12    9.00
 -11271.585     9.016   -11.96    8.39
 -10896.580     4.820   -11.19    4.41
 -10521.532     3.516    -3.48    1.00
 -10146.438     3.839     0.86    1.01
  -9771.299     3.864     0.07    1.07
  -9396.116     3.985     0.32    1.11
  -9020.887     4.351     0.98    1.20
  -8645.614     4.355     0.01    1.17
  -8270.296     5.066     1.89    1.82
  -7894.932     5.082     0.04    1.81
  -7519.524     4.919    -0.43    1.37
  -7144.071     4.371    -1.46    1.68
  -6768.573     3.145    -3.26    2.25
  -6393.030     1.770    -3.66    1.97
  -6017.442     0.645    -3.00    1.17
  -5641.808     0.155    -1.30    0.56
  -5266.130     0.000    -0.41    0.00
  -4890.407     0.000     0.00    0.00
  -4514.638     0.000     0.00    0.00
  -4138.824     0.000     0.00    0.00
  -3762.966     0.000     0.00    0.00
  -3387.062     0.000     0.00    0.00
  -3011.112     0.000     0.00    0.00
  -2635.118     0.000     0.00    0.00
  -2259.079     0.000     0.00    0.00
  -1882.994     0.000     0.00    0.00
  -1506.864     0.000     0.00    0.00
  -1130.688     0.000     0.00    0.00
   -754.468     0.000     0.00    0.00
   -378.202     0.000     0.00    0.00
     -1.891     0.000     0.00    0.00
    374.466     0.000     0.00    0.00
    750.868     0.000     0.00    0.00
   1127.315     0.000     0.00    0.00
   1503.808     0.000     0.00    0.00
   1880.346     0.000     0.00    0.00
   2256.929     0.000     0.00    0.00
   2633.558     0.000     0.00    0.00
   3010.233     0.000     0.00    0.00
   3386.953     0.000     0.00    0.00
   3763.718     0.000     0.00    0.00
   4140.529     0.000     0.00    0.00
   4517.385     0.000     0.00    0.00
   4894.287     0.000     0.00    0.00
   5271.235     3.550     9.42   11.05
   5648.228    20.066    43.81   30.73
   6025.267    54.413    91.10   51.58
   6402.351    92.065    99.85   51.05
   6779.481   130.109   100.88   33.87
   7156.657   149.677    51.88   14.06
   7533.878   154.935    13.94    5.82
   7911.146   153.305    -4.32    7.23
   8288.458   148.781   -11.99    8.68
   8665.817   143.355   -14.38    8.54
   9043.221   136.190   -18.98    8.97
   9420.671   128.242   -21.06    9.68
   9798.167   121.100   -18.92   10.81
  10175.709   113.794   -19.35   10.86
  10553.296   105.724   -21.37    9.34
  10930.929    99.885   -15.46    7.21
  11308.609    95.833   -10.73    4.60
  11686.334    94.885    -2.51    4.69
  12064.105    97.387     6.62    4.78
  12441.921   102.115    12.51    7.37
  12819.784   109.581    19.76   10.21
  13197.693   115.452    15.54   12.31
  13575.648   118.339     7.64   13.36
  13953.648   118.552     0.56   19.17
  14331.695   113.903   -12.30   23.80
  14709.788   109.129   -12.63   25.81
  15087.926   105.762    -8.90   25.59
  15466.111   106.619     2.27   22.64
  15844.342   112.262    14.92   18.54
  16222.619   117.109    12.81   17.97
  16600.942   123.569    17.07   16.57
  16979.311   133.475    26.18   14.59
  17357.727   143.133    25.52    9.78
  17736.188   149.344    16.41   10.12
  18114.696   156.262    18.28   10.38
  18484.390   161.738    14.81   11.30
  18853.963   167.492    15.57   12.43
  19223.580   169.968     6.70   15.97
  19593.240   170.619     1.76   17.48
  19962.945   171.677     2.86   17.17
  20332.694   172.323     1.74   16.01
  20702.486   174.516     5.93   16.62
  21072.323   180.469    16.10   17.66
  21442.203   189.414    24.18   17.98
  21812.127   197.721    22.46   16.05
  22182.096   202.167    12.02   12.84
  22552.108   203.800     4.41   11.59
  22922.165   200.610    -8.62   16.64
  23292.265   191.581   -24.40   22.47
  23662.410   181.672   -26.77   23.63
  24032.599   172.387   -25.08   20.92
  24402.831   166.968   -14.64   16.14
  24773.108   167.565     1.61   11.90
  25143.429   173.145    15.07   12.38
  25513.795   184.333    30.21   18.39
  25884.204   199.540    41.05   19.76
  26254.658   211.726    32.90   16.15
  26625.155   216.000    11.54   11.40
  26995.697   212.452    -9.58   14.31
  27366.284   199.290   -35.52   20.21
  27736.914   184.738   -39.27   16.74
  28107.589   175.548   -24.79   10.52
  28478.308   174.433    -3.01   10.98
  28849.071   185.742    30.50   19.16
  29219.879   199.246    36.42   18.93
  29590.731   210.565    30.52   17.21
  29961.628   221.855    30.44   10.90
  30332.568   227.397    14.94    8.14
  30703.554   230.597     8.63    3.38
  31074.583   229.698    -2.42    3.70
  31445.657   223.667   -16.26   10.51
  31816.776   213.000   -28.74   15.71
  32187.939   199.841   -35.45   17.36
  32559.146   188.790   -29.77   16.24
  32930.398   179.578   -24.81   13.54
  33301.694   176.742    -7.64    9.56
  33673.035   177.532     2.13    9.57
  34044.421   184.300    18.22   12.40
  34415.851   194.508    27.48   15.72
  34787.326   205.533    29.68   17.18
  35158.845   219.500    37.59   20.54
  35530.409   235.246    42.38   16.09
  35902.018   243.031    20.95   10.66
  36273.671   243.762     1.97   10.08
  36645.369   232.905   -29.21   19.59
  37017.111   215.770   -46.09   22.58
  37388.899   201.381   -38.71   18.15
  37760.731   190.258   -29.91    8.52
  38132.607   187.344    -7.84    5.17
  38504.529   186.413    -2.50    4.15
  38876.495   185.983    -1.16    4.89
  39248.506   182.215   -10.13    9.41
  39620.562   175.672   -17.59   14.02
  39992.663   166.754   -23.97   18.51
  40364.809   153.424   -35.82   23.66
  40736.999   141.562   -31.87   23.57
  41109.234   131.869   -26.04   22.46
  41481.515   124.540   -19.69   19.43
  41853.840   115.710   -23.72   17.05
  42226.210   107.000   -23.39   15.25
  42598.625   103.339    -9.83   14.66
  42971.085   103.823     1.30   17.06
  43343.590   109.095    14.16   20.82
  43716.140   116.934    21.04   20.99
  44088.735   125.121    21.97   15.56
  44461.375   129.931    12.91    9.79
  44834.061   130.066     0.36    6.61
  45206.791   127.569    -6.70    6.11
  45579.566   121.242   -16.97   11.32
  45952.387   112.000   -24.79   15.15
  46325.252   105.238   -18.14   14.59
  46698.163   101.661    -9.59   14.35
  47071.119   100.492    -3.14   15.58
  47444.120   100.875     1.03   15.09
  47817.166   101.097     0.59   12.58
  48190.258    95.317   -15.49   14.14
  48563.395    85.532   -26.23   15.54
  48936.577    83.815    -4.60   16.93
  49309.804    88.500    12.55   26.80
  49683.077   107.177    50.04   38.21
  50056.395   127.919    55.56   34.34
  50429.758   141.031    35.12   23.24
  50803.166   144.435     9.12   10.96
  51176.620   137.937   -17.40   12.91
  51550.120   125.984   -32.00   16.46
  51923.664   114.562   -30.58   17.12
  52297.255   103.984   -28.32   13.96
  52670.890    96.286   -20.61    9.79
  53044.571    88.921   -19.71    7.79
  53418.298    83.017   -15.80    8.38
  53792.070    78.188   -12.92    9.56
  54165.887    73.542   -12.43    9.37
  54539.750    68.242   -14.18   11.22
  54913.659    63.710   -12.12   12.91
  55287.613    57.302   -17.14   16.50
  55661.613    48.145   -24.48   19.29
  56035.658    40.419   -20.66   18.85
  56409.749    31.175   -24.71   12.99
  56783.885    25.597   -14.91    5.97
  57158.068    27.597     5.35    7.59
  57532.296    32.885    14.13   10.09
  57906.569    38.219    14.25    8.91
  58280.888    41.950     9.97    4.41
  58655.253    40.921    -2.75    3.89
  59029.664    40.571    -0.93    3.59
  59404.121    42.719     5.73    5.08
  59778.623    46.270     9.48    5.61
  60153.171    49.047     7.41    4.99
  60527.765    51.841     7.46    3.92
  60902.405    54.065     5.93    4.65
  61277.090    59.641    14.88    7.72
  61651.822    65.967    16.88    9.78
  62026.599    73.492    20.08   10.10
  62401.422    79.475    15.96    8.65
  62776.291    83.734    11.36    9.34
  63151.206    86.758     8.07   10.17
  63526.168    91.460    12.54    9.70
  63901.175    95.787    11.54    9.83
  64276.228   100.081    11.45   10.15
  64651.327   106.317    16.63    9.46
  65026.472   111.492    13.79    9.02
  65401.663   116.919    14.47    7.59
  65776.900   121.417    11.99    6.18
  66152.183   125.576    11.08    6.39
  66527.513   130.484    13.08    6.63
  66902.888   135.937    14.53    7.28
  67278.310   142.065    16.32    6.83
  67653.778   146.906    12.90    6.62
  68029.292   152.355    14.51    6.17
  68404.852   156.710    11.60    5.50
  68780.459   160.905    11.17    4.46
  69156.111   164.207     8.79    3.43
  69531.810   165.806     4.26    3.65
  69907.555   167.155     3.59    4.15
  70283.347   168.048     2.38    4.27
  70659.185   169.613     4.17    4.44
  71035.069   171.698     5.55    5.90
  71410.999   176.312    12.27   10.37
  71786.976   184.210    21.01   15.66
  72162.999   194.063    26.21   19.37
  72539.069   198.145    10.85   20.63
  72915.185   194.742    -9.05   22.16
  73291.347   186.466   -22.01   22.09
  73667.556   174.238   -32.50   16.01
  74043.812   164.033   -27.12   10.56
  74420.114   157.000   -18.69    9.87
  74796.462   152.391   -12.25   10.30
  75172.857   151.145    -3.31   14.47
  75549.299   153.891     7.29   21.76
  75925.787   159.177    14.04   26.29
  76302.321   162.515     8.86   26.30
  76678.903   160.317    -5.84   23.12
  77055.530   157.468    -7.56   16.58
  77432.205   159.967     6.64   14.73
  77808.926   162.413     6.49   13.99
  78185.694   169.222    18.07   19.08
  78562.509   173.730    11.96   24.80
  78939.370   171.484    -5.96   22.23
  79316.278   166.887   -12.20   20.84
  79693.233   153.800   -34.72   19.61
  80070.234   142.133   -30.95   17.17
  80447.283   134.968   -19.01   12.40
  80824.378   134.387    -1.54   12.28
  81201.520   140.703    16.75   17.56
  81578.709   150.206    25.20   20.31
  81955.945   158.871    22.97   19.71
  82333.227   166.625    20.55   15.95
  82710.557   170.161     9.37    9.64
  83087.933   168.625    -4.07    8.04
  83465.357   165.483    -8.32    8.11
  83842.827   160.429   -13.39   10.92
  84220.344   152.730   -20.39   11.67
  84597.909   147.375   -14.18    9.51
  84975.520   143.810    -9.44    6.07
  85353.178   147.242     9.09    9.26
  85730.884   152.500    13.92    9.24
  86108.636   155.650     8.34    6.53
  86486.436   154.127    -4.03    6.00
  86864.283   149.607   -11.96    5.91
  87242.177   145.738   -10.24    6.13
  87620.118   142.812    -7.74    4.35
  87998.106   142.859     0.12    3.92
  88376.141   145.127     6.00    4.49
  88754.224   148.934    10.07    5.65
  89132.354   154.061    13.56    7.26
  89510.531   159.117    13.37    6.97
  89888.755   162.790     9.71    6.22
  90267.027   166.063     8.65    5.04
  90645.346   168.734     7.06    4.67
  91023.712   172.194     9.14    5.05
  91402.126   175.839     9.63    5.46
  91780.587   180.524    12.38    6.51
  92159.095   187.583    18.65    9.31
  92537.651   197.152    25.28   13.90
  92916.254   208.097    28.91   14.71
  93287.332   217.188    24.50   12.71
  93656.767   225.492    22.48    7.23
  94026.246   228.500     8.14    3.31
  94395.770   229.875     3.72    3.16
  94765.340   229.891     0.04    3.53
  95134.954   229.226    -1.80    3.53
  95504.614   228.381    -2.29    3.36
  95874.318   227.200    -3.19    2.94
  96244.068   226.175    -2.77    3.46
  96613.863   226.531     0.96    4.75
  96983.703   228.254     4.66    5.63
  97353.588   229.656     3.79    6.03
  97723.518   230.194     1.45    6.08
  98093.493   229.094    -2.97    6.41
  98463.513   227.467    -4.40    6.67
  98833.579   225.371    -5.66    6.57
  99203.690   222.100    -8.84    6.06
  99573.846   220.242    -5.02    6.14
  99944.048   219.016    -3.31    5.95
 100314.294   219.548     1.44    5.02
 100684.586   218.516    -2.79    4.04
 101054.923   218.569     0.14    2.40
 101425.306   219.016     1.21    2.14
 101795.734   220.159     3.09    2.29
 102166.207   221.484     3.58    1.92
 102536.726   221.714     0.62    2.20
 102907.290   221.600    -0.31    2.55
 103277.899   221.726     0.34    3.36
 103648.554   222.031     0.82    4.35
 104019.255   222.734     1.90    5.08
 104390.001   224.242     4.07    5.16
 104760.792   225.758     4.09    4.59
 105131.629   225.629    -0.35    3.73
 105502.511   225.733     0.28    3.64
 105873.439   227.485     4.72    4.49
 106244.413   230.317     7.63    5.12
 106615.432   233.581     8.80    5.27
 106986.496   234.918     3.60    4.75
 107357.607   233.578    -3.61    5.81
 107728.762   230.855    -7.34    6.57
 108099.964   226.531   -11.65    5.47
 108471.211   222.968    -9.60    3.23
 108842.504   220.968    -5.39    2.66
 109213.843   219.185    -4.80    2.71
 109585.227   217.524    -4.47    2.74
 109956.657   215.547    -5.32    1.86
 110328.133   214.571    -2.63    1.61
 110699.655   213.156    -3.81    2.00
 111071.222   211.903    -3.37    2.16
 111442.835   210.846    -2.84    1.82
 111814.495   209.933    -2.46    1.09
 112186.199   209.452    -1.30    1.43
 112557.950   208.717    -1.98    1.87
 112929.747   207.136    -4.25    2.69
 113301.590   204.887    -6.05    3.25
 113673.478   202.952    -5.20    3.86
 114045.413   200.667    -6.15    3.81
 114417.393   198.177    -6.69    4.44
 114789.419   194.156   -10.81    6.65
 115161.492   189.758   -11.82    8.09
 115533.610   184.219   -14.89    8.30
 115905.775   181.097    -8.39    9.54
 116277.985   181.470     1.00   13.04
 116650.242   182.750     3.44   17.69
 117022.545   186.607    10.36   22.52
 117394.893   188.683     5.58   25.43
 117767.288   186.134    -6.85   27.39
 118139.729   179.242   -18.51   29.16
 118512.217   174.063   -13.90   28.84
 118884.750   165.302   -23.52   25.52
 119257.330   160.141   -13.85   25.18
 119629.955   156.688    -9.27   25.43
 120002.627   152.750   -10.57   25.27
 120375.346   146.016   -18.07   21.78
 120748.110   139.710   -16.92   17.78
 121120.921   134.231   -14.70   15.28
 121493.778   128.161   -16.28    8.53
 121866.682   125.306    -7.66    7.00
 122239.632   123.117    -5.87    6.98
 122612.628   121.877    -3.32    7.28
 122985.671   121.267    -1.64    7.91
 123358.760   119.922    -3.60    8.11
 123731.895   118.333    -4.26    7.34
 124105.077   116.516    -4.87    5.12
 124478.306   115.015    -4.02    4.40
 124851.581   113.905    -2.98    3.52
 125224.902   112.578    -3.55    3.10
 125598.270   114.905     6.23    7.57
 125971.684   122.062    19.17   12.57
 126345.145   130.387    22.29   12.54
 126718.653   139.970    25.66    8.25
 127092.207   146.483    17.44    6.68
 127465.808   152.968    17.36    7.90
 127839.455   159.565    17.66    8.45
 128213.149   164.136    12.24    8.18
 128586.890   165.619     3.97    8.44
 128960.677   165.578    -0.11    8.78
 129334.511   165.683     0.28    8.35
 129708.392   167.188     4.03    7.92
 130082.320   169.484     6.14    7.39
 130456.294   173.317    10.25    6.46
 130830.315   176.683     9.00    4.81
 131204.383   178.333     4.41    4.75
 131578.498   179.088     2.02    3.63
 131952.659   179.317     0.61    2.57
 132326.868   177.565    -4.68    3.88
 132701.123   172.841   -12.62    7.39
 133075.425   169.531    -8.84    8.03
 133449.774   168.406    -3.01    8.08
 133824.170   169.516     2.96    8.83
 134198.613   172.469     7.89    8.52
 134573.103   174.790     6.20    7.44
 134947.640   177.508     7.26    4.94
 135322.224   179.600     5.59    2.81
 135696.855   180.594     2.65    3.35
 136071.533   182.917     6.20    5.04
 136446.258   187.047    11.02    6.02
 136821.030   191.258    11.24    4.58
 137195.849   192.594     3.56    4.16
 137570.716   193.435     2.25    5.66
 137945.629   192.161    -3.40    6.77
 138320.590   190.953    -3.22    6.49
 138695.598   190.290    -1.77    5.15
 139070.653   190.875     1.56    4.91
 139445.755   191.689     2.17    4.62
 139820.904   192.613     2.46    4.61
 140196.101   193.917     3.48    4.75
 140571.345   194.388     1.26    4.43
 140946.637   194.349    -0.10    3.68
 141321.975   193.921    -1.14    3.05
 141697.361   193.344    -1.54    2.73
 142072.795   193.438     0.25    2.89
 142448.275   194.078     1.71    3.11
 142823.803   194.852     2.06    2.78
 143199.379   195.937     2.89    2.31
 143575.002   196.258     0.86    1.92
 143950.672   196.529     0.72    1.89
 144326.390   197.161     1.68    2.26
 144702.155   198.094     2.48    2.92
 145077.968   198.063    -0.08    2.94
 145453.828   197.734    -0.88    3.01
 145829.736   197.161    -1.52    3.00
 146205.692   196.031    -3.01    3.87
 146581.695   192.841    -8.49    4.99
 146957.746   189.661    -8.46    5.35
 147333.844   186.030    -9.66    5.28
 147709.990   182.300    -9.92    4.28
 148086.183   179.391    -7.73    4.88
 148462.425   176.873    -6.69    5.09
 148838.713   174.677    -5.84    5.74
 149215.050   172.246    -6.46    7.00
 149591.435   168.446   -10.10    8.68
 149967.867   163.800   -12.34   10.72
 150344.347   158.885   -13.06   11.30
 150720.874   151.375   -19.95   13.00
 151097.450   141.883   -25.21   14.12
 151474.073   133.773   -21.54   13.39
 151850.745   128.349   -14.40    9.55
 152227.464   128.547     0.52   11.19
 152604.231   133.672    13.60   14.52
 152981.046   139.188    14.64   17.69
 153357.908   147.385    21.75   19.75
 153734.819   155.274    20.94   19.60
 154111.778   165.274    26.53   17.66
 154488.785   176.500    29.78   11.32
 154865.840   185.088    22.78   12.23
 155242.942   193.603    22.58   11.01
 155620.093   199.109    14.60    8.13
 155997.292   201.740     6.98    5.31
