# NaN NaN NaN ;Mean Elev.(m), Avg Gradient(m/km), RMS Gradient(m/km) - SRTM1     
#    4.083  -6.633  17.260 ;Mean Elev.(m), Avg Gradient(m/km), RMS Gradient(m/km) - ASTER GDEM
#    8.818  -6.306  18.468 ;Mean Elev.(m), Avg Gradient(m/km), RMS Gradient(m/km) - GMTED2010 
  8  45.658268  50.224349    14.073    14.405 38 52499.31863148 27.126
 11  45.652023  50.217108    14.417    14.633 37 52604.31863371 26.815
 12  45.673032  50.242297    15.444    15.454 40 52639.31860904 46.806
 13  45.640365  50.184566    18.595    18.210 14 52674.31861681  9.026
 14  45.651316  50.193278    16.435    16.498 10 52709.31862958  9.744
 16  45.677094  50.245821    14.524    14.844 41 52779.31858345 30.476
 17  45.672730  50.241035    14.766    14.812 40 52814.31866865 23.970
 18  45.674794  50.243477    15.042    15.082 40 52849.31872101 13.420
 19  45.656110  50.221174    14.973    15.075 38 52884.31876125 22.584
 20  45.657071  50.223388    15.686    15.083 38 52919.31871721 10.656
 22  45.667735  50.215813    14.604    14.605 20 52989.31869061 20.731
 23  45.672165  50.241247    15.146    15.148 39 53024.31866859 33.529
 24  45.663087  50.203484    15.079    15.072 11 53059.31867308 23.426
 25  45.639506  50.203965    16.868    17.336 34 53094.31871150 14.285
 26  45.669085  50.219261    14.779    14.797 21 53129.31867935 42.830
 28  45.666977  50.234748    15.101    15.203 39 53199.31874601 36.137
 29  45.676935  50.246725    11.658    11.676 41 53234.31871358 27.602
 30  45.680560  50.249780    15.008    14.999 42 53269.31867884 35.151
 31  45.657891  50.223744    15.561    15.029 38 53304.31874560 14.538
 32  45.657317  50.223032    13.221    13.656 38 53339.31871463 43.907
 33  45.653806  50.218976    14.899    14.889 38 53374.31864737 27.682
 34  45.675759  50.245146    15.013    15.010 40 53409.31868380 34.563
 35  45.645714  50.207619    16.390    16.283 34 53444.31867520 35.518
 36  45.659337  50.224925    15.117    14.613 39 53479.31874968 30.556
 37  45.663822  50.230560    15.187    15.355 39 53514.31875610 33.271
 38  45.649583  50.214727    16.929    16.084 37 53549.31877841 14.728
 39  45.661056  50.227171    14.887    14.886 39 53584.31873907 42.698
 40  45.641295  50.206341    15.572    14.956 34 53619.31870009 12.170
 41  45.670390  50.239084    15.477    15.107 39 53654.31871855 12.041
 42  45.656546  50.223071    15.621    15.089 38 53689.31871790 11.443
 43  45.652898  50.218415    15.134    15.143 37 53724.31864338 19.286
 45  45.674984  50.254118   103.775   113.123 25 53794.31859718  2.290
 46  45.658633  50.192066    21.351    20.979  4 53829.31858398 19.584
 47  45.666917  50.234491    16.194    15.422 39 53864.31865596 16.777
 48  45.667435  50.235288    14.950    14.440 38 53899.31868092 21.013
 49  45.644182  50.208736    13.504    13.138 36 53934.31873053 20.410
 50  45.647855  50.212570    12.946    12.881 36 53969.31870039 26.812
 51  45.660227  50.196391    15.257    15.250  8 54004.31867611 14.088
 52  45.678304  50.247673    14.730    14.824 41 54039.31869902 13.327
 53  45.663195  50.229997    15.373    15.038 39 54074.31869737 12.977
 54  45.644759  50.209998    15.446    15.452 36 54109.31864687 52.041
 55  45.673043  50.242109    15.162    15.163 40 54144.31863228 32.277
 57  45.669485  50.238209    14.610    14.779 39 54214.31864080 30.034
 58  45.666234  50.233338    14.954    14.768 39 54249.31866940 13.086
 59  45.664155  50.230478    14.260    15.164 39 54284.31867798 19.547
 60  45.665382  50.232131    14.042    14.556 39 54319.31867513 26.898
 61  45.654835  50.220559    17.840    17.927 37 54354.31864091 11.735
 62  45.668934  50.237265    15.002    15.021 38 54389.31861437 10.375
 63  45.657843  50.223154    14.964    14.758 38 54424.31859042 11.987
 64  45.677502  50.247024    15.198    15.204 41 54459.31858765 28.789
 65  45.659702  50.225580    15.155    15.160 39 54494.31859459 22.816
 66  45.675402  50.244314    15.228    15.220 40 54529.31860107 21.959
 67  45.651797  50.217117    15.051    14.628 37 54564.31860311 15.274
 68  45.665983  50.233183    15.183    15.006 39 54599.31859870 11.819
 69  45.661435  50.227250    14.614    14.626 39 54634.31861278 25.946
 70  45.659150  50.224796    12.914    12.859 38 54669.31861797 20.738
 71  45.658338  50.224709    15.951    15.086 38 54704.31858165 11.655
 72  45.673770  50.243027    15.618    14.946 40 54739.31857667 11.792
 73  45.660306  50.226179    16.155    15.025 38 54774.31856284 11.379
 74  45.675943  50.245152    14.759    14.968 41 54809.31856969 20.749
 75  45.659027  50.224639    15.138    15.137 39 54844.31856119 26.972
 76  45.651398  50.200074    31.961    26.820  9 54879.31858228 15.576
 77  45.649678  50.214937    15.338    15.179 37 54914.31856733 21.405
 78  45.665818  50.233451    15.335    15.341 39 54949.31856755 33.726
 79  45.662193  50.228759    13.866    14.153 39 54984.31859376 29.266
 80  45.664688  50.231255    15.097    14.908 39 55019.31858940 11.965
 81  45.661980  50.227566    14.808    14.791 39 55054.31858611 39.752
 82  45.651960  50.217783    15.150    14.972 37 55089.31854888 12.295
 83  45.671684  50.240051    14.706    14.794 39 55124.31852100 30.629
 84  45.655307  50.220536    15.482    14.969 38 55159.31850939 14.802
 85  45.676087  50.245902    14.871    14.872 40 55194.31850967 43.989
 86  45.652712  50.218095    14.585    14.574 38 55229.31851221 18.131
 87  45.645238  50.183842    41.347    27.958  6 55264.31851755  9.858
 88  45.654805  50.220251    15.909    15.260 37 55299.31849426 21.205
 89  45.659123  50.224716    14.490    14.929 39 55334.31848677 23.521
 90  45.662411  50.228558    14.430    14.316 39 55369.31847731 19.583
 91  45.674424  50.243908    14.519    14.596 40 55404.31849083 16.304
 92  45.661959  50.228330    14.213    14.335 38 55439.31849548 21.344
 93  45.653341  50.218787    13.748    14.172 37 55474.31844404 19.261
