-169271.839   131.557     0.00   18.61
-168893.617   127.716   -10.16   20.38
-168515.439   121.053   -17.62   23.09
-168137.306   116.308   -12.55   20.29
-167759.217   120.516    11.13   23.41
-167381.173   133.734    34.97   24.15
-167003.174   147.552    36.56   21.67
-166625.219   156.686    24.17   22.58
-166247.308   163.096    16.96   20.80
-165869.443   168.882    15.32   16.04
-165491.621   167.570    -3.47   16.13
-165113.844   157.009   -27.96   20.95
-164736.112   147.767   -24.47   18.58
-164358.424   145.723    -5.41   15.30
-163980.780   152.569    18.13   16.12
-163603.181   161.986    24.94   14.13
-163225.626   170.570    22.74   11.38
-162848.116   179.103    22.61   13.00
-162470.650   187.783    23.00   14.39
-162093.228   197.006    24.44   12.96
-161715.851   205.040    21.29   10.22
-161338.518   207.345     6.11    8.52
-160961.229   202.353   -13.23   12.47
-160583.985   195.490   -18.19   14.45
-160206.784   189.439   -16.05   13.64
-159829.628   185.636   -10.08   12.34
-159452.517   182.603    -8.04   12.24
-159075.449   180.399    -5.85   10.47
-158698.425   178.291    -5.59    7.95
-158321.446   177.964    -0.87    5.21
-157944.511   177.894    -0.19    4.09
-157567.620   174.685    -8.51    6.31
-157190.773   170.128   -12.10    8.36
-156813.970   163.786   -16.83    8.85
-156437.212   159.436   -11.55    9.55
-156060.497   158.232    -3.20   10.06
-155683.827   158.930     1.85    9.36
-155307.200   159.767     2.22    7.54
-154930.618   156.240    -9.37    9.54
-154554.079   148.942   -19.39   13.03
-154177.584   137.013   -31.69   16.08
-153801.134   126.373   -28.27   18.08
-153424.727   119.127   -19.25   19.31
-153048.365   115.619    -9.32   20.68
-152672.046   113.184    -6.47   20.20
-152295.771   109.430    -9.98   19.89
-151919.540    97.242   -32.40   22.15
-151543.353    80.806   -43.70   19.71
-151167.209    67.103   -36.44   17.68
-150791.110    52.931   -37.69   16.14
-150415.054    42.882   -26.73   12.42
-150039.042    36.568   -16.79    8.41
-149663.074    35.094    -3.92    9.04
-149287.150    35.964     2.31    9.89
-148911.269    40.930    13.21   12.79
-148535.432    48.506    20.16   15.59
-148159.639    52.179     9.77   16.42
-147783.890    51.842    -0.90   16.67
-147408.184    45.319   -17.36   17.49
-147032.522    33.486   -31.50   18.06
-146656.903    21.492   -31.94   17.08
-146281.329    13.535   -21.19   14.35
-145905.797     8.111   -14.44   11.09
-145530.310     3.654   -11.87    7.02
-145154.866     1.832    -4.85    3.37
-144779.465     1.484    -0.93    3.08
-144404.108     1.019    -1.24    2.76
-144028.795     0.103    -2.44    1.55
-143653.525     0.259     0.42    1.70
-143278.298     0.936     1.81    2.51
-142903.115     1.060     0.33    2.56
-142527.976     0.861    -0.53    2.47
-142152.880     0.374    -1.30    2.25
-141777.827    -0.381    -2.01    0.00
-141402.818    -0.364     0.05    0.13
-141027.852     0.889     3.34    2.96
-140652.930     2.436     4.13    3.94
-140278.051     3.236     2.13    3.99
-139903.215     3.423     0.50    3.89
-139528.423     2.554    -2.32    3.41
-139153.674     1.685    -2.32    2.87
-138778.968     1.353    -0.89    2.82
-138404.305     1.013    -0.91    2.59
-138029.686     0.847    -0.44    2.49
-137655.110     0.506    -0.91    2.06
-137280.577     0.907     1.07    2.92
-136906.088     2.191     3.43    3.88
-136531.642     2.769     1.55    3.81
-136157.238     3.819     2.80    3.98
-135782.878     4.410     1.58    4.22
-135408.561     2.919    -3.98    3.97
-135034.288     2.786    -0.36    4.39
-134660.057     2.740    -0.12    4.26
-134285.870     2.964     0.60    3.88
-133911.725     3.809     2.26    4.19
-133537.624     3.903     0.25    4.34
-133163.566     4.103     0.53    4.50
-132789.550     3.794    -0.83    4.27
-132415.578     3.455    -0.91    4.07
-132041.649     3.750     0.79    3.74
-131667.762     3.861     0.30    3.12
-131293.919     3.958     0.26    2.90
-130920.119     3.003    -2.56    2.98
-130546.361     2.447    -1.49    2.89
-130172.647     2.259    -0.50    3.56
-129798.975     1.723    -1.43    3.25
-129425.347     1.636    -0.23    3.06
-129051.761     1.536    -0.27    3.02
-128678.218     1.861     0.87    3.04
-128304.718     2.095     0.63    2.82
-127931.260     2.253     0.42    2.74
-127557.846     1.873    -1.02    2.46
-127184.474     1.924     0.14    2.38
-126811.145     1.750    -0.47    2.27
-126437.859     2.033     0.76    2.36
-126064.615     2.144     0.30    2.47
-125691.415     1.895    -0.67    2.59
-125318.257     1.924     0.08    3.13
-124945.141     1.719    -0.55    3.55
-124572.069     1.603    -0.31    3.73
-124199.039     1.103    -1.34    3.34
-123826.051     1.242     0.37    3.32
-123453.107     2.143     2.42    4.09
-123080.205     3.043     2.41    4.50
-122707.345     3.436     1.05    4.69
-122334.528     3.637     0.54    4.85
-121961.754     4.209     1.54    4.77
-121589.022     4.119    -0.24    4.19
-121216.333     4.453     0.89    3.08
-120843.686     4.924     1.27    2.39
-120471.082     4.200    -1.94    1.92
-120098.520     3.433    -2.06    2.10
-119726.000     4.209     2.08    2.98
-119353.524     5.652     3.87    3.41
-118981.089     6.936     3.45    2.93
-118608.697     8.094     3.11    1.74
-118236.348     8.602     1.37    2.39
-117864.040     8.980     1.01    2.78
-117491.775     8.809    -0.46    3.23
-117119.553     8.236    -1.54    3.42
-116747.373     7.198    -2.79    3.14
-116375.235     6.748    -1.21    2.77
-116003.139     6.179    -1.53    2.94
-115631.086     6.226     0.13    3.05
-115259.075     5.701    -1.41    3.34
-114887.107     4.521    -3.17    3.57
-114515.180     5.053     1.43    4.93
-114143.296     6.686     4.39    6.38
-113771.454     9.845     8.50    6.84
-113399.654    12.772     7.87    6.02
-113027.897    15.426     7.14    3.89
-112656.181    16.709     3.45    1.44
-112284.508    17.253     1.46    1.35
-111912.877    17.704     1.21    1.26
-111541.288    18.216     1.38    1.21
-111169.741    18.453     0.64    1.26
-110798.236    18.992     1.45    1.39
-110426.773    19.686     1.87    1.45
-110055.352    20.390     1.90    1.55
-109683.973    21.086     1.87    1.28
-109312.637    21.704     1.66    1.34
-108941.342    22.329     1.68    1.23
-108570.089    22.789     1.24    1.10
-108198.879    23.291     1.35    1.15
-107827.710    24.119     2.23    1.45
-107456.583    25.144     2.76    1.68
-107085.498    26.343     3.23    2.11
-106714.455    28.053     4.61    2.50
-106343.454    29.348     3.49    2.39
-105972.495    30.297     2.56    2.09
-105601.578    30.969     1.81    1.53
-105230.702    31.169     0.54    1.27
-104859.869    31.242     0.20    1.07
-104489.077    31.636     1.06    1.44
-104118.327    32.253     1.66    1.54
-103747.619    32.803     1.48    1.56
-103376.952    33.394     1.59    1.43
-103006.328    33.297    -0.26    1.36
-102635.745    33.486     0.51    1.24
-102265.204    33.941     1.23    1.01
-101894.704    34.046     0.28    0.94
-101524.246    34.119     0.20    0.97
-101153.830    34.039    -0.22    1.08
-100783.456    34.286     0.67    1.26
-100413.123    34.704     1.13    1.41
-100042.832    35.246     1.46    1.36
 -99672.582    36.127     2.38    1.92
 -99302.374    37.958     4.95    3.29
 -98932.208    39.823     5.04    3.73
 -98562.083    41.403     4.27    3.51
 -98192.000    42.341     2.53    3.30
 -97821.958    43.186     2.28    3.60
 -97451.958    44.568     3.74    4.28
 -97081.999    46.006     3.89    4.76
 -96708.413    47.637     4.36    4.59
 -96330.013    49.291     4.37    5.09
 -95951.657    52.188     7.66    5.40
 -95573.345    54.953     7.31    5.83
 -95195.076    57.669     7.18    5.06
 -94816.851    58.619     2.51    3.66
 -94438.669    56.410    -5.84    5.69
 -94060.531    52.395   -10.62    7.76
 -93682.436    48.095   -11.38    6.78
 -93304.384    45.549    -6.73    4.58
 -92926.376    46.055     1.34    3.70
 -92548.412    48.686     6.96    2.66
 -92170.491    50.484     4.76    2.90
 -91792.613    52.055     4.16    2.58
 -91414.779    53.535     3.92    2.28
 -91036.988    54.750     3.22    2.25
 -90659.240    55.568     2.16    3.07
 -90281.536    56.931     3.61    3.83
 -89903.875    58.145     3.21    4.14
 -89526.257    59.077     2.47    3.64
 -89148.683    59.523     1.18    3.71
 -88771.151    58.687    -2.21    3.67
 -88393.663    57.806    -2.33    3.66
 -88016.219    57.075    -1.94    3.86
 -87638.817    56.570    -1.34    3.82
 -87261.459    55.992    -1.53    3.63
 -86884.144    55.297    -1.84    3.06
 -86506.872    54.505    -2.10    2.64
 -86129.643    53.246    -3.34    2.34
 -85752.457    51.891    -3.60    2.08
 -85375.315    50.924    -2.56    1.92
 -84998.215    49.931    -2.64    1.82
 -84621.159    49.240    -1.83    1.83
 -84244.145    48.602    -1.69    1.63
 -83867.175    48.399    -0.54    1.54
 -83490.248    48.652     0.67    1.47
 -83113.363    48.653     0.00    1.41
 -82736.522    48.503    -0.40    1.61
 -82359.724    47.813    -1.83    1.90
 -81982.969    46.240    -4.18    2.57
 -81606.256    45.078    -3.08    2.65
 -81229.587    44.216    -2.29    2.73
 -80852.960    44.006    -0.56    2.90
 -80476.377    44.275     0.71    3.05
 -80099.836    44.053    -0.59    3.09
 -79723.338    44.096     0.11    2.84
 -79346.883    43.552    -1.45    2.50
 -78970.471    42.953    -1.59    2.40
 -78594.101    42.584    -0.98    2.51
 -78217.775    42.942     0.95    2.52
 -77841.491    44.171     3.27    1.84
 -77465.250    44.036    -0.36    1.81
 -77089.052    42.587    -3.85    2.87
 -76712.896    41.439    -3.05    3.17
 -76336.784    40.050    -3.69    2.96
 -75960.714    39.707    -0.91    2.86
 -75584.686    40.264     1.48    2.99
 -75208.701    41.673     3.75    2.38
 -74832.759    42.135     1.23    1.71
 -74456.860    42.077    -0.16    2.03
 -74081.003    41.450    -1.67    2.26
 -73705.189    40.783    -1.77    2.50
 -73329.417    40.652    -0.35    2.41
 -72953.689    41.750     2.92    2.32
 -72578.002    42.992     3.31    2.30
 -72202.358    44.144     3.07    1.71
 -71826.757    44.905     2.03    1.40
 -71451.198    45.229     0.86    1.23
 -71075.682    45.535     0.81    1.10
 -70700.208    45.556     0.06    1.03
 -70324.776    45.636     0.21    0.94
 -69949.388    45.671     0.09    0.94
 -69574.041    45.974     0.81    0.96
 -69198.737    46.154     0.48    0.96
 -68823.475    46.353     0.53    0.90
 -68448.256    46.447     0.25    0.90
 -68073.079    46.373    -0.20    0.99
 -67697.945    45.450    -2.46    1.75
 -67322.852    44.043    -3.75    2.29
 -66947.802    42.439    -4.28    2.49
 -66572.795    40.840    -4.27    2.09
 -66197.830    39.263    -4.20    1.90
 -65822.906    37.789    -3.93    2.28
 -65448.026    36.160    -4.34    2.53
 -65073.187    34.654    -4.02    2.58
 -64698.391    33.386    -3.38    2.11
 -64323.637    32.549    -2.23    2.13
 -63948.925    32.253    -0.79    2.46
 -63574.255    31.430    -2.20    2.74
 -63199.628    30.314    -2.98    3.61
 -62825.042    28.490    -4.87    4.19
 -62450.499    26.171    -6.19    4.11
 -62075.998    24.136    -5.43    2.76
 -61701.539    22.916    -3.26    1.82
 -61327.122    22.403    -1.37    1.47
 -60952.747    22.085    -0.85    1.38
 -60578.414    21.539    -1.46    1.64
 -60204.124    20.179    -3.63    2.51
 -59829.875    17.365    -7.52    5.47
 -59455.668    11.919   -14.55    8.46
 -59081.503     6.701   -13.95    8.15
 -58707.381     1.861   -12.94    5.11
 -58333.300    -0.347    -5.90    0.26
 -57959.261    -0.381    -0.09    0.00
 -57585.264    -0.381     0.00    0.00
 -57211.309    -0.381     0.00    0.00
 -56837.396    -0.381     0.00    0.00
 -56463.525    -0.381     0.00    0.00
 -56089.695    -0.381     0.00    0.00
 -55715.908    -0.381     0.00    0.00
 -55342.162    -0.381     0.00    0.00
 -54968.458    -0.381     0.00    0.00
 -54594.796    -0.381     0.00    0.00
 -54221.176    -0.381     0.00    0.00
 -53847.598    -0.381     0.00    0.00
 -53474.061    -0.381     0.00    0.00
 -53100.566    -0.381     0.00    0.00
 -52727.113    -0.381     0.00    0.00
 -52353.701    -0.381     0.00    0.00
 -51980.331    -0.381     0.00    0.00
 -51607.003    -0.381     0.00    0.00
 -51233.717    -0.381     0.00    0.00
 -50860.472    -0.381     0.00    0.00
 -50487.269    -0.381     0.00    0.00
 -50114.107    -0.381     0.00    0.00
 -49740.987    -0.381     0.00    0.00
 -49367.909    -0.381     0.00    0.00
 -48994.872    -0.381     0.00    0.00
 -48621.877     2.229     7.00    9.09
 -48248.923    11.009    23.54   21.62
 -47876.011    32.128    56.63   40.52
 -47503.140    59.891    74.46   50.34
 -47130.311    95.840    96.43   47.19
 -46757.523   125.753    80.25   34.56
 -46384.777   147.898    59.41   16.36
 -46012.072   153.671    15.49    3.19
 -45639.409   150.800    -7.71    5.44
 -45266.787   146.710   -10.98    6.41
 -44894.207   140.095   -17.76    8.95
 -44521.667   130.723   -25.16   12.74
 -44149.170   117.931   -34.34   18.17
 -43776.713   100.416   -47.03   19.63
 -43404.298    85.755   -39.37   17.94
 -43031.924    72.353   -35.99   11.86
 -42659.592    67.177   -13.90    7.88
 -42287.301    68.603     3.83   10.62
 -41915.051    73.636    13.52   12.96
 -41542.843    80.046    17.22   10.29
 -41170.675    84.869    12.96    6.88
 -40798.549    84.436    -1.16    6.78
 -40426.464    81.999    -6.55    7.88
 -40054.421    80.103    -5.09    9.05
 -39682.418    80.280     0.48   10.52
 -39310.457    81.550     3.41   10.97
 -38938.537    81.226    -0.87   10.08
 -38566.658    74.670   -17.63   15.99
 -38194.820    62.188   -33.57   22.68
 -37823.023    47.619   -39.19   24.03
 -37451.268    35.845   -31.67   17.71
 -37079.553    30.223   -15.13   11.70
 -36707.880    30.336     0.30   10.86
 -36336.247    32.471     5.75    7.98
 -35964.656    29.186    -8.84    8.03
 -35593.105    21.853   -19.74    8.36
 -35221.596    14.748   -19.12    9.88
 -34850.128     7.419   -19.73    8.24
 -34478.700     2.999   -11.90    5.71
 -34107.314     0.162    -7.64    2.14
 -33735.968    -0.381    -1.46    0.00
 -33364.664    -0.381     0.00    0.00
 -32993.400    -0.381     0.00    0.00
 -32622.178    -0.381     0.00    0.00
 -32250.996    -0.381     0.00    0.00
 -31879.855    -0.381     0.00    0.00
 -31508.755    -0.381     0.00    0.00
 -31137.696    -0.381     0.00    0.00
 -30766.677    -0.381     0.00    0.00
 -30395.700    -0.381     0.00    0.00
 -30024.763    -0.381     0.00    0.00
 -29653.867    -0.381     0.00    0.00
 -29283.011    -0.381     0.00    0.00
 -28912.197    -0.381     0.00    0.00
 -28541.423    -0.381     0.00    0.00
 -28170.690    -0.381     0.00    0.00
 -27799.998    -0.381     0.00    0.00
 -27429.346    -0.381     0.00    0.00
 -27058.735    -0.381     0.00    0.00
 -26688.165    -0.381     0.00    0.00
 -26317.635    -0.381     0.00    0.00
 -25947.146    -0.381     0.00    0.00
 -25576.698    -0.381     0.00    0.00
 -25206.290    -0.381     0.00    0.00
 -24835.923    -0.381     0.00    0.00
 -24465.596    -0.277     0.28    0.79
 -24095.310     0.270     1.48    1.92
 -23725.065     0.789     1.40    2.46
 -23354.860     1.447     1.78    2.80
 -22984.695     2.186     2.00    2.71
 -22614.571     2.772     1.58    2.37
 -22244.488     3.314     1.47    1.93
 -21871.614     3.704     1.05    1.83
 -21493.307     4.275     1.51    1.48
 -21115.043     4.585     0.82    1.46
 -20736.821     4.806     0.58    1.46
 -20358.641     4.518    -0.76    1.62
 -19980.504     4.486    -0.08    1.57
 -19602.409     4.775     0.76    1.62
 -19224.356     4.924     0.40    1.69
 -18846.346     5.062     0.36    1.58
 -18468.378     5.101     0.10    1.43
 -18090.452     7.453     6.22    7.87
 -17712.569    13.918    17.11   14.38
 -17334.728    20.326    16.96   16.04
 -16956.930    29.874    25.27   15.79
 -16579.173    37.213    19.43   12.60
 -16201.459    44.062    18.13    6.27
 -15823.787    47.405     8.85    5.90
 -15446.157    49.554     5.69    5.12
 -15068.569    50.882     3.52    4.26
 -14691.024    51.653     2.04    4.11
 -14313.521    51.975     0.85    4.66
 -13936.060    52.619     1.71    4.81
 -13558.641    53.878     3.33    4.54
 -13181.264    54.016     0.37    3.90
 -12803.929    52.423    -4.22    3.97
 -12426.636    50.181    -5.94    6.01
 -12049.386    46.050   -10.95    7.93
 -11672.177    43.382    -7.07    7.52
 -11295.011    41.924    -3.86    6.14
 -10917.886    42.188     0.70    4.31
 -10540.803    43.518     3.53    2.47
 -10163.763    44.259     1.97    1.92
  -9786.764    43.878    -1.01    2.06
  -9409.808    42.269    -4.27    2.60
  -9032.893    40.137    -5.66    2.77
  -8656.020    38.789    -3.58    2.49
  -8279.189    38.481    -0.82    2.37
  -7902.400    38.721     0.64    2.38
  -7525.653    38.570    -0.40    2.57
  -7148.948    37.251    -3.50    3.73
  -6772.285    34.975    -6.04    4.40
  -6395.663    33.869    -2.94    4.58
  -6019.083    34.912     2.77    5.38
  -5642.545    36.469     4.13    5.56
  -5266.049    38.423     5.19    4.45
  -4889.595    40.706     6.06    3.49
  -4513.182    42.154     3.85    3.62
  -4136.811    42.095    -0.16    3.68
  -3760.482    36.941   -13.70   12.13
  -3384.195    26.275   -28.35   19.06
  -3007.949    14.499   -31.30   18.52
  -2631.745     5.128   -24.91   12.08
  -2255.582    -0.381   -14.64    0.00
  -1879.462    -0.381     0.00    0.00
  -1503.382    -0.381     0.00    0.00
  -1127.345    -0.381     0.00    0.00
   -751.349    -0.381     0.00    0.00
   -375.394    -0.381     0.00    0.00
      0.518    -0.381     0.00    0.00
    376.390    -0.381     0.00    0.00
    752.219    -0.381     0.00    0.00
   1128.007    -0.381     0.00    0.00
   1503.754    -0.381     0.00    0.00
   1879.459    -0.381     0.00    0.00
   2255.123    -0.381     0.00    0.00
   2630.745    -0.381     0.00    0.00
   3006.326     3.479    10.28   14.33
   3381.866    19.734    43.28   34.23
   3757.364    44.654    66.36   43.91
   4132.820    71.964    72.74   40.19
   4508.235    96.701    65.89   19.98
   4883.609   103.585    18.34   10.44
   5258.942   104.654     2.85    9.57
   5634.233   104.780     0.33   13.31
   6009.482   119.587    39.46   25.71
   6384.691   137.601    48.01   31.80
   6759.858   156.078    49.25   29.66
   7134.984   169.992    37.09   19.58
   7510.069   168.619    -3.66   17.04
   7885.112   156.619   -32.00   18.43
   8260.114   145.179   -30.51   15.99
   8635.075   134.016   -29.77   11.89
   9009.995   126.119   -21.06    9.27
   9384.874   119.718   -17.08    9.27
   9759.711   115.602   -10.98    8.62
  10134.507   115.198    -1.08    8.06
  10509.262   116.568     3.66    8.42
  10883.976   118.486     5.12    6.40
  11258.649   116.430    -5.49    7.45
  11633.281   109.941   -17.32   10.97
  12007.872    99.490   -27.90   13.02
  12382.421    90.567   -23.82   12.22
  12756.930    84.436   -16.37    9.11
  13131.398    83.230    -3.22    9.12
  13505.824    84.553     3.53    9.20
  13880.210    83.481    -2.86    9.80
  14254.554    75.984   -20.03   14.35
  14628.858    62.246   -36.70   15.62
  15003.120    50.102   -32.45   13.90
  15377.342    42.903   -19.24    8.37
  15751.523    44.981     5.56   11.50
  16125.662    55.672    28.57   18.01
  16499.761    72.584    45.21   17.98
  16873.819    88.669    43.00   17.75
  17247.836   102.918    38.10   14.02
  17621.813   112.602    25.90   11.29
  17995.748   117.823    13.96    7.86
  18369.643   116.809    -2.71    9.03
  18743.497   109.999   -18.22   13.35
  19117.310   108.111    -5.05   15.45
  19491.082   112.958    12.97   18.93
  19864.813   120.585    20.41   18.06
  20238.504   126.554    15.97   10.50
  20612.154   122.637   -10.48   15.12
  20985.763   109.744   -34.51   19.19
  21359.332    94.757   -40.12   20.61
  21732.860    81.882   -34.47   18.19
  22106.347    67.654   -38.09   14.80
  22479.793    57.753   -26.51   13.27
  22853.199    46.857   -29.18   14.29
  23226.565    37.706   -24.51   14.89
  23599.889    27.789   -26.56   15.14
  23973.173    20.119   -20.55   11.94
  24346.417    16.670    -9.24    9.92
  24719.620    17.316     1.73   12.10
  25092.782    22.734    14.52   15.70
  25465.904    33.706    29.40   15.91
  25838.985    42.102    22.51   14.36
  26212.026    47.823    15.33   15.06
  26585.026    50.094     6.09   18.57
  26957.986    45.878   -11.30   21.84
  27330.905    38.533   -19.69   23.57
  27703.784    35.291    -8.69   21.27
  28076.622    36.584     3.47   26.86
  28449.420    45.687    24.42   35.00
  28822.178    54.823    24.51   37.39
  29194.895    48.619   -16.64   38.24
  29567.571    44.757   -10.36   40.94
  29940.208    38.984   -15.49   40.00
  30312.804    37.552    -3.85   41.91
  30685.360    37.361    -0.51   41.02
  31057.875    28.324   -24.26   37.11
  31430.350    23.111   -14.00   32.85
  31802.785    14.602   -22.85   24.52
  32175.179    12.219    -6.40   25.95
  32547.534     9.193    -8.13   21.64
  32919.848     3.994   -13.96   13.41
  33292.121     0.953    -8.17    4.59
  33664.355    -0.012    -2.59    1.61
  34036.548    -0.381    -0.99    0.00
  34408.701    -0.381     0.00    0.00
  34780.814    -0.381     0.00    0.00
  35152.887    -0.381     0.00    0.00
  35524.920    -0.381     0.00    0.00
  35896.912    -0.381     0.00    0.00
  36268.865    -0.381     0.00    0.00
  36640.777    -0.381     0.00    0.00
  37012.649    -0.381     0.00    0.00
  37384.481    -0.381     0.00    0.00
  37756.273    -0.381     0.00    0.00
  38128.025    -0.381     0.00    0.00
  38499.737    -0.381     0.00    0.00
  38871.409    -0.381     0.00    0.00
  39243.041    -0.381     0.00    0.00
  39614.633    -0.381     0.00    0.00
  39986.185    -0.381     0.00    0.00
  40357.698    -0.381     0.00    0.00
  40729.170    -0.381     0.00    0.00
  41100.602    -0.381     0.00    0.00
  41471.994    -0.381     0.00    0.00
  41843.346    -0.381     0.00    0.00
  42214.659    -0.047     0.90    1.53
  42585.932     0.461     1.37    2.78
  42957.164     0.980     1.40    3.44
  43328.357     1.382     1.08    3.70
  43699.510     1.809     1.15    4.14
  44070.624     2.823     2.73    4.65
  44441.697     4.043     3.29    5.06
  44812.731     5.447     3.78    5.09
  45183.725     6.772     3.57    4.93
  45554.679     8.390     4.36    4.17
  45925.593     9.584     3.22    2.82
  46296.468    10.585     2.70    0.79
  46667.303    10.601     0.04    0.84
  47038.098    10.755     0.42    0.86
  47408.854    10.725    -0.08    0.86
  47779.570    10.800     0.20    0.81
  48150.246    11.188     1.05    1.09
  48520.882    11.637     1.21    1.74
  48891.479    12.314     1.83    2.39
  49262.037    13.292     2.64    3.14
  49632.555    15.137     4.98    4.03
  50003.033    16.823     4.55    4.39
  50373.471    19.253     6.56    4.26
  50743.870    21.163     5.16    3.70
  51114.230    22.969     4.88    2.60
  51484.550    24.038     2.88    1.56
  51854.830    24.481     1.20    1.05
  52225.071    24.369    -0.30    1.07
  52595.273    24.219    -0.41    1.01
  52967.523    24.075    -0.39    1.05
  53345.744    24.068    -0.02    1.06
  53723.923    24.786     1.90    1.57
  54102.061    25.792     2.66    2.02
  54480.157    27.060     3.35    1.81
  54858.212    28.008     2.51    1.20
  55236.226    28.303     0.78    1.13
  55614.199    28.497     0.51    1.13
  55992.130    28.635     0.37    1.13
  56370.020    28.584    -0.13    1.15
  56747.869    28.532    -0.14    1.07
  57125.677    28.144    -1.03    1.10
  57503.443    27.740    -1.07    1.13
  57881.168    27.137    -1.60    1.35
  58258.853    26.637    -1.32    1.42
  58636.496    25.718    -2.43    1.66
  59014.097    24.068    -4.37    2.58
  59391.658    23.060    -2.67    2.82
  59769.178    22.341    -1.91    2.53
  60146.656    22.461     0.32    2.33
  60524.094    22.840     1.00    1.69
  60901.490    23.379     1.43    0.95
  61278.846    23.760     1.01    0.93
  61656.160    24.706     2.51    1.65
  62033.433    25.919     3.22    1.69
  62410.666    26.812     2.37    1.36
  62787.857    27.257     1.18    0.87
  63165.007    26.947    -0.82    1.06
  63542.117    26.316    -1.67    1.40
  63919.185    25.706    -1.62    1.72
  64296.213    25.163    -1.44    1.65
  64673.200    24.775    -1.03    1.52
  65050.146    24.964     0.50    1.52
  65427.050    25.128     0.43    1.19
  65803.915    25.069    -0.16    0.87
  66180.738    25.226     0.42    0.98
  66557.520    25.669     1.18    1.55
  66934.262    26.584     2.43    2.17
  67310.963    27.809     3.25    2.09
  67687.623    28.840     2.74    1.47
  68064.242    29.179     0.90    1.12
  68440.820    28.861    -0.84    1.22
  68817.358    28.430    -1.14    1.25
  69193.855    27.865    -1.50    1.32
  69570.311    27.351    -1.36    1.26
  69946.727    26.653    -1.86    1.38
  70323.102    25.725    -2.47    1.16
  70699.436    25.093    -1.68    1.18
  71075.729    24.361    -1.95    1.09
  71451.982    23.725    -1.69    1.10
  71828.195    23.447    -0.74    1.06
  72204.366    23.147    -0.80    0.94
  72580.498    23.128    -0.05    0.83
  72956.588    23.233     0.28    0.84
  73332.638    23.795     1.49    1.21
  73708.647    24.535     1.97    1.42
  74084.616    25.412     2.33    1.33
  74460.545    26.198     2.09    0.75
  74836.433    26.326     0.34    0.79
  75212.280    26.586     0.69    0.86
  75588.087    27.137     1.47    1.21
  75963.853    27.953     2.17    1.46
  76339.579    29.102     3.06    1.73
  76715.265    30.240     3.03    1.78
  77090.910    30.806     1.51    1.40
  77466.515    30.535    -0.72    1.42
  77842.079    30.058    -1.27    1.36
  78217.603    29.412    -1.72    1.20
  78593.087    28.886    -1.40    1.21
  78968.530    28.530    -0.95    1.25
  79343.933    27.986    -1.45    1.25
  79719.295    27.532    -1.21    1.38
  80094.618    27.233    -0.79    1.31
  80469.900    27.292     0.16    1.38
  80845.142    27.467     0.47    1.53
  81220.343    28.040     1.53    1.56
  81595.504    28.550     1.36    1.34
  81970.625    28.898     0.93    1.08
  82345.706    29.201     0.81    0.83
  82720.747    29.297     0.26    0.82
  83095.747    29.198    -0.26    0.82
  83470.707    29.257     0.16    0.93
  83845.628    29.181    -0.20    1.09
  84220.508    29.033    -0.39    1.17
  84595.347    28.878    -0.41    1.07
  84970.147    28.461    -1.11    1.07
  85344.907    28.095    -0.98    0.99
  85719.626    27.834    -0.70    0.89
  86094.306    27.461    -0.99    0.94
  86468.945    26.861    -1.60    1.14
  86843.545    26.292    -1.52    1.28
  87218.104    25.602    -1.84    1.15
  87592.623    25.128    -1.27    1.02
  87967.103    24.723    -1.08    0.87
  88341.542    24.412    -0.83    1.04
  88715.942    24.314    -0.26    1.12
  89090.301    24.249    -0.17    1.10
  89464.621    24.012    -0.63    1.12
  89838.900    23.533    -1.28    1.37
  90213.140    22.836    -1.86    1.40
  90587.340    22.137    -1.87    1.17
  90961.500    21.740    -1.06    1.17
  91335.620    21.253    -1.30    0.99
  91709.700    21.339     0.23    0.96
  92083.740    21.519     0.48    1.05
  92457.741    21.730     0.56    1.02
  92831.702    22.005     0.73    0.84
  93205.622    22.068     0.17    0.82
  93579.504    22.160     0.25    0.79
  93953.345    22.093    -0.18    0.89
  94327.147    22.137     0.12    0.86
  94700.909    22.269     0.36    0.80
  95074.631    22.532     0.70    1.02
  95448.313    23.171     1.71    1.30
  95821.956    23.819     1.73    1.18
  96195.559    24.467     1.73    1.05
  96569.123    24.747     0.75    0.96
  96942.646    25.177     1.15    1.04
  97316.130    25.584     1.09    1.00
  97689.575    25.830     0.66    0.96
  98062.980    26.094     0.71    1.18
  98436.345    26.033    -0.16    1.31
  98809.671    25.830    -0.54    1.41
  99182.957    25.298    -1.42    1.38
  99556.204    24.586    -1.91    1.53
  99929.411    23.744    -2.26    1.28
 100302.578    23.286    -1.23    1.28
 100675.706    23.075    -0.56    1.32
 101048.795    22.847    -0.61    1.21
 101421.844    22.806    -0.11    1.27
 101794.854    22.878     0.19    1.26
 102167.824    22.671    -0.55    1.26
 102540.754    22.738     0.18    1.23
 102913.646    22.636    -0.27    1.09
 103286.498    22.497    -0.37    1.07
 103659.310    22.840     0.92    1.27
 104032.083    23.008     0.45    1.22
 104404.817    23.084     0.20    1.21
 104777.511    22.798    -0.77    1.06
 105150.166    22.750    -0.13    1.12
 105522.782    22.851     0.27    1.14
 105895.358    23.154     0.81    1.29
 106267.895    23.503     0.94    1.24
 106640.393    23.780     0.74    1.19
 107012.852    24.188     1.10    1.16
 107385.271    24.474     0.77    1.25
 107757.651    24.461    -0.03    1.31
 108129.992    24.691     0.62    1.35
 108502.293    24.819     0.35    1.48
 108874.556    24.795    -0.07    1.38
 109246.779    24.826     0.08    1.28
 109618.963    24.861     0.09    1.27
 109991.108    24.672    -0.51    1.11
 110363.214    24.912     0.65    1.12
 110735.280    25.223     0.83    1.30
 111107.308    25.286     0.17    1.34
 111479.296    25.155    -0.35    1.21
 111851.245    25.209     0.15    1.19
 112223.155    25.365     0.42    1.14
 112595.027    25.552     0.50    1.10
 112966.859    25.419    -0.36    1.03
 113338.652    25.321    -0.26    1.00
 113710.406    25.334     0.03    1.02
 114082.121    25.297    -0.10    0.97
 114453.797    25.707     1.10    0.81
 114825.434    25.970     0.71    0.86
 115197.032    26.390     1.13    1.07
 115568.591    26.709     0.86    1.00
 115940.111    27.075     0.99    0.96
 116311.593    27.238     0.44    0.99
 116683.035    27.163    -0.20    1.02
 117054.439    27.365     0.54    1.19
 117425.803    27.259    -0.29    1.28
 117797.129    27.163    -0.26    1.24
 118168.416    27.216     0.14    1.16
 118539.664    26.935    -0.76    1.09
 118910.873    26.602    -0.90    1.12
 119282.044    26.321    -0.76    0.96
 119653.175    26.154    -0.45    0.86
 120024.268    26.033    -0.33    0.84
 120395.322    26.023    -0.03    0.86
 120766.337    25.903    -0.32    0.87
 121137.314    25.874    -0.08    1.04
 121508.252    25.988     0.31    1.14
 121879.151    26.027     0.11    1.11
 122250.011    25.518    -1.37    1.11
 122620.833    25.251    -0.72    1.14
 122991.616    24.931    -0.86    1.01
 123362.360    24.533    -1.07    0.88
 123733.066    24.391    -0.38    0.93
 124103.733    24.331    -0.16    0.95
 124474.362    23.999    -0.90    1.06
 124844.952    23.847    -0.41    1.02
 125215.503    23.777    -0.19    1.11
 125586.016    23.619    -0.43    1.19
 125956.490    23.583    -0.10    1.15
 126326.925    23.518    -0.18    1.11
 126697.322    23.310    -0.56    1.14
 127067.681    22.742    -1.53    1.35
 127438.001    22.165    -1.56    1.36
 127809.733    21.585    -1.56    1.50
 128187.865    20.865    -1.91    1.33
 128565.956    20.670    -0.52    1.21
 128944.007    20.343    -0.86    1.10
 129322.018    20.251    -0.24    0.98
 129699.988    19.924    -0.86    1.16
 130077.918    19.510    -1.10    1.17
 130455.809    19.494    -0.04    1.15
 130833.658    19.111    -1.01    1.09
 131211.468    18.742    -0.98    1.05
 131589.238    18.514    -0.60    1.05
 131966.967    18.244    -0.71    1.02
 132344.657    18.094    -0.40    1.13
 132722.306    17.976    -0.31    1.31
 133099.915    18.009     0.09    1.47
 133477.484    18.240     0.61    1.31
 133855.013    18.533     0.78    1.20
 134232.502    18.755     0.59    0.86
 134609.951    18.895     0.37    0.87
 134987.359    18.994     0.26    0.89
 135364.728    19.008     0.04    1.07
 135742.057    18.886    -0.32    1.10
 136119.346    18.887     0.00    1.00
 136496.595    18.857    -0.08    1.13
 136873.804    18.809    -0.13    1.22
 137250.973    18.851     0.11    1.13
 137628.102    18.907     0.15    1.07
 138005.191    19.230     0.86    1.19
 138382.240    19.812     1.54    1.33
 138759.250    20.441     1.67    1.10
 139136.219    21.188     1.98    1.40
 139513.149    22.068     2.33    1.48
 139890.039    22.958     2.36    1.74
 140266.889    23.738     2.07    1.81
 140643.699    24.476     1.96    1.65
 141020.469    24.891     1.10    1.31
 141397.200    25.048     0.42    1.31
 141773.891    24.869    -0.47    1.55
 142150.542    24.314    -1.47    1.65
 142527.153    24.023    -0.77    1.64
 142903.725    23.672    -0.93    1.39
 143280.257    23.191    -1.28    1.29
 143656.749    22.891    -0.80    1.14
 144033.201    22.494    -1.05    1.15
 144409.614    21.924    -1.51    1.10
 144785.988    21.339    -1.56    1.21
 145162.321    20.882    -1.21    1.13
 145538.615    20.433    -1.19    1.03
 145914.869    20.275    -0.42    0.97
 146291.084    19.941    -0.89    0.92
 146667.259    19.564    -1.00    1.09
 147043.395    19.043    -1.38    1.22
 147419.491    18.479    -1.50    1.20
 147795.548    17.980    -1.33    1.97
 148171.565    17.378    -1.60    2.34
 148547.542    17.093    -0.76    2.29
 148923.480    17.043    -0.13    2.16
 149299.378    17.549     1.35    1.66
 149675.238    17.830     0.75    1.08
 150051.057    18.193     0.97    0.86
 150426.837    18.077    -0.31    0.95
 150802.578    17.935    -0.38    0.89
 151178.279    17.857    -0.21    0.82
 151553.941    17.707    -0.40    0.69
 151929.564    17.567    -0.37    0.83
 152305.147    17.685     0.31    0.93
 152680.690    17.674    -0.03    0.95
 153056.195    17.725     0.14    1.08
 153431.660    17.490    -0.63    1.20
 153807.086    17.280    -0.56    1.15
 154182.472    17.101    -0.48    1.28
 154557.819    17.240     0.37    1.12
 154933.127    17.461     0.59    1.00
 155308.396    17.548     0.23    0.97
 155683.625    17.586     0.10    0.94
 156058.816    17.453    -0.36    0.91
 156433.967    17.567     0.30    0.74
 156809.078    17.583     0.04    0.84
 157184.151    17.532    -0.14    0.85
 157559.184    17.209    -0.86    1.07
 157934.179    16.895    -0.84    1.02
 158309.134    16.514    -1.02    0.96
 158684.050    16.101    -1.10    0.76
 159058.927    16.103     0.00    0.79
 159433.764    15.965    -0.37    0.80
 159808.563    16.111     0.39    0.83
 160183.322    16.165     0.14    0.81
 160558.043    16.233     0.18    0.84
 160932.724    16.316     0.22    0.81
 161307.367    16.223    -0.25    0.82
 161681.970    16.163    -0.16    0.91
 162056.535    15.941    -0.59    0.94
 162431.060    15.753    -0.50    0.98
 162805.546    15.583    -0.45    1.05
 163179.994    15.321    -0.70    1.00
 163554.402    15.492     0.46    1.04
 163928.772    15.847     0.95    1.10
 164303.103    16.233     1.03    1.10
 164677.394    16.188    -0.12    1.04
 165051.647    16.040    -0.40    1.28
 165425.861    15.869    -0.46    1.22
 165800.036    15.369    -1.34    1.17
 166174.172    15.147    -0.60    1.14
 166548.270    15.077    -0.19    0.79
 166922.328    15.219     0.38    0.95
 167296.348    15.548     0.88    0.91
 167670.329    15.809     0.70    0.95
 168044.271    16.077     0.72    0.97
 168418.174    16.093     0.04    0.91
 168792.039    16.137     0.12    0.90
 169165.865    15.986    -0.40    0.96
 169539.652    15.744    -0.65    0.94
 169913.400    15.738    -0.02    0.98
 170287.110    15.823     0.23    1.02
 170660.781    15.816    -0.02    0.98
 171034.413    15.895     0.21    0.97
 171408.007    15.688    -0.55    1.09
 171781.562    15.637    -0.14    1.05
 172155.078    15.723     0.23    1.05
 172528.556    15.568    -0.42    1.03
 172901.995    15.423    -0.39    0.92
 173275.395    15.382    -0.11    0.88
 173648.757    15.397     0.04    0.86
 174022.081    15.461     0.17    0.86
 174395.366    15.238    -0.60    0.93
 174768.612    15.119    -0.32    0.88
 175141.820    15.040    -0.21    0.91
 175514.989    14.958    -0.22    1.04
 175888.120    15.033     0.20    0.92
 176261.212    14.869    -0.44    0.86
 176634.266    14.619    -0.67    0.92
 177007.281    14.360    -0.69    0.91
 177380.258    14.093    -0.72    1.02
 177753.196    13.897    -0.53    1.02
 178126.096    13.550    -0.93    0.95
 178498.958    13.494    -0.15    1.01
 178871.781    13.246    -0.66    1.02
 179244.566    13.101    -0.39    0.93
 179617.312    13.191     0.24    1.01
 179990.020    13.423     0.62    0.96
 180362.690    13.369    -0.14    1.16
 180735.321    13.257    -0.30    1.19
 181107.915    13.267     0.03    1.18
 181480.469    12.994    -0.73    1.07
 181852.986    12.947    -0.13    0.98
 182225.464    13.003     0.15    0.90
 182597.904    13.238     0.63    1.01
 182970.306    13.198    -0.11    1.10
 183342.669    13.257     0.16    1.05
 183714.995    13.298     0.11    0.96
 184087.282    13.268    -0.08    0.88
 184459.531    13.280     0.03    0.77
 184831.741    13.387     0.29    0.76
 185203.914    13.600     0.57    0.78
 185576.048    13.619     0.05    0.83
 185948.145    13.438    -0.49    0.86
 186320.203    13.111    -0.88    0.88
 186692.223    12.935    -0.47    0.81
 187064.205    12.798    -0.37    0.83
 187436.149    12.740    -0.16    0.77
 187808.054    12.568    -0.46    0.83
 188179.922    12.548    -0.05    0.91
 188551.752    12.459    -0.24    1.02
 188923.543    12.433    -0.07    0.96
 189295.297    12.238    -0.53    1.10
 189667.013    12.280     0.12    1.06
 190038.690    12.158    -0.33    0.85
 190410.330    12.155    -0.01    0.87
 190781.932    12.163     0.02    1.00
 191153.495    12.216     0.14    1.00
 191525.021    12.209    -0.02    1.04
 191896.509    12.240     0.08    1.01
 192267.959    12.198    -0.11    0.98
 192639.371    12.165    -0.09    0.92
 193010.745    11.806    -0.97    0.92
 193382.081    11.419    -1.04    0.95
 193753.380    11.093    -0.88    1.04
 194124.640    10.656    -1.18    1.01
 194495.863    10.374    -0.76    0.97
 194867.048    10.084    -0.78    0.85
 195238.195     9.903    -0.49    0.78
 195609.304     9.874    -0.08    0.80
 195980.376    10.005     0.35    0.84
 196351.410    10.154     0.40    0.86
 196722.406    10.268     0.31    0.83
 197093.364    10.154    -0.31    0.80
 197464.285    10.023    -0.35    0.82
 197835.167    10.316     0.79    0.87
 198206.013    10.805     1.32    1.12
 198576.820    10.229    -1.55    1.95
 198947.590     9.030    -3.23    2.67
 199318.322     7.450    -4.26    2.53
 199689.016     5.947    -4.05    0.96
 200059.673     5.619    -0.88    0.00
 200430.292     5.619     0.00    0.00
 200800.874     5.619     0.00    0.00
 201171.418     5.619     0.00    0.00
 201541.924     5.619     0.00    0.00
 201912.393     5.619     0.00    0.00
 202282.825     5.619     0.00    0.00
 202654.115     5.619     0.00    0.00
 203032.163     5.619     0.00    0.00
 203410.172     5.830     0.56    0.70
 203788.142     6.251     1.11    1.13
 204166.072     6.760     1.35    1.34
 204543.964     7.251     1.30    1.33
 204921.816     7.461     0.56    1.22
 205299.629     7.726     0.70    1.19
 205677.403     8.053     0.86    1.07
 206055.137     8.399     0.91    0.97
 206432.833     8.709     0.82    0.92
 206810.489     8.584    -0.33    0.89
 207188.107     8.426    -0.42    0.97
 207565.685     8.155    -0.72    0.95
 207943.224     7.636    -1.37    1.11
 208320.725     6.971    -1.76    1.12
 208698.186     6.476    -1.31    1.09
 209075.608     6.183    -0.78    0.83
 209452.991     6.447     0.70    0.92
 209830.335     6.970     1.39    1.04
 210207.640     7.181     0.56    0.95
 210584.907     7.093    -0.23    1.10
 210962.134     6.038    -2.80    2.83
 211339.322     3.755    -6.05    5.85
 211716.472     0.379    -8.95    8.03
 212093.582    -3.153    -9.36    9.85
 212470.654    -5.714    -6.79    9.65
 212847.687    -8.791    -8.16    8.62
 213224.680   -11.258    -6.54    6.54
 213601.635   -13.235    -5.24    3.08
 213978.552   -13.166     0.18    3.25
 214355.429   -13.022     0.38    3.31
 214732.267   -12.838     0.49    3.39
 215109.067   -11.845     2.64    2.95
 215485.828   -11.899    -0.14    2.97
 215862.550   -12.118    -0.58    2.74
 216239.234   -12.291    -0.46    2.66
 216615.878   -12.967    -1.79    2.09
 216992.484   -12.233     1.95    2.08
 217369.051   -11.613     1.65    2.00
 217745.580   -11.202     1.09    1.95
 218122.070   -11.881    -1.80    2.68
 218498.521   -13.258    -3.66    3.07
 218874.933   -14.661    -3.73    2.70
 219251.307   -16.001    -3.56    1.25
 219627.642   -16.290    -0.77    1.16
 220003.939   -16.550    -0.69    1.29
 220380.197   -16.595    -0.12    1.25
 220756.416   -16.451     0.38    1.25
 221132.597   -16.012     1.17    1.75
 221508.739   -15.274     1.96    2.03
 221884.843   -14.802     1.25    2.01
 222260.908   -14.690     0.30    1.74
 222636.934   -15.153    -1.23    1.17
 223012.923   -15.456    -0.81    1.07
 223388.872   -15.771    -0.84    1.13
 223764.783   -15.853    -0.22    1.30
 224140.656   -15.521     0.88    1.52
 224516.490   -15.153     0.98    1.74
 224892.286   -14.970     0.49    1.72
 225268.043   -15.053    -0.22    1.58
 225643.762   -14.996     0.15    1.66
 226019.442   -14.970     0.07    1.53
 226395.084   -14.881     0.24    1.68
 226770.688   -14.925    -0.12    1.76
 227146.253   -14.468     1.21    1.99
 227521.780   -13.819     1.73    2.45
 227897.269   -13.661     0.42    2.60
 228272.719   -13.649     0.03    2.62
 228648.131   -14.588    -2.50    2.33
 229023.505   -15.267    -1.81    2.61
 229398.840   -15.468    -0.54    2.11
 229774.137   -14.942     1.40    2.05
 230149.396   -14.696     0.65    1.69
 230524.617   -14.696     0.00    1.64
 230899.799   -14.065     1.68    1.78
 231274.943   -13.059     2.68    2.68
 231650.049   -12.117     2.51    2.68
 232025.117   -11.635     1.28    2.47
 232400.146   -11.708    -0.19    2.30
 232775.138   -12.516    -2.16    2.43
 233150.091   -13.468    -2.54    2.09
 233525.006   -13.595    -0.34    2.01
 233899.883   -13.451     0.38    2.08
 234274.722   -13.100     0.94    2.10
 234649.523   -13.024     0.20    2.00
 235024.286   -13.270    -0.66    2.20
 235399.010   -13.738    -1.25    1.91
 235773.697   -13.199     1.44    2.14
 236148.345   -12.686     1.37    2.15
 236522.956   -12.702    -0.04    1.82
 236897.528   -13.802    -2.93    2.46
 237272.063   -15.486    -4.50    2.72
 237646.559   -16.999    -4.04    2.19
 238021.018   -18.191    -3.18    0.87
 238395.438   -18.029     0.43    1.48
 238769.821   -17.416     1.64    2.51
 239144.166   -16.966     1.20    2.82
 239518.472   -16.501     1.24    2.87
 239892.741   -16.345     0.42    2.92
 240266.972   -16.082     0.70    2.32
 240641.165   -14.942     3.05    2.66
 241015.320   -13.666     3.41    2.92
 241389.438   -13.093     1.53    2.89
 241763.517   -13.381    -0.77    3.28
 242137.559   -14.541    -3.10    3.27
 242511.562   -14.853    -0.83    2.92
 242885.528   -15.100    -0.66    2.43
 243259.457   -15.220    -0.32    2.08
 243633.347   -10.837    11.72    8.69
 244007.200    -5.486    14.31   10.83
 244381.014     0.216    15.25    9.64
 244754.792     5.399    13.86    2.75
 245128.531     5.692     0.78    0.69
 245502.233     5.585    -0.29    0.69
 245875.897     5.374    -0.57    0.73
 246249.523     5.012    -0.97    0.89
 246623.112     4.566    -1.19    1.07
 246996.663     4.409    -0.42    1.19
 247370.176     4.128    -0.75    1.10
 247743.652     4.146     0.05    1.09
 248117.090     4.321     0.47    1.12
 248490.490     4.365     0.12    0.99
 248863.853     4.444     0.21    0.89
 249237.178     4.527     0.22    0.94
 249610.466     4.637     0.29    0.91
 249983.716     4.619    -0.05    1.00
 250356.928     4.530    -0.24    1.07
 250730.104     4.226    -0.81    1.19
 251103.241     4.128    -0.26    1.09
 251476.341     3.941    -0.50    1.03
 251849.404     3.786    -0.41    1.02
 252222.429     3.533    -0.68    0.86
 252595.416     3.387    -0.39    0.81
 252968.366     3.263    -0.33    0.80
 253341.279     3.148    -0.31    0.85
 253714.154     2.887    -0.70    0.77
 254086.992     2.847    -0.11    0.80
 254459.793     2.795    -0.14    0.78
 254832.556     2.742    -0.14    0.78
 255205.281     2.690    -0.14    0.86
 255577.969     2.441    -0.67    0.86
 255950.620     1.902    -1.44    1.01
 256323.234     1.314    -1.58    1.12
 256695.810     0.710    -1.62    0.93
 257068.349     0.479    -0.62    0.90
 257440.851     0.249    -0.62    0.83
 257813.315     0.048    -0.54    0.91
 258185.742    -0.293    -0.91    1.02
 258558.132    -0.720    -1.15    0.98
 258930.485    -1.202    -1.29    1.03
 259302.800    -1.521    -0.86    0.99
 259675.078    -1.714    -0.52    1.02
 260047.319    -1.658     0.15    1.02
 260419.523    -1.416     0.65    1.03
 260791.689    -1.362     0.14    0.91
 261163.819    -1.588    -0.61    1.24
 261535.911    -1.872    -0.76    1.14
 261907.966    -2.166    -0.79    1.11
 262279.984    -2.220    -0.14    1.09
 262651.965    -2.188     0.09    1.01
 263023.909    -1.952     0.63    1.20
 263395.815    -1.756     0.53    1.12
 263767.685    -1.708     0.13    1.08
 264139.517    -1.799    -0.24    1.13
 264511.312    -1.940    -0.38    1.19
 264883.071    -2.035    -0.25    1.19
 265254.792    -1.881     0.41    1.13
 265626.476    -1.942    -0.17    1.12
 265998.124    -1.837     0.28    1.05
 266369.734    -2.131    -0.79    1.01
 266741.307    -2.470    -0.91    1.01
 267112.844    -2.934    -1.25    0.89
 267484.343    -3.166    -0.62    0.68
 267855.806    -3.225    -0.16    0.62
 268227.231    -3.274    -0.13    0.41
 268598.620    -3.076     0.53    0.95
 268969.971    -2.785     0.78    1.33
 269341.286    -2.345     1.18    1.62
 269712.564    -2.308     0.10    1.72
 270083.805    -2.205     0.28    1.72
 270455.009    -2.488    -0.76    1.49
 270826.177    -2.925    -1.18    1.13
 271197.307    -2.942    -0.05    1.12
 271568.401    -2.970    -0.08    0.99
 271939.458    -2.696     0.74    1.18
 272310.478    -2.452     0.66    1.36
 272681.461    -1.661     2.13    1.62
 273052.408    -1.304     0.96    1.66
 273423.318    -1.521    -0.59    1.68
 273794.191    -2.003    -1.30    1.53
 274165.027    -2.639    -1.71    1.29
 274535.827    -2.962    -0.87    0.88
 274906.590    -2.819     0.39    1.09
 275277.316    -2.916    -0.26    1.31
 275648.006    -3.065    -0.40    1.36
 276018.659    -3.381    -0.85    1.22
 276389.275    -3.272     0.29    1.30
 276759.854    -3.030     0.65    1.38
 277130.397    -2.825     0.55    1.22
 277501.339    -2.327     1.34    1.33
 277879.303    -2.169     0.42    1.50
 278257.229    -2.188    -0.05    1.44
 278635.117    -1.999     0.50    1.57
 279012.967    -2.030    -0.08    1.63
 279390.778    -1.468     1.49    1.57
 279768.552    -1.181     0.76    1.43
 280146.287    -1.381    -0.53    1.35
 280523.984    -1.494    -0.30    1.30
 280901.643    -1.872    -1.00    1.15
 281279.264    -2.258    -1.02    0.98
 281656.847    -2.030     0.60    1.08
 282034.392    -2.047    -0.05    0.95
 282411.898    -2.140    -0.25    0.70
 282789.367    -2.363    -0.59    0.13
 283166.797    -2.381    -0.05    0.00
 283544.190    -2.381     0.00    0.00
 283921.544    -2.381     0.00    0.00
 284298.861    -2.363     0.05    0.13
 284676.140    -2.346     0.05    0.19
 285053.380    -2.309     0.10    0.85
 285430.583    -2.240     0.18    1.01
 285807.747    -2.177     0.17    1.19
 286184.874    -2.019     0.42    1.37
 286561.963    -1.791     0.60    1.29
 286939.014    -1.827    -0.09    1.43
 287316.027    -1.854    -0.07    1.31
 287693.002    -1.770     0.22    1.19
 288069.939    -1.577     0.51    1.18
 288446.839    -1.288     0.77    1.12
 288823.700    -0.952     0.89    1.22
 289200.524    -0.999    -0.12    1.50
 289577.310    -1.131    -0.35    1.73
 289954.058    -1.363    -0.62    1.76
 290330.769    -1.684    -0.85    1.70
 290707.441    -1.725    -0.11    1.48
 291084.076    -1.690     0.09    1.40
 291460.673    -1.503     0.49    1.24
 291837.232    -1.418     0.23    1.21
 292213.754    -1.327     0.24    1.21
 292590.238    -1.456    -0.34    1.34
 292966.684    -1.551    -0.25    1.43
