# NaN NaN NaN ;Mean Elev.(m), Avg Gradient(m/km), RMS Gradient(m/km) - SRTM1     
#  -28.189  -0.749   4.881 ;Mean Elev.(m), Avg Gradient(m/km), RMS Gradient(m/km) - ASTER GDEM
#  -16.628  -0.994   2.964 ;Mean Elev.(m), Avg Gradient(m/km), RMS Gradient(m/km) - GMTED2010 
  7  46.017109  48.229158   -13.252   -12.790  4 52459.76214390 24.244
  9  45.998984  48.246424   -14.448   -14.724 11 52529.76212146 22.562
 10  46.019222  48.229947   -16.554   -16.812  3 52564.76213654 20.374
 11  46.005938  48.241462   -16.482   -16.822 11 52599.76216749 35.468
 12  46.000463  48.246595   -13.828   -13.833 12 52634.76212383 32.870
 13  46.012034  48.232651   -14.176   -14.166  5 52669.76213154 42.207
 14  46.012354  48.232078   -14.539   -14.543  5 52704.76211890 25.540
 15  46.014663  48.231682   -14.349   -14.071  4 52739.76215456 17.770
 16  46.026234  48.228099   -11.137   -11.137  2 52774.76210225 33.432
 17  45.998546  48.247065   -15.795   -15.784 11 52809.76217997 47.300
 18  46.001770  48.245159   -15.337   -15.318 12 52844.76223595 48.350
 19  46.005768  48.241519   -16.207   -16.220 11 52879.76227288 44.556
 20  46.024570  48.227526   -16.756   -16.815  3 52914.76222741 32.400
 21  46.006558  48.240468   -14.437   -13.986 10 52949.76218951 24.881
 22  46.018475  48.229379   -16.116   -16.082  4 52984.76221307 27.874
 23  46.020475  48.228145   -15.374   -15.378  3 53019.76220411 46.065
 24  46.014438  48.230709   -15.257   -15.273  5 53054.76219050 31.807
 25  46.007948  48.238650   -14.759   -14.725  8 53089.76222948 16.510
 26  46.006666  48.240327   -11.336   -11.277 10 53124.76220026 39.759
 27  45.999523  48.245509   -12.927   -12.925 12 53159.76226148 22.766
 28  46.017153  48.230949   -15.452   -15.492  4 53194.76225406 21.293
 29  46.021494  48.228221   -16.205   -16.224  3 53229.76224310 29.292
 30  46.020552  48.228546   -16.218   -16.206  3 53264.76221445 44.292
 31  45.993078  48.248616   -14.613   -14.497 10 53299.76226513 22.248
 32  46.013959  48.231556  -104.676  -104.606  4 53334.76223162 15.547
 33  46.024860  48.227692   -15.878   -15.878  2 53369.76217051 21.404
 34  46.010081  48.235739   -13.163   -13.134  7 53404.76220503 46.518
 35  46.021933  48.227806   -13.058   -13.039  3 53439.76219071 31.883
 36  46.000169  48.245528   -14.414   -14.461 12 53474.76225653 22.385
 37  46.012053  48.233085   -10.690   -10.694  5 53509.76227182 28.134
 38  46.007638  48.239116   -13.892   -13.964  8 53544.76228858 23.932
 39  46.017224  48.229065   -16.068   -16.034  4 53579.76226441 32.687
 40  46.017983  48.229890   -16.053   -16.072  4 53614.76221867 27.814
 41  46.010899  48.234526   -16.438   -16.412  6 53649.76222836 34.108
 42  46.004617  48.243763   -14.680   -14.815 12 53684.76224211 30.667
 43  46.024058  48.228453   -16.269   -16.367  3 53719.76216526 25.643
 44  46.016066  48.231326   -14.921   -14.851  4 53754.76208942 40.443
 45  46.020705  48.228795   -15.111   -15.142  4 53789.76211884 17.454
 46  46.007129  48.239381   -15.413   -15.227  9 53824.76207724 18.952
 47  46.001370  48.245389   -13.656   -13.668 12 53859.76217198 33.161
 48  46.014404  48.230346   -13.156   -13.214  4 53894.76218625 37.535
 49  45.997528  48.246574   -16.528   -16.565 11 53929.76224434 41.720
 50  46.005835  48.242012   -15.544   -15.837 11 53964.76222216 19.476
 51  45.999712  48.247729   -16.013   -16.144 12 53999.76217830 19.652
 52  46.014191  48.230612   -16.858   -16.845  4 54034.76221930 52.163
 53  46.016669  48.230555   -16.655   -16.763  4 54069.76221313 23.034
 54  46.021925  48.227296   -16.648   -16.731  3 54104.76216763 30.399
 55  46.004107  48.245508   -15.103   -15.091 12 54139.76214785 52.364
 56  46.017949  48.229472   -14.731   -14.735  4 54174.76214763 47.669
 57  46.003016  48.245966   -12.132   -12.126 12 54209.76215426 23.945
 58  46.013027  48.231271   -12.519   -12.529  4 54244.76218229 23.220
 59  46.013272  48.231517   -14.475   -14.198  4 54279.76219400 20.034
 60  46.017818  48.229005   -16.197   -16.231  4 54314.76219278 29.412
 61  46.020488  48.228352   -16.217   -16.244  3 54349.76216178 20.256
 62  46.011354  48.233921   -16.185   -16.437  6 54384.76213220 19.876
 63  46.018507  48.228746   -16.306   -16.285  4 54419.76211139 20.751
 64  46.002414  48.245823   -16.005   -15.996 12 54454.76210611 40.656
 65  46.018223  48.228957   -14.522   -14.523  4 54489.76211128 23.000
 66  46.012564  48.232449   -14.988   -14.994  5 54524.76211622 30.710
 67  46.018566  48.229032   -16.033   -16.175  4 54559.76212050 21.579
 68  46.013339  48.230953   -11.559   -11.554  4 54594.76211221 48.176
 69  46.013514  48.231088   -16.241   -16.229  4 54629.76212634 50.983
 70  46.008908  48.237317   -16.451   -16.426  8 54664.76213441 46.508
 71  46.021932  48.228065   -16.441   -16.394  3 54699.76210351 53.039
 72  46.003325  48.245280   -16.523   -16.530 13 54734.76209464 50.678
 73  46.017749  48.228862   -16.433   -16.409  4 54769.76208358 22.578
 74  46.002322  48.246024   -15.658   -15.842 12 54804.76208846 19.557
 75  46.015239  48.230299   -13.913   -13.912  4 54839.76207867 46.429
 76  46.007219  48.239849   -12.861   -12.905 10 54874.76208748 33.255
 77  46.018557  48.229160   -14.734   -14.755  4 54909.76208425 17.877
 78  46.002765  48.245903   -14.515   -14.517 12 54944.76208175 51.263
 79  46.012533  48.232470   -12.245   -12.199  5 54979.76210569 42.656
 80  46.014266  48.230537   -16.457   -16.530  5 55014.76210865 52.138
 81  46.014623  48.231544   -16.512   -16.531  4 55049.76210277 36.071
 82  46.021477  48.228400   -15.871   -16.068  3 55084.76206951 19.648
 83  46.009347  48.236376   -16.034   -15.734  7 55119.76203600 19.942
 84  46.016571  48.229036   -16.856   -16.847  4 55154.76202892 34.776
 85  46.003028  48.245147   -15.723   -15.721 13 55189.76202729 38.727
 86  46.015631  48.230809   -13.554   -13.560  4 55224.76202910 24.194
 87  46.013878  48.231083   -14.122   -14.119  4 55259.76201993 35.985
 88  46.019397  48.229498   -16.245   -16.373  4 55294.76201521 21.477
 89  46.009690  48.236245   -11.020   -11.037  7 55329.76200334 40.750
 90  46.018036  48.228981   -16.722   -16.884  4 55364.76199563 27.570
 91  46.003526  48.245312   -15.858   -16.363 13 55399.76201009 22.641
 92  46.017582  48.229365   -16.698   -16.746  4 55434.76201241 20.737
 93  46.022928  48.229113   -17.076   -17.095  3 55469.76196650 20.387
