# NaN NaN NaN ;Mean Elev.(m), Avg Gradient(m/km), RMS Gradient(m/km) - SRTM1     
#   19.006  -2.377   5.078 ;Mean Elev.(m), Avg Gradient(m/km), RMS Gradient(m/km) - ASTER GDEM
#   23.000  -1.911   4.669 ;Mean Elev.(m), Avg Gradient(m/km), RMS Gradient(m/km) - GMTED2010 
  8  48.347169  52.654659    27.808    27.953 31 52485.75106178 20.780
  9  48.350978  52.653586    28.351    28.411 31 52520.75102749 40.599
 10  48.333075  52.658180    28.129    28.257 28 52555.75107993 16.404
 11  48.344385  52.653341    27.913    28.001 31 52590.75106860 17.935
 12  48.357588  52.654852    28.124    28.137 31 52625.75099436 30.984
 13  48.346094  52.653331    27.944    27.924 31 52660.75103368 15.030
 14  48.338155  52.654743    27.909    27.883 29 52695.75101342 12.428
 15  48.351672  52.653990    30.023    29.723 31 52730.75104176  6.249
 16  48.346002  52.657182    28.485    28.541 29 52765.75105258 13.919
 17  48.339207  52.654166    28.121    28.077 30 52800.75104748 18.212
 18  48.341218  52.656842    28.414    28.422 29 52835.75111519 50.028
 19  48.347611  52.653019    27.949    28.145 31 52870.75115537 17.371
 20  48.349063  52.653956    27.357    27.770 31 52905.75115462 21.775
 21  48.337951  52.654877    28.098    28.097 30 52940.75108680 13.750
 22  48.339808  52.654117    27.711    27.908 30 52975.75113382 19.124
 23  48.343253  52.653837    28.245    28.223 31 53010.75113741 29.908
 24  48.336600  52.656070    28.073    28.052 30 53045.75110141 18.043
 25  48.342203  52.653664    28.209    28.216 31 53080.75113487 23.226
 26  48.332016  52.658351    28.664    28.714 28 53115.75110662 29.788
 27  48.338470  52.655435    28.064    28.013 30 53150.75115341 23.149
 28  48.351369  52.654552    28.248    28.257 31 53185.75114145 42.619
 29  48.349011  52.653289    26.766    27.573 31 53220.75116722 20.292
 30  48.346772  52.657269    27.531    27.793 29 53255.75114468 16.970
 32  48.350694  52.654463    27.968    28.135 31 53325.75113033 17.889
 33  48.355051  52.654632    28.080    28.126 31 53360.75108892 37.740
 34  48.337768  52.655991    27.885    27.882 30 53395.75110889 23.484
 35  48.354277  52.653588    28.162    28.146 31 53430.75110042 16.852
 36  48.338857  52.654780    28.144    28.147 30 53465.75113040  6.164
 37  48.338525  52.654402    29.349    29.364 30 53500.75118989 50.463
 38  48.348967  52.653554    27.855    28.184 31 53535.75117825 20.617
 39  48.341949  52.654175    27.109    27.704 30 53570.75118777 26.890
 40  48.354349  52.653942    27.404    27.488 31 53605.75113508 24.402
 41  48.334314  52.657510    28.060    28.059 29 53640.75113601 15.418
 42  48.339980  52.653549    27.743    27.823 30 53675.75115463 20.228
 43  48.356590  52.654678    27.226    27.157 31 53710.75108421 45.615
 44  48.338085  52.654634    28.330    28.296 30 53745.75099460 38.389
 45  48.350615  52.653222    28.123    28.093 31 53780.75102533 20.132
 46  48.358708  52.655640    28.318    28.327 31 53815.75099463 16.387
 47  48.334109  52.657290    28.877    28.465 28 53850.75106226 13.966
 48  48.352010  52.654183    28.124    28.108 31 53885.75107091 14.422
 49  48.334805  52.656354    27.601    27.977 29 53920.75114100 22.006
 50  48.337842  52.655397    26.763    27.517 29 53955.75113850 19.749
 51  48.357538  52.657596    28.194    28.205 29 53990.75105723 13.868
 52  48.340471  52.653457    27.872    27.992 30 54025.75112229 17.742
 53  48.351780  52.654148    27.481    27.702 30 54060.75111515 21.782
 55  48.337995  52.655088    28.136    28.123 30 54130.75103641 27.008
 56  48.348476  52.653007    27.929    27.878 31 54165.75106115 15.377
 57  48.340258  52.653496    28.089    28.452 31 54200.75103893 25.581
 58  48.344740  52.653922    28.037    28.341 30 54235.75107632 20.012
 59  48.347983  52.653031    27.924    27.998 31 54270.75109662 17.244
 60  48.345894  52.654026    26.966    27.484 30 54305.75109946 23.008
 61  48.351293  52.653666    27.845    27.888 31 54340.75108139 15.580
 63  48.346692  52.653786    27.892    27.919 30 54410.75102794 14.880
 64  48.337968  52.655903    27.882    27.982 30 54445.75099811 39.198
 65  48.347480  52.653633    28.092    28.208 30 54480.75101918 27.460
 66  48.340199  52.654167    27.548    27.530 31 54515.75101195 15.884
 67  48.349924  52.654412    28.278    28.239 30 54550.75103236 34.187
 68  48.345194  52.653054    29.122    29.164 31 54585.75100756 47.562
 69  48.345915  52.653265    28.172    28.115 30 54620.75102665 27.863
 70  48.344289  52.655087    27.874    27.833 29 54655.75103731 36.062
 71  48.348759  52.653176    28.256    28.283 31 54690.75102235 49.124
 72  48.340434  52.654782    28.071    28.077 29 54725.75098830 12.367
 73  48.346123  52.653795    27.101    27.597 30 54760.75099899 17.378
 74  48.335782  52.656315    28.131    28.136 29 54795.75098174 14.107
 75  48.345880  52.653976    28.044    28.029 30 54830.75099937 43.036
 76  48.340463  52.654110    28.325    28.322 31 54865.75097632 27.674
 77  48.347773  52.653541    28.596    28.438 30 54900.75099803 12.004
 78  48.343260  52.652924    28.552    28.480 30 54935.75096739 44.179
 79  48.345062  52.654312    27.977    28.009 30 54970.75100039 23.774
 80  48.343798  52.654524    27.746    27.811 29 55005.75101983 15.397
 81  48.347022  52.653671    27.014    27.437 30 55040.75100754 24.790
 82  48.349546  52.653940    28.078    28.081 31 55075.75098944 40.158
 83  48.341887  52.653576    27.913    27.931 30 55110.75094012 15.036
 84  48.345798  52.653319    27.225    27.762 30 55145.75094240 35.979
 85  48.337945  52.655049    27.958    27.954 30 55180.75091766 33.560
 86  48.347402  52.654184    27.575    27.565 30 55215.75093717 17.951
 87  48.342682  52.654248    27.615    27.552 31 55250.75091409 14.614
 88  48.349110  52.653444    28.379    28.414 31 55285.75093076 15.935
 89  48.345326  52.653126    28.842    28.840 31 55320.75090451 31.662
 90  48.346334  52.654163    27.226    27.656 30 55355.75090502 32.591
 91  48.339576  52.655985    26.439    27.421 30 55390.75090590 18.215
 92  48.347144  52.652830    25.039    24.294 31 55425.75092167 24.463
 93  48.351139  52.656127    27.965    27.968 30 55460.75089010 12.411
