# NaN NaN NaN ;Mean Elev.(m), Avg Gradient(m/km), RMS Gradient(m/km) - SRTM1     
#    6.436 -12.609  18.319 ;Mean Elev.(m), Avg Gradient(m/km), RMS Gradient(m/km) - ASTER GDEM
#    8.958 -12.238  18.106 ;Mean Elev.(m), Avg Gradient(m/km), RMS Gradient(m/km) - GMTED2010 
  8    18.678 52499.31832107 49.07  46.367453  51.779809 10.823
  8    15.677 52499.31832171 44.92  46.365933  51.776589 10.823
  8    15.578 52499.31832236 45.95  46.364423  51.773359 10.823
  8    15.645 52499.31832300 35.05  46.362903  51.770129 10.823
  8    15.491 52499.31832364 35.12  46.361393  51.766909 10.823
  8    14.685 52499.31832429 37.56  46.359873  51.763679 10.823
  8    15.133 52499.31832493 33.61  46.358363  51.760449 10.823
  8    14.765 52499.31832558 34.63  46.356853  51.757229 10.823
  8    14.742 52499.31832622 32.45  46.355333  51.753999 10.823
 11    16.154 52604.31831976 27.73  46.369338  51.790318 11.740
 11    16.161 52604.31832040 27.00  46.367818  51.787088 11.740
 11    15.885 52604.31832169 23.05  46.364788  51.780638 11.740
 11    15.596 52604.31832233 21.83  46.363278  51.777408 11.740
 11    15.532 52604.31832298 22.00  46.361758  51.774188 11.740
 11    16.009 52604.31832362 22.46  46.360248  51.770958 11.740
 11    16.330 52604.31832427 22.85  46.358728  51.767728 11.740
 11    15.375 52604.31832491 22.10  46.357218  51.764508 11.740
 11    15.105 52604.31832556 21.52  46.355705  51.761282 20.909
 11    15.419 52604.31832620 21.54  46.354185  51.758052 20.909
 11    15.856 52604.31832685 21.82  46.352675  51.754822 20.909
 12   102.312 52639.31830249  0.26  46.374112  51.778265  3.634
 12   100.706 52639.31830314  0.02  46.372592  51.775035  3.634
 13   110.820 52674.31829608  2.10  46.372805  51.791723  3.376
 13   109.546 52674.31829672  1.83  46.371295  51.788493  3.376
 13   107.525 52674.31829737  2.64  46.369775  51.785263  3.376
 13   106.082 52674.31829801  3.16  46.368265  51.782043  3.376
 13   104.460 52674.31829866  2.41  46.366745  51.778813  3.376
 13   102.472 52674.31829930  3.01  46.365235  51.775583  3.376
 13   100.933 52674.31829995  2.49  46.363715  51.772363  3.376
 13    99.836 52674.31830059  0.57  46.362200  51.769128  3.903
 14   111.256 52709.31831014  0.70  46.381380  51.793886  2.625
 14   109.489 52709.31831078  1.48  46.379860  51.790666  2.625
 14   107.447 52709.31831143  1.90  46.378340  51.787436  2.625
 14   105.976 52709.31831207  1.93  46.376831  51.784206  3.541
 14   103.903 52709.31831272  2.76  46.375311  51.780986  3.541
 14   102.513 52709.31831336  1.68  46.373791  51.777756  3.541
 14    31.382 52709.31831852  1.36  46.361671  51.751946  3.541
 16    18.043 52779.31827723 48.97  46.377613  51.780175 15.988
 16    17.978 52779.31827787 49.92  46.376103  51.776955 15.988
 16    18.047 52779.31827851 50.27  46.374587  51.773723 28.496
 16    17.641 52779.31827916 48.70  46.373067  51.770503 28.496
 16    17.810 52779.31827980 44.79  46.371547  51.767273 28.496
 16    17.775 52779.31828045 45.99  46.370037  51.764043 28.496
 16    17.674 52779.31828109 44.07  46.368517  51.760823 28.496
 16    17.748 52779.31828174 41.02  46.367007  51.757593 28.496
 16    17.538 52779.31828238 40.48  46.365487  51.754363 28.496
 16    17.295 52779.31828303 39.81  46.363977  51.751143 28.496
 16    17.505 52779.31828367 38.84  46.362457  51.747913 28.496
 17    15.842 52814.31835889 42.50  46.381439  51.793142 14.145
 17    15.224 52814.31835953 41.67  46.379919  51.789912 14.145
 17    16.095 52814.31836018 40.05  46.378399  51.786692 14.145
 17    15.681 52814.31836082 34.89  46.376884  51.783461 20.024
 17    15.526 52814.31836147 29.74  46.375364  51.780241 20.024
 17    15.662 52814.31836276 31.88  46.372334  51.773781 20.024
 17    15.067 52814.31836404 32.75  46.369304  51.767331 20.024
 17    15.108 52814.31836469 32.26  46.367784  51.764101 20.024
 17    15.278 52814.31836533 32.27  46.366274  51.760881 20.024
 17    15.374 52814.31836598 32.22  46.364754  51.757651 20.024
 17    15.266 52814.31836662 32.28  46.363244  51.754421 20.024
 17    15.705 52814.31836727 34.33  46.361724  51.751201 20.024
 18    35.871 52849.31841898 27.14  46.365273  51.756878 18.891
 18    27.040 52849.31841962 25.37  46.363753  51.753648 18.891
 18    16.966 52849.31842027 24.12  46.362243  51.750418 18.891
 21    15.375 52954.31837390 44.12  46.372686  51.757290 27.060
 21    16.769 52954.31837454 28.30  46.371166  51.754060 27.060
 21    15.025 52954.31837518 19.61  46.369656  51.750830 27.060
 21    15.366 52954.31837583 20.05  46.368136  51.747610 27.060
 21    15.635 52954.31837647 27.16  46.366626  51.744380 27.060
 22    21.062 52989.31837891 35.06  46.380001  51.777665  6.438
 22    19.794 52989.31837955 39.84  46.378491  51.774435  6.438
 24   101.738 53059.31835848  0.33  46.381924  51.779877  2.534
 24   100.058 53059.31835913  0.31  46.380404  51.776647  2.534
 26    17.413 53129.31836797 35.11  46.380891  51.779532 12.993
 26    17.344 53129.31836862 32.60  46.379381  51.776302 12.993
 26    17.184 53129.31836926 34.39  46.377861  51.773082 12.993
 26    17.488 53129.31837313 36.29  46.368767  51.753718 23.550
 26    17.186 53129.31837378 39.17  46.367257  51.750488 23.550
 26    17.555 53129.31837442 37.16  46.365747  51.747268 23.550
 28    16.703 53199.31843528 46.13  46.377444  51.791747 17.649
 28    16.266 53199.31843592 43.47  46.375924  51.788517 17.649
 28    16.262 53199.31843656 42.24  46.374414  51.785297 17.649
 28    16.823 53199.31843721 39.22  46.372895  51.782064 24.660
 28    16.219 53199.31843785 42.37  46.371385  51.778844 24.660
 28    16.529 53199.31843850 45.10  46.369865  51.775614 24.660
 28    16.334 53199.31843914 44.94  46.368355  51.772384 24.660
 28    16.504 53199.31843979 33.81  46.366835  51.769164 24.660
 28    16.341 53199.31844043 38.95  46.365315  51.765934 24.660
 28    16.198 53199.31844108 36.49  46.363805  51.762704 24.660
 28    16.199 53199.31844172 39.16  46.362295  51.759484 24.660
 28    15.974 53199.31844237 40.93  46.360775  51.756254 24.660
 28    15.907 53199.31844301 38.60  46.359265  51.753024 24.660
 30    15.606 53269.31837874 49.35  46.366849  51.753455 30.102
 30    15.522 53269.31837939 47.27  46.365329  51.750235 30.102
 30    15.619 53269.31838003 42.74  46.363819  51.747005 30.102
 31    19.141 53304.31843261 38.38  46.373581  51.792022 25.008
 31    19.169 53304.31843325 38.45  46.372061  51.788802 25.008
 31    18.868 53304.31843390 41.16  46.370541  51.785572 25.008
 31    18.403 53304.31843454 43.20  46.369031  51.782342 25.008
 31    19.423 53304.31843519 40.73  46.367511  51.779122 25.008
 31    18.822 53304.31843583 40.76  46.366001  51.775892 25.008
 31    17.517 53304.31843648 42.91  46.364481  51.772662 25.008
 31    17.199 53304.31843712 33.13  46.362971  51.769442 25.008
 31    17.051 53304.31843777 31.93  46.361451  51.766212 25.008
 31    17.553 53304.31843841 36.49  46.359931  51.762982 25.008
 31    17.271 53304.31843906 40.19  46.358421  51.759762 25.008
 31    17.074 53304.31843970 40.94  46.356901  51.756532 25.008
 31    16.971 53304.31844034 44.13  46.355391  51.753302 25.008
 32    15.879 53339.31840164 48.75  46.372580  51.791370 24.690
 32    15.628 53339.31840228 49.67  46.371070  51.788150 24.690
 32    15.297 53339.31840293 49.47  46.369550  51.784920 24.690
 32    15.787 53339.31840357 49.03  46.368040  51.781690 24.690
 32    15.650 53339.31840422 48.71  46.366520  51.778470 24.690
 32    15.652 53339.31840486 45.48  46.365010  51.775240 24.690
 32    15.653 53339.31840551 43.27  46.363490  51.772010 24.690
 32    15.392 53339.31840615 38.70  46.361980  51.768790 24.690
 32    15.454 53339.31840680 46.52  46.360460  51.765560 24.690
 32    15.865 53339.31840744 37.22  46.358950  51.762330 24.690
 32    15.240 53339.31840809 34.68  46.357430  51.759110 24.690
 32    15.308 53339.31840873 32.27  46.355920  51.755880 24.690
 32    14.845 53339.31840938 33.21  46.354410  51.752650 24.690
 33    16.968 53374.31833374 24.53  46.370192  51.790589 12.213
 33    16.883 53374.31833438 26.09  46.368682  51.787369 12.213
 33    17.298 53374.31833503 27.31  46.367162  51.784139 12.213
 33    16.217 53374.31833567 26.58  46.365652  51.780909 12.213
 33    16.721 53374.31833632 26.75  46.364132  51.777689 12.213
 33    16.565 53374.31833696 27.30  46.362622  51.774459 12.213
 33    17.678 53374.31833761 26.63  46.361102  51.771229 12.213
 33    18.698 53374.31833825 27.00  46.359592  51.768009 12.213
 33    18.272 53374.31833890 27.40  46.358082  51.764779 12.213
 33    18.050 53374.31833954 28.61  46.356562  51.761549 12.213
 33    18.601 53374.31834018 28.17  46.355052  51.758329 12.213
 35   110.420 53444.31835963  3.83  46.366325  51.788962  3.861
 35   109.052 53444.31836027  2.93  46.364805  51.785732  3.861
 35   107.445 53444.31836092  4.06  46.363295  51.782502  3.861
 35   105.714 53444.31836156  4.40  46.361775  51.779282  3.861
 35   104.133 53444.31836221  3.23  46.360265  51.776052  3.861
 35   102.700 53444.31836285  2.01  46.358745  51.772822  3.861
 36    21.045 53479.31843702 42.15  46.374272  51.791629 15.471
 36    18.824 53479.31843766 41.19  46.372762  51.788399 15.471
 36   -38.512 53479.31844088  8.54  46.365172  51.772269 15.471
 37    17.904 53514.31844473 53.24  46.375656  51.790849 29.875
 37    18.012 53514.31844537 51.56  46.374146  51.787629 29.875
 37    17.799 53514.31844602 51.64  46.372626  51.784399 29.875
 37    18.096 53514.31844666 49.93  46.371116  51.781169 29.875
 37    18.159 53514.31844730 46.88  46.369596  51.777949 29.875
 37    18.009 53514.31844795 48.07  46.368086  51.774719 29.875
 37    18.002 53514.31844859 47.16  46.366566  51.771489 29.875
 37    17.869 53514.31844924 45.07  46.365056  51.768269 29.875
 37    17.957 53514.31844988 47.85  46.363536  51.765039 29.875
 37    17.900 53514.31845053 48.81  46.362026  51.761809 29.875
 37    17.845 53514.31845117 44.90  46.360506  51.758589 29.875
 37    17.742 53514.31845182 41.45  46.358996  51.755359 29.875
 37    17.785 53514.31845246 41.37  46.357476  51.752129 29.875
 39    15.497 53584.31842705 32.62  46.374142  51.790669 20.582
 39    15.328 53584.31842769 33.75  46.372632  51.787449 20.582
 39    15.569 53584.31842833 51.82  46.371112  51.784219 20.582
 39    16.163 53584.31842898 48.93  46.369602  51.780989 20.582
 39    15.714 53584.31842962 41.96  46.368082  51.777769 20.582
 39    15.628 53584.31843027 45.24  46.366572  51.774539 20.582
 39    15.841 53584.31843091 43.01  46.365052  51.771309 20.582
 39    15.540 53584.31843156 42.30  46.363542  51.768089 20.582
 39    15.622 53584.31843220 35.06  46.362022  51.764859 20.582
 39    15.495 53584.31843285 35.58  46.360512  51.761629 20.582
 39    15.372 53584.31843349 35.78  46.358992  51.758409 20.582
 39    15.406 53584.31843414 36.14  46.357482  51.755179 20.582
 39    15.159 53584.31843478 38.44  46.355972  51.751949 20.582
 40    16.793 53619.31838581 28.64  46.358821  51.781256 19.686
 40    15.118 53619.31838645 23.64  46.357301  51.778036 19.686
 40    15.261 53619.31838710 23.52  46.355791  51.774806 19.686
 40    16.879 53619.31838774 30.56  46.354271  51.771576 19.686
 40    16.440 53619.31838839 27.13  46.352761  51.768356 19.686
 40    15.684 53619.31838903 27.23  46.351251  51.765126 19.686
 40    15.828 53619.31838968 27.28  46.349731  51.761896 19.686
 40    16.012 53619.31839032 26.89  46.348221  51.758676 19.686
 40    16.974 53619.31839097 34.11  46.346711  51.755446 19.686
 41    15.685 53654.31841168 36.40  46.372005  51.776685 17.518
 41    16.678 53654.31841233 28.05  46.370485  51.773455 17.518
 41    15.426 53654.31841297 28.08  46.368975  51.770235 17.518
 41    15.318 53654.31841362 23.92  46.367455  51.767005 17.518
 41    15.367 53654.31841426 24.39  46.365935  51.763775 17.518
 41    15.402 53654.31841491 20.76  46.364425  51.760555 17.518
 41    15.420 53654.31841555 21.26  46.362915  51.757325 17.518
 41    15.340 53654.31841620 22.38  46.361395  51.754095 17.518
 41    15.442 53654.31841684 22.33  46.359885  51.750875 17.518
 42    15.995 53689.31840490 22.66  46.371887  51.791392 10.866
 42    16.172 53689.31840555 21.27  46.370377  51.788172 10.866
 42    16.289 53689.31840619 22.59  46.368857  51.784942 10.866
 42    15.661 53689.31840684 22.25  46.367347  51.781712 10.866
 42    15.378 53689.31840748 20.69  46.365827  51.778492 10.866
 42    15.400 53689.31840813 20.56  46.364317  51.775262 10.866
 42    15.256 53689.31840877 20.75  46.362797  51.772032 10.866
 42    14.988 53689.31840942 22.84  46.361287  51.768812 10.866
 42    15.588 53689.31841006 20.43  46.359767  51.765582 10.866
 42    15.484 53689.31841071 20.29  46.358257  51.762352 10.866
 42    15.250 53689.31841135 20.72  46.356737  51.759132 10.866
 42    15.925 53689.31841200 21.48  46.355227  51.755902 10.866
 43    15.577 53724.31833007 29.60  46.368494  51.788433 13.218
 43    15.484 53724.31833071 27.28  46.366974  51.785203 13.218
 43    15.333 53724.31833136 26.01  46.365464  51.781973 13.218
 43    14.751 53724.31833200 25.09  46.363944  51.778753 13.218
 43    14.697 53724.31833265 23.30  46.362434  51.775523 13.218
 43    14.809 53724.31833329 22.18  46.360914  51.772293 13.218
 43    14.762 53724.31833394 22.13  46.359404  51.769073 13.218
 43    15.358 53724.31833458 21.21  46.357894  51.765843 13.218
 43    15.364 53724.31833523 21.33  46.356374  51.762613 13.218
 43    15.119 53724.31833587 23.13  46.354864  51.759393 13.218
 43    15.536 53724.31833652 24.89  46.353344  51.756163 13.218
 43    15.860 53724.31833716 30.28  46.351834  51.752933 13.218
 44    15.629 53759.31827314 25.14  46.383828  51.778067  3.453
 44    15.568 53759.31827379 25.82  46.382318  51.774837  3.453
 44    15.522 53759.31827443 26.64  46.380798  51.771607  3.453
 44    15.568 53759.31827508 27.08  46.379278  51.768387  3.453
 44    15.656 53759.31827572 27.20  46.377768  51.765157  3.453
 44    15.370 53759.31827637 27.50  46.376248  51.761927  3.453
 44    15.327 53759.31827701 27.99  46.374738  51.758707  3.453
 44    15.399 53759.31827766 27.74  46.373218  51.755477  3.453
 44    15.418 53759.31827830 27.18  46.371708  51.752247  3.453
 44    15.445 53759.31827895 27.52  46.370188  51.749027  3.453
 44    15.337 53759.31827959 27.44  46.368679  51.745794  3.040
 45   110.554 53794.31829032  3.02  46.376605  51.791743  4.180
 45   109.305 53794.31829096  2.60  46.375095  51.788523  4.180
 45   107.196 53794.31829161  4.56  46.373575  51.785293  4.180
 45    58.266 53794.31829483  0.52  46.366005  51.769163  4.180
 45    52.337 53794.31829612  1.28  46.362975  51.762703  4.180
 45    16.442 53794.31829676 17.23  46.361465  51.759483  4.180
 45    15.887 53794.31829741 20.16  46.359945  51.756253  4.180
 45    15.703 53794.31829805 21.52  46.358435  51.753023  4.180
 46   100.727 53829.31826712 10.17  46.382788  51.779770  8.120
 46    99.210 53829.31826777  9.70  46.381278  51.776540  8.120
 46    97.797 53829.31826841  9.31  46.379758  51.773310  8.120
 46    96.526 53829.31826906  7.85  46.378238  51.770090  8.120
 46    94.835 53829.31826970  8.64  46.376728  51.766860  8.120
 46    92.767 53829.31827035  9.78  46.375208  51.763630  8.120
 46    90.483 53829.31827099  9.37  46.373698  51.760410  8.120
 46    88.615 53829.31827164  7.09  46.372178  51.757180  8.120
 46    85.947 53829.31827228  6.31  46.370668  51.753950  8.120
 46    83.335 53829.31827292  2.37  46.369148  51.750730  8.120
 46    80.311 53829.31827357  0.82  46.367632  51.747506  8.723
 47    18.115 53864.31834523 39.86  46.377550  51.791490 14.670
 47    16.559 53864.31834587 45.37  46.376040  51.788260 14.670
 47    17.167 53864.31834652 41.01  46.374520  51.785040 14.670
 47    17.332 53864.31834716 32.60  46.373000  51.781810 14.670
 47    17.145 53864.31835103 24.75  46.363910  51.762450 14.670
 47    16.970 53864.31835167 25.16  46.362400  51.759220 14.670
 47    16.903 53864.31835232 24.44  46.360880  51.756000 14.670
 47    17.184 53864.31835296 25.52  46.359370  51.752770 14.670
 48    15.411 53899.31837180 42.20  46.374168  51.784247 15.552
 48    15.218 53899.31837245 30.47  46.372648  51.781027 15.552
 48    15.308 53899.31837309 30.51  46.371138  51.777797 15.552
 48    15.529 53899.31837373 35.57  46.369618  51.774567 15.552
 48    15.232 53899.31837438 34.22  46.368108  51.771347 15.552
 48    15.539 53899.31837502 36.72  46.366588  51.768117 15.552
 48    15.313 53899.31837567 33.58  46.365068  51.764887 15.552
 48    15.352 53899.31837631 34.89  46.363558  51.761667 15.552
 48    15.525 53899.31837696 38.11  46.362048  51.758437 15.552
 48    15.305 53899.31837760 37.84  46.360528  51.755207 15.552
 48    15.359 53899.31837825 41.65  46.359018  51.751987 15.552
 49    15.354 53934.31841560 30.90  46.363780  51.786817 18.831
 49    15.130 53934.31841689 33.34  46.360750  51.780357 18.831
 49    14.706 53934.31841754 35.46  46.359230  51.777137 18.831
 49    15.287 53934.31841818 35.89  46.357720  51.773907 18.831
 49    16.016 53934.31841883 30.73  46.356200  51.770677 18.831
 49    14.058 53934.31841947 28.83  46.354690  51.767457 18.831
 49    14.391 53934.31842011 28.49  46.353170  51.764227 18.831
 49    14.758 53934.31842076 27.92  46.351660  51.760997 18.831
 49    14.871 53934.31842140 28.40  46.350140  51.757777 18.831
 49    15.305 53934.31842205 38.88  46.348630  51.754547 18.831
 50    15.406 53969.31838611 36.56  46.365869  51.787401 24.747
 50    15.397 53969.31838675 42.84  46.364359  51.784181 24.747
 50    15.410 53969.31838740 47.44  46.362839  51.780951 24.747
 50    15.498 53969.31838804 46.80  46.361329  51.777721 24.747
 50    15.493 53969.31838869 43.90  46.359809  51.774501 24.747
 50    15.810 53969.31838933 38.70  46.358299  51.771271 24.747
 50    15.303 53969.31838998 35.49  46.356779  51.768041 24.747
 50    14.829 53969.31839062 39.08  46.355269  51.764821 24.747
 50    15.187 53969.31839127 32.41  46.353749  51.761591 24.747
 50    14.989 53969.31839191 32.07  46.352239  51.758361 24.747
 50    15.202 53969.31839256 29.49  46.350729  51.755141 24.747
 51    15.694 54004.31836376 44.63  46.373941  51.761515 26.015
 51    16.332 54004.31836441 42.66  46.372421  51.758285 26.015
 51    16.337 54004.31836505 40.92  46.370911  51.755065 26.015
 51    15.319 54004.31836570 25.49  46.369391  51.751835 26.015
 51    14.953 54004.31836634 28.40  46.367881  51.748605 26.015
 51    15.137 54004.31836698 29.56  46.366361  51.745385 26.015
 52    15.645 54039.31839344 25.65  46.377091  51.778796 21.239
 52    15.029 54039.31839795 21.51  46.366491  51.756206 21.239
 52    15.102 54039.31839860 20.50  46.364971  51.752986 21.239
 52    15.312 54039.31839924 20.38  46.363461  51.749756 21.239
 53    15.888 54074.31838599 48.22  46.374902  51.790238 19.172
 53    16.015 54074.31838663 45.62  46.373382  51.787008 19.172
 53    15.400 54074.31838728 37.04  46.371872  51.783788 19.172
 53    15.764 54074.31838792 28.94  46.370352  51.780558 19.172
 53    15.514 54074.31839243 32.20  46.359752  51.757968 19.172
 53    16.573 54074.31839372 46.31  46.356722  51.751518 19.172
 54    24.431 54109.31833195 29.23  46.363884  51.788136 27.166
 54    23.262 54109.31833259 29.97  46.362374  51.784916 27.166
 54    24.268 54109.31833324 30.45  46.360854  51.781686 27.166
 54    23.072 54109.31833388 29.76  46.359344  51.778456 27.166
 54    23.186 54109.31833453 29.92  46.357824  51.775236 27.166
 54    22.169 54109.31833517 29.70  46.356314  51.772006 27.166
 54    24.863 54109.31833582 29.75  46.354794  51.768776 27.166
 54    25.717 54109.31833646 37.55  46.353284  51.765556 27.166
 54    24.998 54109.31833711 31.44  46.351774  51.762326 27.166
 54    23.963 54109.31833775 38.97  46.350254  51.759096 27.166
 54    17.326 54109.31833839 43.93  46.348744  51.755876 27.166
 55   105.494 54144.31832444  0.45  46.377042  51.784556  4.320
 55   103.537 54144.31832509  0.41  46.375522  51.781326  4.320
 55   101.671 54144.31832573  1.19  46.374012  51.778096  4.320
 57    17.982 54214.31833071 31.37  46.378655  51.791990 15.462
 57    17.466 54214.31833329 26.64  46.372591  51.779087 31.084
 57    17.416 54214.31833844 44.92  46.360471  51.753267 31.084
 57    17.422 54214.31833909 43.21  46.358951  51.750047 31.084
 58    17.407 54249.31835867 45.63  46.376715  51.790383 17.381
 58    17.091 54249.31835996 39.99  46.373685  51.783933 17.381
 58    16.994 54249.31836061 32.46  46.372166  51.780699 25.128
 58    16.732 54249.31836125 28.30  46.370656  51.777479 25.128
 58    16.547 54249.31836254 25.43  46.367616  51.771019 25.128
 58    16.684 54249.31836318 25.74  46.366106  51.767799 25.128
 58    16.650 54249.31836383 24.82  46.364586  51.764569 25.128
 58    16.607 54249.31836447 23.20  46.363076  51.761339 25.128
 58    16.476 54249.31836512 23.04  46.361566  51.758119 25.128
 58    15.980 54249.31836576 29.94  46.360046  51.754889 25.128
 58    16.731 54249.31836641 27.40  46.358536  51.751659 25.128
 59    10.258 54284.31836660 29.95  46.375920  51.790726 14.256
 59    15.404 54284.31836724 29.70  46.374400  51.787496 14.256
 59    15.779 54284.31836789 38.30  46.372890  51.784266 14.256
 59    16.088 54284.31836853 30.01  46.371370  51.781046 14.256
 59    14.242 54284.31836918 34.97  46.369861  51.777813 35.088
 59    15.624 54284.31836982 35.84  46.368341  51.774593 35.088
 59    15.695 54284.31837047 43.60  46.366831  51.771363 35.088
 59    15.617 54284.31837111 44.03  46.365311  51.768133 35.088
 59    15.823 54284.31837176 48.91  46.363801  51.764913 35.088
 59    15.854 54284.31837240 44.82  46.362281  51.761683 35.088
 59    15.672 54284.31837305 37.52  46.360771  51.758453 35.088
 59    15.470 54284.31837369 36.54  46.359251  51.755233 35.088
 59    15.548 54284.31837434 37.32  46.357741  51.752003 35.088
 60    15.512 54319.31836375 36.74  46.377189  51.792383 20.887
 60    15.491 54319.31836440 34.28  46.375669  51.789163 20.887
 60    15.421 54319.31836504 40.88  46.374159  51.785933 20.887
 60    15.556 54319.31836569 44.62  46.372639  51.782703 20.887
 60    15.551 54319.31836633 34.39  46.371119  51.779483 20.887
 60    15.466 54319.31836698 43.57  46.369612  51.776249 26.305
 60    15.499 54319.31836762 37.64  46.368092  51.773029 26.305
 60    15.380 54319.31836827 30.18  46.366582  51.769799 26.305
 60    15.370 54319.31836891 30.85  46.365062  51.766569 26.305
 60    15.322 54319.31836956 35.01  46.363552  51.763349 26.305
 60    15.244 54319.31837020 33.16  46.362032  51.760119 26.305
 60    15.200 54319.31837084 36.22  46.360522  51.756889 26.305
 60    15.384 54319.31837149 35.42  46.359002  51.753669 26.305
 61    17.352 54354.31832760 22.01  46.370627  51.790577 18.924
 61    17.257 54354.31832825 22.47  46.369117  51.787357 18.924
 61    17.224 54354.31832889 24.42  46.367597  51.784127 18.924
 61    16.675 54354.31832954 21.01  46.366087  51.780897 18.924
 61    16.380 54354.31833018 23.41  46.364567  51.777677 18.924
 61    16.166 54354.31833082 24.00  46.363053  51.774450 16.331
 62    15.586 54389.31830395 22.47  46.378689  51.792646  9.444
 62    15.552 54389.31830460 20.83  46.377179  51.789416  9.444
 62    16.224 54389.31830524 19.63  46.375659  51.786196  9.444
 62    15.687 54389.31830589 19.88  46.374149  51.782966  9.444
 62    15.194 54389.31830653 22.70  46.372629  51.779736  9.444
 62    15.569 54389.31830718 18.87  46.371119  51.776516  9.444
 62    15.626 54389.31830782 18.27  46.369599  51.773286  9.444
 62    15.572 54389.31830847 19.37  46.368079  51.770056  9.444
 62    15.762 54389.31830911 18.11  46.366569  51.766836  9.444
 62    15.545 54389.31830976 18.36  46.365052  51.763602 24.911
 62    15.707 54389.31831040 17.94  46.363542  51.760382 24.911
 62    15.366 54389.31831105 17.53  46.362022  51.757152 24.911
 62    15.269 54389.31831169 19.11  46.360512  51.753922 24.911
 62    15.688 54389.31831234 19.77  46.358992  51.750702 24.911
 63    15.208 54424.31827742 34.21  46.373087  51.791512 13.232
 63    15.116 54424.31827807 29.51  46.371577  51.788282 13.232
 63    15.817 54424.31827871 27.34  46.370057  51.785052 13.232
 63    14.827 54424.31827936 25.95  46.368547  51.781832 13.232
 63    14.473 54424.31828000 25.34  46.367027  51.778602 13.232
 63    15.782 54424.31828065 23.70  46.365507  51.775372 13.232
 63    15.839 54424.31828129 23.92  46.363997  51.772152 13.232
 63    15.412 54424.31828194 20.50  46.362487  51.768922 13.232
 63    15.065 54424.31828258 20.46  46.360967  51.765692 13.232
 63    14.821 54424.31828322 21.34  46.359457  51.762472 13.232
 63    14.719 54424.31828387 22.80  46.357934  51.759245 20.388
 63    14.835 54424.31828451 24.48  46.356424  51.756015 20.388
 63    15.624 54424.31828516 29.66  46.354914  51.752785 20.388
 64    40.088 54459.31828272  1.80  46.374858  51.774926  3.541
 64    37.528 54459.31828336  3.37  46.373338  51.771696  3.541
 64    16.760 54459.31828465 25.05  46.370309  51.765243  8.176
 64    16.833 54459.31828530 26.49  46.368789  51.762023  8.176
 64    17.091 54459.31828594 25.97  46.367279  51.758793  8.176
 64    15.413 54459.31828659 28.73  46.365759  51.755563  8.176
 64    17.308 54459.31828723 25.63  46.364249  51.752343  8.176
 64    17.143 54459.31828788 25.73  46.362729  51.749113  8.176
 65    17.060 54494.31828708 16.98  46.362108  51.766488  4.114
 65    16.378 54494.31828773 19.62  46.360598  51.763258  4.114
 65    17.137 54494.31828837 17.45  46.359078  51.760028  4.114
 65    17.099 54494.31828902 16.35  46.357568  51.756808  4.114
 65    16.507 54494.31828966 15.59  46.356053  51.753582  4.014
 67    14.404 54564.31828915 35.73  46.368997  51.790386 18.488
 67    15.847 54564.31828980 26.76  46.367477  51.787156 18.488
 67    15.909 54564.31829044 35.07  46.365967  51.783936 18.488
 67    15.482 54564.31829109 26.16  46.364447  51.780709 17.611
 67    15.617 54564.31829173 25.11  46.362937  51.777479 17.611
 67    16.014 54564.31829366 22.18  46.358387  51.767799 17.611
 67    14.984 54564.31829431 20.08  46.356877  51.764569 17.611
 67    14.830 54564.31829495 19.59  46.355367  51.761349 17.611
 67    15.126 54564.31829560 19.64  46.353847  51.758119 17.611
 67    15.556 54564.31829624 26.20  46.352337  51.754889 17.611
 68    15.885 54599.31828732 41.14  46.377918  51.793443 15.405
 68    16.998 54599.31828796 32.19  46.376398  51.790213 15.405
 68    17.076 54599.31828861 34.58  46.374888  51.786993 15.405
 68    16.704 54599.31828925 30.00  46.373367  51.783759 23.963
 68    16.275 54599.31828990 27.85  46.371857  51.780539 23.963
 68    16.566 54599.31829054 25.90  46.370337  51.777309 23.963
 68    16.486 54599.31829119 30.08  46.368827  51.774079 23.963
 68    17.029 54599.31829183 24.03  46.367307  51.770859 23.963
 68    16.914 54599.31829248 23.71  46.365797  51.767629 23.963
 68    16.562 54599.31829312 24.64  46.364277  51.764399 23.963
 68    16.645 54599.31829377 22.19  46.362767  51.761179 23.963
 68    16.243 54599.31829441 21.48  46.361247  51.757949 23.963
 68    16.476 54599.31829505 21.19  46.359737  51.754719 23.963
 68    16.716 54599.31829570 24.34  46.358217  51.751499 23.963
 69    15.052 54634.31830141 51.73  46.373170  51.787490 11.560
 69    15.090 54634.31830205 51.61  46.371651  51.784258 34.961
 69    14.956 54634.31830270 52.78  46.370141  51.781038 34.961
 69    14.993 54634.31830334 51.97  46.368621  51.777808 34.961
 69    14.974 54634.31830398 52.06  46.367111  51.774578 34.961
 69    15.604 54634.31830463 45.88  46.365591  51.771358 34.961
 69    15.000 54634.31830527 45.66  46.364071  51.768128 34.961
 69    15.115 54634.31830592 43.20  46.362561  51.764898 34.961
 69    15.067 54634.31830656 39.37  46.361051  51.761678 34.961
 69    14.957 54634.31830721 40.75  46.359531  51.758448 34.961
 69    15.079 54634.31830785 43.34  46.358021  51.755218 34.961
 69    14.924 54634.31830850 42.74  46.356501  51.751998 34.961
 72    34.387 54739.31827463 23.43  46.364125  51.756404 15.178
 72    23.370 54739.31827528 23.60  46.362605  51.753184 15.178
 72    17.072 54739.31827592 23.18  46.361095  51.749954 15.178
 73    31.396 54774.31825694 20.98  46.358941  51.759002 20.732
 73    16.773 54774.31825758 20.30  46.357431  51.755772 20.732
 73    16.951 54774.31825823 23.86  46.355921  51.752542 20.732
 74    16.130 54809.31826346 29.02  46.376324  51.779518 25.808
 74    28.762 54809.31826475 27.65  46.373284  51.773068 25.808
 74    17.366 54809.31826540 28.83  46.371774  51.769838 25.808
 74    16.832 54809.31826604 22.65  46.370254  51.766608 25.808
 74    17.383 54809.31826669 32.03  46.368744  51.763388 25.808
 74    17.544 54809.31826733 30.93  46.367224  51.760158 25.808
 74    16.865 54809.31826798 20.85  46.365714  51.756928 25.808
 74    16.572 54809.31826862 19.75  46.364194  51.753708 25.808
 74    16.584 54809.31826927 20.92  46.362684  51.750478 25.808
 75    40.056 54844.31825174  2.09  46.365996  51.775236  8.864
 75    38.105 54844.31825239  4.49  46.364476  51.772006  8.864
 75    17.365 54844.31825368 22.87  46.361446  51.765556  8.864
 75    18.357 54844.31825432 27.97  46.359936  51.762326  8.864
 75    16.430 54844.31825497 28.04  46.358426  51.759106  8.864
 75    16.874 54844.31825561 27.01  46.356906  51.755876  8.864
 75    16.651 54844.31825625 27.71  46.355396  51.752646  8.864
 76   110.062 54879.31826445  7.39  46.377691  51.792593  2.982
 76   108.659 54879.31826510  6.85  46.376182  51.789363  4.647
 76   106.838 54879.31826574  8.14  46.374662  51.786143  4.647
 76   105.434 54879.31826639  7.37  46.373142  51.782913  4.647
 76   103.850 54879.31826703  7.24  46.371632  51.779683  4.647
 76   102.306 54879.31826767  7.46  46.370112  51.776463  4.647
 76   100.351 54879.31826832  6.91  46.368602  51.773233  4.647
 76    99.309 54879.31826896  5.52  46.367082  51.770003  4.647
 76    97.294 54879.31826961  5.24  46.365572  51.766783  4.647
 76    95.402 54879.31827025  4.27  46.364052  51.763553  4.647
 76    93.486 54879.31827090  3.87  46.362542  51.760323  4.647
 78    17.340 54949.31826068 44.70  46.367225  51.771144 30.769
 78    17.391 54949.31826133 44.50  46.365705  51.767914 30.769
 78    17.527 54949.31826197 47.08  46.364195  51.764684 30.769
 78    17.405 54949.31826262 49.88  46.362675  51.761464 30.769
 78    17.455 54949.31826326 50.35  46.361165  51.758234 30.769
 78    17.420 54949.31826391 49.36  46.359645  51.755004 30.769
 78    17.502 54949.31826455 49.44  46.358135  51.751784 30.769
 79    15.546 54984.31828173 29.81  46.375519  51.792230 17.577
 79    15.492 54984.31828238 35.19  46.374009  51.789010 17.577
 79    15.503 54984.31828302 37.05  46.372487  51.785777 25.762
 79    15.619 54984.31828367 32.45  46.370977  51.782557 25.762
 79    15.273 54984.31828431 24.09  46.369457  51.779327 25.762
 79    15.266 54984.31828496 23.17  46.367947  51.776097 25.762
 79    15.466 54984.31828560 38.61  46.366427  51.772877 25.762
 79    15.552 54984.31828625 38.14  46.364917  51.769647 25.762
 79    15.581 54984.31828689 25.15  46.363397  51.766417 25.762
 79    15.336 54984.31828754 20.67  46.361887  51.763197 25.762
 79    15.208 54984.31828818 22.01  46.360367  51.759967 25.762
 79    15.495 54984.31828882 25.07  46.358857  51.756737 25.762
 79    15.472 54984.31828947 29.02  46.357337  51.753517 25.762
 80    16.619 55019.31827995 19.42  46.371936  51.781816 22.554
 80    15.110 55019.31828060 17.88  46.370426  51.778596 22.554
 80    15.040 55019.31828124 17.71  46.368906  51.775366 22.554
 80    15.235 55019.31828189 16.08  46.367386  51.772136 22.554
 80    15.215 55019.31828253 16.18  46.365876  51.768916 22.554
 80    15.162 55019.31828318 17.63  46.364356  51.765686 22.554
 80    15.238 55019.31828382 17.05  46.362846  51.762456 22.554
 80    15.105 55019.31828447 18.83  46.361336  51.759236 22.554
 80    15.107 55019.31828511 18.90  46.359816  51.756006 22.554
 80    15.278 55019.31828576 19.70  46.358306  51.752776 22.554
 81    18.208 55054.31827409 25.25  46.375139  51.791102 15.435
 81    18.278 55054.31827474 23.82  46.373629  51.787872 15.435
 81    18.612 55054.31827538 40.62  46.372109  51.784652 15.435
 81    19.860 55054.31827603 40.23  46.370598  51.781427 25.269
 81    16.392 55054.31827667 32.21  46.369078  51.778197 25.269
 81    17.048 55054.31827731 27.61  46.367568  51.774967 25.269
 81    16.671 55054.31827796 30.46  46.366048  51.771737 25.269
 81    17.191 55054.31827860 25.69  46.364538  51.768517 25.269
 81    15.610 55054.31827925 23.05  46.363018  51.765287 25.269
 81    15.667 55054.31827989 21.44  46.361508  51.762057 25.269
 81    15.745 55054.31828054 20.06  46.359998  51.758837 25.269
 81    15.654 55054.31828118 20.54  46.358478  51.755607 25.269
 82    16.931 55089.31823556 26.70  46.367668  51.787790 11.921
 82    19.770 55089.31823621 31.16  46.366148  51.784560 11.921
 82    15.222 55089.31824072 33.16  46.355550  51.761974 21.182
 82    15.313 55089.31824137 32.61  46.354040  51.758744 21.182
 82    15.317 55089.31824201 33.25  46.352520  51.755524 21.182
 84    16.421 55159.31819640 23.52  46.370465  51.788899 24.562
 84    16.895 55159.31819704 28.86  46.368945  51.785669 24.562
 84    16.181 55159.31819769 26.75  46.367435  51.782449 24.562
 84    16.359 55159.31819833 25.24  46.365911  51.779215 14.140
 84    16.632 55159.31819898 23.75  46.364401  51.775995 14.140
 84    16.928 55159.31819962 24.24  46.362881  51.772765 14.140
 84    15.184 55159.31820091 19.95  46.359861  51.766315 14.140
 84    14.978 55159.31820155 20.63  46.358341  51.763085 14.140
 84    15.144 55159.31820220 20.40  46.356831  51.759855 14.140
 84    15.465 55159.31820284 21.24  46.355311  51.756635 14.140
 84    15.612 55159.31820349 34.78  46.353801  51.753405 14.140
 85   105.265 55194.31820248  6.52  46.378733  51.785093  6.298
 85   103.847 55194.31820313  6.34  46.377213  51.781873  6.298
 85   102.369 55194.31820377  5.73  46.375703  51.778643  6.298
 85   100.660 55194.31820442  6.27  46.374183  51.775413  6.298
 85    98.931 55194.31820506  5.89  46.372663  51.772193  6.298
 85    97.496 55194.31820571  4.95  46.371153  51.768963  6.298
 85    95.683 55194.31820635  4.66  46.369633  51.765733  6.298
 85    93.477 55194.31820700  3.95  46.368123  51.762513  6.298
 86   110.450 55229.31819858  0.44  46.369223  51.789659  2.151
 86   108.713 55229.31819922  0.55  46.367713  51.786439  2.151
 86   107.400 55229.31819987  1.16  46.366198  51.783206  3.298
 86   105.971 55229.31820051  0.41  46.364678  51.779986  3.298
 87   109.564 55264.31819682  5.76  46.377894  51.790965  2.582
 87   108.164 55264.31819746  4.58  46.376379  51.787734  4.918
 87   106.464 55264.31819811  4.95  46.374859  51.784514  4.918
 87   104.700 55264.31819875  5.49  46.373339  51.781284  4.918
 87   102.811 55264.31819940  6.08  46.371829  51.778054  4.918
 87   101.175 55264.31820004  5.35  46.370309  51.774834  4.918
 87    99.391 55264.31820069  5.24  46.368799  51.771604  4.918
 87    97.789 55264.31820133  4.20  46.367279  51.768374  4.918
 87    95.972 55264.31820198  3.77  46.365769  51.765154  4.918
 87    94.010 55264.31820262  2.61  46.364249  51.761924  4.918
 87    91.920 55264.31820327  1.76  46.362739  51.758694  4.918
 87    89.537 55264.31820391  0.27  46.361219  51.755474  4.918
 88    18.569 55299.31818095 25.05  46.370624  51.790307  5.369
 88    18.334 55299.31818159 35.74  46.369114  51.787077  5.369
 88    16.753 55299.31818224 42.65  46.367594  51.783847  5.369
 88    16.500 55299.31818288 39.20  46.366084  51.780627  5.369
 88    17.639 55299.31818353 29.37  46.364565  51.777400 16.075
 88    18.086 55299.31818417 27.40  46.363055  51.774170 16.075
 89    16.949 55334.31817411 39.60  46.373742  51.791454 15.682
 89    16.850 55334.31817475 47.64  46.372232  51.788224 15.682
 89    17.043 55334.31817540 49.11  46.370712  51.785004 15.682
 89    16.860 55334.31817604 48.98  46.369200  51.781779 31.013
 89    16.869 55334.31817669 36.77  46.367680  51.778549 31.013
 89    16.759 55334.31817733 32.53  46.366170  51.775319 31.013
 89    16.739 55334.31817798 35.31  46.364650  51.772089 31.013
 89    16.552 55334.31817862 44.63  46.363140  51.768869 31.013
 89    16.835 55334.31817926 46.04  46.361620  51.765639 31.013
 89    16.360 55334.31817991 32.99  46.360110  51.762409 31.013
 89    16.626 55334.31818055 34.26  46.358600  51.759189 31.013
 89    16.811 55334.31818120 43.80  46.357080  51.755959 31.013
 89    16.782 55334.31818184 48.50  46.355570  51.752729 31.013
 90    15.444 55369.31816529 29.19  46.375598  51.792038 12.397
 90    14.581 55369.31816593 24.45  46.374088  51.788808 12.397
 90    14.693 55369.31816658 39.91  46.372568  51.785588 12.397
 90    15.022 55369.31816722 38.83  46.371055  51.782355 26.919
 90    14.663 55369.31816786 27.69  46.369535  51.779135 26.919
 90    14.689 55369.31816851 22.93  46.368025  51.775905 26.919
 90    14.677 55369.31816915 17.81  46.366505  51.772675 26.919
 90    14.792 55369.31816980 20.70  46.364995  51.769455 26.919
 90    14.497 55369.31817044 18.66  46.363475  51.766225 26.919
 90    14.605 55369.31817109 17.82  46.361965  51.762995 26.919
 90    14.545 55369.31817173 17.52  46.360455  51.759775 26.919
 90    14.375 55369.31817238 19.22  46.358935  51.756545 26.919
 90    14.608 55369.31817302 19.93  46.357425  51.753315 26.919
 91    15.059 55404.31818171 48.23  46.381480  51.792831 13.854
 91    15.065 55404.31818235 48.93  46.379960  51.789601 13.854
 91    14.743 55404.31818300 47.84  46.378450  51.786381 13.854
 91    14.999 55404.31818364 50.06  46.376934  51.783148 34.781
 91    15.028 55404.31818429 48.62  46.375414  51.779928 34.781
 91    14.955 55404.31818493 42.02  46.373894  51.776698 34.781
 91    14.773 55404.31818558 44.77  46.372384  51.773468 34.781
 91    14.857 55404.31818622 42.87  46.370864  51.770248 34.781
 91    14.848 55404.31818686 32.60  46.369354  51.767018 34.781
 91    14.894 55404.31818751 47.64  46.367834  51.763788 34.781
 91    14.848 55404.31818815 43.77  46.366324  51.760568 34.781
 91    14.733 55404.31818880 35.41  46.364804  51.757338 34.781
 91    14.736 55404.31818944 35.58  46.363294  51.754108 34.781
 91    14.853 55404.31819009 35.33  46.361774  51.750888 34.781
 92    14.753 55439.31818378 28.35  46.374345  51.790239 15.016
 92    14.649 55439.31818443 29.47  46.372825  51.787009 15.016
 92    14.718 55439.31818507 48.88  46.371315  51.783789 15.016
 92    14.840 55439.31818571 51.22  46.369797  51.780554 29.891
 92    14.926 55439.31818636 43.99  46.368277  51.777334 29.891
 92    14.744 55439.31818700 46.16  46.366767  51.774104 29.891
 92    14.786 55439.31818765 41.17  46.365247  51.770874 29.891
 92    14.736 55439.31818829 33.85  46.363737  51.767654 29.891
 92    14.717 55439.31818894 32.99  46.362217  51.764424 29.891
 92    14.547 55439.31818958 33.11  46.360707  51.761194 29.891
 92    14.571 55439.31819023 35.14  46.359187  51.757974 29.891
 92    14.709 55439.31819087 47.26  46.357677  51.754744 29.891
 92    14.798 55439.31819152 49.51  46.356167  51.751514 29.891
 93    16.435 55474.31813072 18.70  46.369034  51.788776 13.828
 93    33.456 55474.31813717 17.61  46.353891  51.756501 15.958
 93    21.543 55474.31813782 18.76  46.352371  51.753281 15.958
