# NaN NaN NaN ;Mean Elev.(m), Avg Gradient(m/km), RMS Gradient(m/km) - SRTM1     
#   21.111  -5.163  19.538 ;Mean Elev.(m), Avg Gradient(m/km), RMS Gradient(m/km) - ASTER GDEM
#   24.201  -5.553  19.181 ;Mean Elev.(m), Avg Gradient(m/km), RMS Gradient(m/km) - GMTED2010 
  9    28.585 52547.31205353 24.14  49.216614  53.196451 12.214
  9    28.430 52547.31205418 22.16  49.215014  53.193231 12.214
  9    28.295 52547.31205482 19.30  49.213414  53.190011 12.214
  9    28.962 52547.31205546 18.74  49.211814  53.186791 12.214
  9    28.819 52547.31205611 28.13  49.210214  53.183571 12.214
 11    28.845 52617.31203690 32.89  49.197917  53.193337  5.264
 11    29.003 52617.31203754 27.25  49.196317  53.190117  5.264
 11    28.905 52617.31203819 25.49  49.194727  53.186897  5.264
 13    28.598 52687.31200753 12.88  49.206343  53.196140  2.063
 13    28.661 52687.31200818 12.93  49.204743  53.192920  2.063
 13    28.644 52687.31200882 12.32  49.203143  53.189700  2.063
 13    28.642 52687.31200947 11.92  49.201543  53.186480  2.063
 14    32.558 52722.31205510 11.16  49.210518  53.196094  5.124
 14    31.965 52722.31205574 10.95  49.208918  53.192874  5.124
 14    31.438 52722.31205639 10.92  49.207318  53.189654  5.124
 14    31.374 52722.31205703 10.82  49.205718  53.186434  5.124
 14    31.338 52722.31205768 10.99  49.204118  53.183214  5.124
 15    29.150 52757.31207845 33.79  49.191113  53.193199 29.467
 15    29.029 52757.31207909 26.81  49.189513  53.189979 29.467
 15    29.340 52757.31207974 28.99  49.187913  53.186759 29.467
 19    29.230 52897.31217234 33.82  49.205052  53.195131 15.957
 19    28.806 52897.31217299 27.41  49.203452  53.191911 15.957
 19    28.793 52897.31217363 29.84  49.201852  53.188691 15.957
 19    28.961 52897.31217427 42.86  49.200252  53.185471 15.957
 20    29.147 52932.31211934 26.70  49.197783  53.194581 24.614
 20    27.933 52932.31211998 21.22  49.196193  53.191361 24.614
 20    28.815 52932.31212063 19.85  49.194593  53.188141 24.614
 22    28.953 53002.31214903 29.40  49.200648  53.193407  7.403
 22    28.974 53002.31214968 31.67  49.199048  53.190187  7.403
 22    29.105 53002.31215032 29.87  49.197448  53.186967  7.403
 23    28.955 53037.31209798 23.89  49.198041  53.194109  3.200
 23    28.815 53037.31209863 15.67  49.196441  53.190889  3.200
 23    28.643 53037.31209927 13.91  49.194841  53.187669  3.200
 24    28.909 53072.31212212 15.05  49.208418  53.196641  3.985
 24    28.985 53072.31212277 16.66  49.206818  53.193421  3.985
 24    28.915 53072.31212341 17.77  49.205218  53.190201  3.985
 24    28.727 53072.31212406 17.94  49.203618  53.186981  3.985
 24    28.880 53072.31212470 13.60  49.202018  53.183761  3.985
 26    29.507 53142.31213023 23.28  49.214228  53.196863 18.654
 26    29.287 53142.31213088 22.24  49.212628  53.193643 18.654
 26    29.138 53142.31213152 22.01  49.211028  53.190423 18.654
 26    29.465 53142.31213217 22.41  49.209428  53.187203 18.654
 26    29.749 53142.31213281 29.70  49.207828  53.183983 18.654
 27    28.818 53177.31215525 23.66  49.211721  53.195499 18.744
 27    28.700 53177.31215590 20.86  49.210121  53.192279 18.744
 27    28.794 53177.31215654 27.93  49.208521  53.189059 18.744
 27    29.016 53177.31215719 25.10  49.206921  53.185839 18.744
 27    29.241 53177.31215783 32.22  49.205321  53.182619 18.744
 28    29.045 53212.31217545 25.36  49.206866  53.195497 12.521
 28    28.788 53212.31217609 24.36  49.205266  53.192277 12.521
 28    28.837 53212.31217674 27.50  49.203666  53.189057 12.521
 28    29.008 53212.31217738 29.07  49.202066  53.185837 12.521
 29    28.835 53247.31214417 25.28  49.205774  53.195452 15.770
 29    28.091 53247.31214482 23.31  49.204174  53.192232 15.770
 29    28.185 53247.31214546 21.59  49.202574  53.189012 15.770
 29    28.946 53247.31214610 26.49  49.200974  53.185792 15.770
 32    28.827 53352.31210273 26.57  49.210688  53.197021 11.826
 32    28.611 53352.31210337 24.98  49.209088  53.193801 11.826
 32    28.839 53352.31210402 28.67  49.207488  53.190581 11.826
 32    28.868 53352.31210466 33.29  49.205888  53.187361 11.826
 32    28.928 53352.31210531 35.81  49.204288  53.184141 11.826
 33    28.786 53387.31209378 24.23  49.217574  53.197410  4.702
 33    28.783 53387.31209443 21.10  49.215974  53.194190  4.702
 33    28.884 53387.31209507 22.33  49.214374  53.190970  4.702
 33    28.722 53387.31209572 20.30  49.212774  53.187750  4.702
 33    28.720 53387.31209636 19.09  49.211174  53.184530  4.702
 33    28.815 53387.31209701 17.30  49.209574  53.181310  4.702
 34    28.667 53422.31209530 13.82  49.217367  53.198259  3.736
 34    28.619 53422.31209595 16.49  49.215767  53.195039  3.736
 34    28.504 53422.31209659 17.13  49.214167  53.191819  3.736
 34    28.469 53422.31209724 18.19  49.212567  53.188599  3.736
 34    28.312 53422.31209788 16.19  49.210967  53.185379  3.736
 34    28.346 53422.31209853 13.81  49.209367  53.182159  3.736
 38    29.474 53562.31219636 30.10  49.199363  53.194119 19.488
 38    27.619 53562.31219701 25.36  49.197763  53.190899 19.488
 38    29.127 53562.31219765 27.88  49.196163  53.187679 19.488
 39    28.940 53597.31213513 33.96  49.209616  53.197253 14.949
 39    28.347 53597.31213578 23.31  49.208016  53.194033 14.949
 39    28.945 53597.31213642 22.49  49.206416  53.190813 14.949
 39    28.625 53597.31213706 22.78  49.204816  53.187593 14.949
 39    28.794 53597.31213771 21.91  49.203216  53.184373 14.949
 40    29.031 53632.31213011 24.98  49.214833  53.196881 11.888
 40    28.445 53632.31213076 22.08  49.213233  53.193661 11.888
 40    28.298 53632.31213140 21.16  49.211633  53.190441 11.888
 40    28.177 53632.31213205 22.50  49.210033  53.187221 11.888
 40    28.496 53632.31213269 24.12  49.208433  53.184001 11.888
 41    28.381 53667.31215338 22.76  49.205546  53.194425 14.303
 41    28.300 53667.31215402 22.75  49.203946  53.191205 14.303
 41    28.774 53667.31215467 23.51  49.202346  53.187985 14.303
 41    28.766 53667.31215531 37.60  49.200746  53.184765 14.303
 42    28.527 53702.31209947 27.60  49.211171  53.196392 18.425
 42    28.318 53702.31210012 19.68  49.209571  53.193172 18.425
 42    28.444 53702.31210076 21.35  49.207971  53.189952 18.425
 42    29.406 53702.31210140 23.42  49.206371  53.186732 18.425
 42    28.815 53702.31210205 32.92  49.204771  53.183512 18.425
 43    28.747 53737.31200981 32.89  49.203311  53.194885 10.678
 43    28.792 53737.31201045 34.21  49.201711  53.191665 10.678
 43    28.575 53737.31201110 38.23  49.200111  53.188445 10.678
 43    28.751 53737.31201174 35.84  49.198511  53.185225 10.678
 45    28.559 53807.31200758 14.89  49.207062  53.196551  2.430
 45    28.620 53807.31200822 14.41  49.205462  53.193331  2.430
 45    28.779 53807.31200887 13.73  49.203862  53.190111  2.430
 45    28.816 53807.31200951 13.16  49.202262  53.186891  2.430
 47    29.506 53877.31207545 25.65  49.217406  53.198604 12.645
 47    29.392 53877.31207609 24.64  49.215806  53.195384 12.645
 47    29.334 53877.31207674 24.03  49.214206  53.192164 12.645
 47    29.254 53877.31207738 22.69  49.212606  53.188944 12.645
 47    29.331 53877.31207803 23.10  49.211006  53.185724 12.645
 47    29.331 53877.31207867 31.99  49.209406  53.182504 12.645
 48    28.877 53912.31212734 34.84  49.205736  53.196062 14.820
 48    28.985 53912.31212799 36.66  49.204136  53.192842 14.820
 48    29.034 53912.31212863 43.90  49.202536  53.189622 14.820
 48    29.392 53912.31212928 38.58  49.200936  53.186402 14.820
 49    28.469 53947.31214364 25.28  49.198241  53.193947 16.214
 49    28.299 53947.31214428 22.74  49.196641  53.190727 16.214
 49    28.935 53947.31214493 22.57  49.195041  53.187507 16.214
 50    28.454 53982.31208649 27.87  49.202511  53.194598 15.518
 50    27.637 53982.31208714 26.23  49.200911  53.191378 15.518
 50    28.216 53982.31208778 22.54  49.199311  53.188158 15.518
 50    28.730 53982.31208843 35.68  49.197711  53.184938 15.518
 53    29.352 54087.31210015 31.14  49.208816  53.197714 11.246
 53    28.416 54087.31210079 29.30  49.207216  53.194494 11.246
 53    28.522 54087.31210144 30.54  49.205616  53.191274 11.246
 53    28.716 54087.31210208 31.59  49.204016  53.188054 11.246
 53    28.952 54087.31210273 32.96  49.202416  53.184834 11.246
 54    29.196 54122.31202537 39.53  49.195162  53.192356 14.217
 54    29.187 54122.31202602 41.51  49.193562  53.189136 14.217
 54    29.067 54122.31202666 38.60  49.191962  53.185916 14.217
 55    29.473 54157.31206158 16.24  49.210450  53.197431  4.376
 55    28.910 54157.31206223 27.33  49.208850  53.194211  4.376
 55    29.178 54157.31206287 16.12  49.207250  53.190991  4.376
 55    28.997 54157.31206352 15.40  49.205650  53.187771  4.376
 55    28.743 54157.31206416 15.77  49.204050  53.184551  4.376
 56    29.305 54192.31202396 33.69  49.200573  53.195506 18.233
 56    29.692 54192.31202461 28.56  49.198973  53.192286 18.233
 56    29.413 54192.31202525 29.61  49.197373  53.189066 18.233
 56    29.612 54192.31202590 28.61  49.195773  53.185846 18.233
 57    29.732 54227.31207331 26.17  49.211304  53.195847 13.375
 57    29.499 54227.31207396 23.19  49.209704  53.192627 13.375
 57    29.373 54227.31207460 23.98  49.208094  53.189407 13.375
 57    30.038 54227.31207525 24.85  49.206504  53.186187 13.375
 57    30.075 54227.31207589 39.06  49.204894  53.182967 13.375
 58    29.919 54262.31209202 26.59  49.213165  53.198112 10.524
 58    29.362 54262.31209266 24.89  49.211565  53.194892 10.524
 58    29.256 54262.31209331 23.15  49.209965  53.191672 10.524
 58    29.295 54262.31209395 21.48  49.208365  53.188452 10.524
 58    29.754 54262.31209460 24.68  49.206765  53.185232 10.524
 59    29.183 54297.31209715 36.61  49.210892  53.197942 13.721
 59    28.606 54297.31209779 33.40  49.209292  53.194722 13.721
 59    28.573 54297.31209844 32.43  49.207692  53.191502 13.721
 59    28.956 54297.31209908 35.05  49.206092  53.188282 13.721
 59    29.221 54297.31209973 43.49  49.204492  53.185062 13.721
 60    28.829 54332.31208771 48.95  49.208778  53.197226 22.100
 60    28.771 54332.31208836 49.36  49.207178  53.194006 22.100
 60    28.826 54332.31208900 45.91  49.205578  53.190786 22.100
 60    28.715 54332.31208965 50.99  49.203978  53.187566 22.100
 60    28.908 54332.31209029 46.06  49.202378  53.184346 22.100
 61    29.298 54367.31202999 39.70  49.200778  53.193453 15.028
 61    28.709 54367.31203064 31.81  49.199178  53.190233 15.028
 61    28.175 54367.31203128 34.77  49.197578  53.187013 15.028
 62    28.452 54402.31203097 24.85  49.209634  53.195247 13.157
 62    28.372 54402.31203161 24.46  49.208044  53.192037 13.157
 62    28.500 54402.31203226 37.45  49.206434  53.188817 13.157
 62    28.650 54402.31203290 33.19  49.204844  53.185597 13.157
 63    28.635 54437.31198818 44.23  49.203755  53.195939 21.236
 63    28.652 54437.31198883 46.72  49.202155  53.192719 21.236
 63    28.491 54437.31198947 45.84  49.200555  53.189509 21.236
 63    28.614 54437.31199012 46.77  49.198955  53.186289 21.236
 64    28.783 54472.31201545 23.81  49.217079  53.197286  5.182
 64    28.691 54472.31201610 23.66  49.215479  53.194066  5.182
 64    28.643 54472.31201674 22.45  49.213879  53.190846  5.182
 64    28.592 54472.31201739 22.18  49.212279  53.187636  5.182
 64    28.573 54472.31201803 21.38  49.210679  53.184416  5.182
 64    28.394 54472.31201868 20.29  49.209079  53.181196  5.182
 65    28.822 54507.31199972 11.97  49.203091  53.196240  2.828
 65    28.841 54507.31200037 11.96  49.201491  53.193020  2.828
 65    28.979 54507.31200101 11.13  49.199891  53.189800  2.828
 65    29.135 54507.31200165 10.59  49.198291  53.186580  2.828
 66    28.595 54542.31203018 19.12  49.211870  53.197147  5.153
 66    28.624 54542.31203082 19.80  49.210270  53.193937  5.153
 66    28.691 54542.31203147 22.37  49.208670  53.190717  5.153
 66    28.549 54542.31203211 22.09  49.207070  53.187497  5.153
 66    28.935 54542.31203276 18.59  49.205470  53.184277  5.153
 67    30.954 54577.31200192 50.12  49.201551  53.194808 28.020
 67    30.936 54577.31200257 51.21  49.199951  53.191588 28.020
 67    30.648 54577.31200321 46.71  49.198351  53.188368 28.020
 67    30.874 54577.31200386 41.98  49.196751  53.185148 28.020
 68    29.655 54612.31202136 24.90  49.210667  53.196116 13.057
 68    29.254 54612.31202200 23.56  49.209067  53.192896 13.057
 68    29.363 54612.31202265 23.46  49.207467  53.189676 13.057
 68    29.562 54612.31202329 25.07  49.205867  53.186456 13.057
 68    29.703 54612.31202394 33.76  49.204267  53.183236 13.057
 69    28.644 54647.31202849 42.76  49.210021  53.196644 20.098
 69    28.589 54647.31202914 45.18  49.208421  53.193424 20.098
 69    28.481 54647.31202978 48.73  49.206821  53.190204 20.098
 69    28.345 54647.31203043 37.42  49.205221  53.186984 20.098
 69    28.537 54647.31203107 40.19  49.203621  53.183764 20.098
 70    28.455 54682.31202930 25.75  49.207527  53.195606 13.976
 70    28.169 54682.31202995 23.10  49.205927  53.192386 13.976
 70    28.409 54682.31203059 22.83  49.204327  53.189166 13.976
 70    28.858 54682.31203124 26.07  49.202727  53.185946 13.976
 71    28.564 54717.31197756 30.69  49.202986  53.196037 12.519
 71    27.932 54717.31197821 26.42  49.201386  53.192817 12.519
 71    28.120 54717.31197885 25.47  49.199786  53.189597 12.519
 71    28.745 54717.31197950 25.28  49.198186  53.186377 12.519
 72    51.460 54752.31200149  1.84  49.212652  53.195830  9.223
 72    27.872 54752.31200278 21.80  49.209452  53.189390  9.223
 72    28.163 54752.31200343 21.56  49.207852  53.186170  9.223
 72    29.030 54752.31200407 31.22  49.206252  53.182950  9.223
 73    28.266 54787.31196826 27.08  49.203808  53.194539 14.013
 73    28.223 54787.31196890 25.62  49.202208  53.191319 14.013
 73    28.993 54787.31196955 23.11  49.200608  53.188099 14.013
 73    28.631 54787.31197019 33.76  49.199008  53.184879 14.013
 74    29.251 54822.31199539 46.87  49.214669  53.196005 23.221
 74    29.306 54822.31199604 46.22  49.213069  53.192785 23.221
 74    29.061 54822.31199668 45.35  49.211469  53.189565 23.221
 74    29.003 54822.31199733 44.13  49.209869  53.186345 23.221
 74    29.044 54822.31199797 42.25  49.208269  53.183125 23.221
 75    29.048 54857.31196415 25.75  49.205065  53.194344  3.846
 75    29.001 54857.31196480 26.33  49.203465  53.191124  3.846
 75    28.752 54857.31196544 25.85  49.201865  53.187904  3.846
 75    28.913 54857.31196609 23.92  49.200265  53.184684  3.846
 76    29.270 54892.31199908 20.17  49.206185  53.194585  3.505
 76    29.001 54892.31199972 22.34  49.204585  53.191365  3.505
 76    28.856 54892.31200037 20.29  49.202985  53.188145  3.505
 76    29.086 54892.31200101 18.61  49.201385  53.184925  3.505
 77    29.200 54927.31196220 27.83  49.199298  53.195049  6.861
 77    28.858 54927.31196285 22.98  49.197698  53.191829  6.861
 77    28.969 54927.31196349 22.55  49.196098  53.188609  6.861
 77    30.357 54927.31196414 20.70  49.194498  53.185389  6.861
 78    29.964 54962.31199715 30.36  49.211470  53.196709 10.769
 78    29.455 54962.31199780 23.43  49.209870  53.193489 10.769
 78    29.275 54962.31199844 24.22  49.208270  53.190269 10.769
 78    29.397 54962.31199908 23.19  49.206670  53.187049 10.769
 78    29.600 54962.31199973 34.83  49.205070  53.183829 10.769
 79    29.078 54997.31201875 33.59  49.206866  53.195341 15.077
 79    28.834 54997.31201940 39.08  49.205266  53.192121 15.077
 79    28.739 54997.31202004 42.75  49.203666  53.188901 15.077
 79    28.904 54997.31202068 38.91  49.202066  53.185681 15.077
 80    28.759 55032.31200833 39.11  49.207899  53.195137 14.821
 80    28.821 55032.31200897 42.50  49.206299  53.191917 14.821
 80    28.788 55032.31200962 47.81  49.204699  53.188697 14.821
 80    28.851 55032.31201026 49.46  49.203099  53.185477 14.821
 81    53.371 55067.31199665  1.40  49.207585  53.197012  8.581
 81    28.211 55067.31199858 27.66  49.202785  53.187352  8.581
 81    28.887 55067.31199923 30.33  49.201185  53.184132  8.581
 82    28.247 55102.31193729 24.49  49.198608  53.194780 13.030
 82    27.945 55102.31193793 23.39  49.197008  53.191560 13.030
 82    28.449 55102.31193858 22.67  49.195408  53.188340 13.030
 83    28.291 55137.31194352 22.80  49.211901  53.195614 13.236
 83    28.293 55137.31194416 20.64  49.210301  53.192394 13.236
 83    28.817 55137.31194481 22.15  49.208701  53.189174 13.236
 83    28.955 55137.31194545 21.71  49.207101  53.185954 13.236
 83    28.868 55137.31194610 27.58  49.205501  53.182734 13.236
 84    28.238 55172.31190516 28.40  49.204062  53.195830 14.385
 84    27.971 55172.31190580 25.71  49.202462  53.192610 14.385
 84    28.530 55172.31190645 25.38  49.200862  53.189390 14.385
 84    28.529 55172.31190709 30.66  49.199262  53.186170 14.385
 85    28.262 55207.31193693 18.71  49.214208  53.198168  2.701
 85    28.457 55207.31193757 17.74  49.212608  53.194948  2.701
 85    28.352 55207.31193822 17.93  49.211008  53.191728  2.701
 85    28.355 55207.31193886 17.54  49.209408  53.188508  2.701
 85    28.414 55207.31193951 17.39  49.207808  53.185288  2.701
 85    28.249 55207.31194015 16.82  49.206208  53.182068  2.701
 86    28.465 55242.31191044 15.42  49.200965  53.195413  2.309
 86    28.554 55242.31191109 14.49  49.199365  53.192193  2.309
 86    28.624 55242.31191173 14.77  49.197765  53.188973  2.309
 86    28.510 55242.31191238 14.36  49.196165  53.185753  2.309
 88    29.201 55312.31189513 30.94  49.202965  53.195564 18.791
 88    28.984 55312.31189578 24.55  49.201365  53.192344 18.791
 88    29.245 55312.31189642 24.56  49.199765  53.189124 18.791
 88    29.955 55312.31189707 28.87  49.198165  53.185904 18.791
 89    29.560 55347.31190119 29.97  49.209497  53.196216 12.384
 89    29.257 55347.31190183 27.72  49.207897  53.192996 12.384
 89    29.074 55347.31190248 26.47  49.206297  53.189776 12.384
 89    29.464 55347.31190312 23.94  49.204697  53.186556 12.384
 89    29.608 55347.31190377 33.48  49.203097  53.183336 12.384
 90    28.772 55382.31189291 26.62  49.206041  53.194832 14.210
 90    28.651 55382.31189356 25.55  49.204441  53.191612 14.210
 90    28.317 55382.31189420 24.89  49.202841  53.188392 14.210
 90    28.645 55382.31189485 29.23  49.201241  53.185172 14.210
 91    28.396 55417.31191986 34.95  49.214674  53.197283 23.500
 91    27.623 55417.31192051 35.76  49.213074  53.194063 23.500
 91    28.590 55417.31192115 43.73  49.211474  53.190843 23.500
 91    28.482 55417.31192180 51.23  49.209874  53.187623 23.500
 91    28.479 55417.31192244 50.88  49.208274  53.184403 23.500
 92    28.555 55452.31190247 35.69  49.205981  53.195988 16.008
 92    27.906 55452.31190312 31.30  49.204381  53.192768 16.008
 92    28.939 55452.31190376 34.16  49.202781  53.189548 16.008
 92    28.648 55452.31190441 31.89  49.201181  53.186328 16.008
 93    27.994 55487.31182548 23.45  49.200903  53.194542 16.122
 93    28.251 55487.31182612 19.28  49.199303  53.191322 16.122
 93    28.509 55487.31182677 25.21  49.197703  53.188102 16.122
 93    28.535 55487.31182741 41.35  49.196103  53.184882 16.122
