# NaN NaN NaN ;Mean Elev.(m), Avg Gradient(m/km), RMS Gradient(m/km) - SRTM1     
#   59.575 -17.420  37.319 ;Mean Elev.(m), Avg Gradient(m/km), RMS Gradient(m/km) - ASTER GDEM
#   12.490  -5.340  30.691 ;Mean Elev.(m), Avg Gradient(m/km), RMS Gradient(m/km) - GMTED2010 
  8    16.644 52480.31631501 14.26  47.160001  51.942442 21.819
  8    16.383 52480.31631566 14.81  47.158471  51.939212 21.819
  8    16.386 52480.31631630 15.65  47.156951  51.935992 21.819
  9    16.448 52515.31626329 18.81  47.166550  51.946261 23.810
  9    17.352 52515.31626393 17.88  47.165030  51.943041 23.810
  9    16.639 52515.31626458 18.38  47.163500  51.939811 23.810
  9    16.339 52515.31626522 18.91  47.161980  51.936591 23.810
  9    16.632 52515.31626587 21.31  47.160460  51.933361 23.810
  9    17.044 52515.31626651 22.87  47.158930  51.930131 23.810
 11    16.366 52585.31628514 14.62  47.177242  51.952615 10.946
 11    16.909 52585.31628579 15.76  47.175722  51.949385 10.946
 11    17.092 52585.31628643 16.37  47.174192  51.946165 10.946
 11    17.172 52585.31628708 17.47  47.172672  51.942935 10.946
 11    17.090 52585.31628772 17.42  47.171142  51.939715 10.946
 11    16.683 52585.31628836 18.11  47.169612  51.936485 10.946
 11    16.990 52585.31628901 21.65  47.168092  51.933265 10.946
 11    16.940 52585.31628965 25.78  47.166569  51.930037 28.618
 12    15.845 52620.31626882 34.14  47.156253  51.940961 11.345
 12    15.837 52620.31626946 34.88  47.154723  51.937741 11.345
 12    15.786 52620.31627011 34.54  47.153203  51.934511 11.345
 12    15.888 52620.31627075 35.00  47.151683  51.931281 11.345
 12    15.803 52620.31627140 33.66  47.150153  51.928061 11.345
 15    24.819 52725.31629613  3.67  47.165988  51.938494  8.926
 15    25.020 52725.31629677  9.91  47.164468  51.935264  8.926
 15    24.380 52725.31629741 10.12  47.162938  51.932034  8.926
 15    25.560 52725.31629806 10.41  47.161418  51.928814  8.926
 16    18.557 52760.31631518 11.80  47.144923  51.935223 16.210
 16    20.018 52760.31631583 16.97  47.143393  51.931993 16.210
 16    20.763 52760.31631647 18.31  47.141873  51.928773 16.210
 16    21.688 52760.31631712 20.03  47.140353  51.925543 16.210
 17    18.110 52795.31626647 17.23  47.184954  51.957282  7.296
 17    17.893 52795.31626711 17.95  47.183424  51.954062  7.296
 17    18.523 52795.31626776 20.31  47.181898  51.950837 28.664
 17    16.899 52795.31626840 22.00  47.180378  51.947607 28.664
 17    16.926 52795.31626904 30.69  47.178848  51.944377 28.664
 17    17.263 52795.31627098 21.41  47.174268  51.934707 28.664
 17    17.815 52795.31627162 22.67  47.172748  51.931477 28.664
 19    16.368 52865.31637735 18.44  47.184674  51.957247 10.174
 19    17.056 52865.31637799 19.97  47.183144  51.954017 10.174
 19    17.047 52865.31637864 21.21  47.181624  51.950797 10.174
 19    17.232 52865.31637928 21.43  47.180092  51.947571 34.955
 19    16.845 52865.31637993 24.75  47.178572  51.944341 34.955
 19    17.373 52865.31638186 22.27  47.173992  51.934661 34.955
 19    17.001 52865.31638251 21.53  47.172472  51.931441 34.955
 20    16.063 52900.31640960 42.96  47.161487  51.942710 21.284
 20    15.921 52900.31641024 43.59  47.159967  51.939490 21.284
 20    15.967 52900.31641089 46.00  47.158437  51.936260 21.284
 20    15.957 52900.31641153 44.44  47.156917  51.933040 21.284
 20    15.878 52900.31641218 40.48  47.155387  51.929810 21.284
 21    77.612 52935.31635244  2.99  47.155422  51.941797 15.814
 21   117.266 52935.31635309  0.95  47.153892  51.938577 15.814
 22    16.942 52970.31636988 44.35  47.173212  51.950944 25.680
 22    18.785 52970.31637052 45.12  47.171682  51.947714 25.680
 22    17.083 52970.31637116 45.50  47.170152  51.944494 25.680
 22    17.652 52970.31637181 45.00  47.168632  51.941264 25.680
 22    17.351 52970.31637245 46.14  47.167102  51.938034 25.680
 22    17.385 52970.31637310 46.45  47.165582  51.934814 25.680
 22    17.587 52970.31637374 45.96  47.164062  51.931584 25.680
 22    17.291 52970.31637439 44.62  47.162532  51.928364 25.680
 23    75.798 53005.31638823  5.67  47.158453  51.941899 13.832
 23    75.771 53005.31638888  8.26  47.156933  51.938679 13.832
 23    76.187 53005.31638952  6.01  47.155403  51.935449 13.832
 23    76.267 53005.31639017  7.71  47.153883  51.932229 13.832
 27    17.729 53145.31638094 15.88  47.168068  51.946921 24.810
 27    16.120 53145.31638158 22.12  47.166548  51.943691 24.810
 27    16.154 53145.31638223 23.16  47.165018  51.940471 24.810
 27    16.782 53145.31638287 21.34  47.163498  51.937241 24.810
 27    17.160 53145.31638352 24.94  47.161968  51.934011 24.810
 27    17.437 53145.31638416 29.88  47.160448  51.930791 24.810
 28    17.114 53180.31639130 44.38  47.173861  51.951738 18.211
 28    17.522 53180.31639195 45.06  47.172334  51.948511 34.964
 28    17.808 53180.31639259 44.53  47.170814  51.945281 34.964
 28    17.801 53180.31639324 44.56  47.169284  51.942061 34.964
 28    17.595 53180.31639388 45.10  47.167764  51.938831 34.964
 28    17.147 53180.31639453 45.42  47.166234  51.935601 34.964
 28    17.706 53180.31639517 44.08  47.164714  51.932381 34.964
 28    17.137 53180.31639582 45.21  47.163184  51.929151 34.964
 29    18.825 53215.31641510 39.97  47.164977  51.944802 26.027
 29    19.291 53215.31641574 37.90  47.163457  51.941582 26.027
 29    17.106 53215.31641639 24.42  47.161927  51.938352 26.027
 29    16.146 53215.31641703 26.24  47.160407  51.935132 26.027
 29    15.916 53215.31641768 26.85  47.158877  51.931902 26.027
 29    16.191 53215.31641832 27.08  47.157357  51.928682 26.027
 30    18.032 53250.31638875 16.88  47.157509  51.941505  9.047
 30    18.277 53250.31638940 18.01  47.155979  51.938275  9.047
 30    18.093 53250.31639004 17.77  47.154459  51.935055  9.047
 30    19.723 53250.31639068 15.60  47.152929  51.931825  9.047
 30    19.823 53250.31639133 18.03  47.151409  51.928595  9.047
 32    16.513 53320.31636370 17.05  47.180966  51.954493 10.239
 32    16.740 53320.31636434 19.34  47.179436  51.951273 10.239
 32    16.641 53320.31636499 17.86  47.177916  51.948043 10.239
 32    16.555 53320.31636563 19.79  47.176386  51.944813 10.239
 32    17.132 53320.31636628 23.41  47.174866  51.941593 10.239
 32    15.804 53320.31636692 26.05  47.173336  51.938363 10.239
 32    15.647 53320.31636757 21.64  47.171816  51.935143 10.239
 32    15.832 53320.31636821 23.16  47.170285  51.931916 22.949
 33    16.372 53355.31633389 43.01  47.168310  51.947339 12.462
 33    16.536 53355.31633453 44.03  47.166790  51.944109 12.462
 33    16.289 53355.31633518 43.80  47.165260  51.940889 12.462
 33    16.337 53355.31633582 47.56  47.163740  51.937660 13.274
 33    16.290 53355.31633647 46.51  47.162210  51.934430 13.274
 33    16.425 53355.31633711 46.31  47.160690  51.931210 13.274
 33    16.329 53355.31633776 38.05  47.159170  51.927980 13.274
 34    18.174 53390.31634066 28.79  47.177415  51.953642 13.032
 34    18.317 53390.31634130 29.65  47.175895  51.950422 13.032
 34    18.007 53390.31634195 30.13  47.174365  51.947192 13.032
 34    17.753 53390.31634259 29.74  47.172845  51.943972 13.032
 34    17.936 53390.31634324 29.70  47.171321  51.940738 13.481
 34    17.428 53390.31634388 28.78  47.169791  51.937518 13.481
 34    16.462 53390.31634452 35.77  47.168261  51.934288 13.481
 34    16.739 53390.31634517 37.63  47.166741  51.931068 13.481
 37    22.042 53495.31643074 40.48  47.160570  51.942978 36.956
 37    20.517 53495.31643139 46.34  47.159050  51.939748 36.956
 37    20.608 53495.31643203 45.29  47.157520  51.936528 36.956
 37    20.372 53495.31643268 37.80  47.156000  51.933298 36.956
 37    19.999 53495.31643332 43.59  47.154470  51.930068 36.956
 37    20.202 53495.31643397 47.85  47.152950  51.926848 36.956
 38    17.491 53530.31640430 44.29  47.174903  51.952259 12.568
 38    17.881 53530.31640494 44.35  47.173383  51.949029 12.568
 38    17.758 53530.31640559 44.14  47.171863  51.945809 12.568
 38    17.569 53530.31640623 43.65  47.170336  51.942581 25.420
 38    17.604 53530.31640688 42.17  47.168806  51.939351 25.420
 38    17.691 53530.31640752 42.94  47.167286  51.936121 25.420
 38    17.577 53530.31640817 41.74  47.165756  51.932901 25.420
 38    17.576 53530.31640881 41.23  47.164236  51.929671 25.420
 39    14.694 53565.31643599 17.51  47.156013  51.941649 28.282
 39    14.794 53565.31643664 19.30  47.154493  51.938419 28.282
 39    15.322 53565.31643728 20.31  47.152973  51.935189 28.282
 39    15.767 53565.31643792 20.37  47.151443  51.931969 28.282
 39    16.120 53565.31643857 20.34  47.149923  51.928739 28.282
 39    16.178 53565.31643921 21.70  47.148393  51.925519 28.282
 40    16.048 53600.31637765 21.63  47.164713  51.945442  8.464
 40    16.269 53600.31637829 22.42  47.163183  51.942212  8.464
 40    15.702 53600.31637894 21.68  47.161659  51.938993 24.707
 40    15.059 53600.31637958 25.40  47.160139  51.935763 24.707
 40    15.368 53600.31638023 25.92  47.158609  51.932543 24.707
 40    15.830 53600.31638087 25.16  47.157089  51.929313 24.707
 41    16.511 53635.31637326 16.34  47.172300  51.950346  7.113
 41    16.798 53635.31637391 16.19  47.170770  51.947116  7.113
 41    17.241 53635.31637455 15.59  47.169250  51.943896  7.113
 41    15.898 53635.31637520 17.01  47.167718  51.940661 33.863
 41    15.533 53635.31637584 21.06  47.166198  51.937441 33.863
 41    15.558 53635.31637649 25.05  47.164668  51.934211 33.863
 41    15.723 53635.31637713 26.37  47.163148  51.930991 33.863
 42    15.619 53670.31639609 22.23  47.162627  51.944474  7.006
 42    16.155 53670.31639673 22.08  47.161107  51.941238 25.887
 42    16.643 53670.31639738 22.68  47.159577  51.938018 25.887
 42    16.880 53670.31639802 21.83  47.158057  51.934788 25.887
 42    16.747 53670.31639867 23.73  47.156527  51.931568 25.887
 42    17.228 53670.31639931 25.76  47.155007  51.928338 25.887
 43    20.623 53705.31632975 39.03  47.172136  51.950586 10.459
 43    20.692 53705.31633040 41.46  47.170616  51.947366 10.459
 43    21.180 53705.31633104 38.87  47.169086  51.944136 10.459
 43    22.008 53705.31633169 28.06  47.167566  51.940916 10.459
 43    18.165 53705.31633233 20.84  47.166041  51.937688 24.212
 43    16.562 53705.31633298 19.71  47.164521  51.934458 24.212
 43    18.232 53705.31633362 19.11  47.162991  51.931228 24.212
 44    75.058 53740.31624369  6.07  47.157781  51.940631 20.259
 44    75.053 53740.31624433  8.55  47.156261  51.937401 20.259
 44    75.500 53740.31624498  8.04  47.154741  51.934181 20.259
 48    18.133 53880.31631494 16.28  47.177953  51.952332  7.359
 48    16.870 53880.31631559 18.38  47.176423  51.949112  7.359
 48    16.983 53880.31631623 20.95  47.174903  51.945882  7.359
 48    17.332 53880.31631688 22.17  47.173373  51.942662  7.359
 48    17.087 53880.31631752 18.05  47.171849  51.939435 26.893
 48    16.671 53880.31631817 19.42  47.170329  51.936205 26.893
 48    16.744 53880.31631881 22.21  47.168799  51.932985 26.893
 48    16.952 53880.31631946 27.46  47.167279  51.929755 26.893
 49    15.906 53915.31637477 15.09  47.159044  51.942190  6.214
 49    15.976 53915.31637542 15.15  47.157517  51.938971 27.619
 49    15.368 53915.31637606 16.43  47.155987  51.935741 27.619
 49    15.839 53915.31637671 19.35  47.154467  51.932511 27.619
 49    16.067 53915.31637735 23.37  47.152937  51.929291 27.619
 50    17.103 53950.31638423 18.21  47.154199  51.940490  4.650
 50    16.294 53950.31638488 20.66  47.152670  51.937261 13.533
 50    16.109 53950.31638552 22.58  47.151150  51.934031 13.533
 50    17.762 53950.31638617 21.02  47.149630  51.930801 13.533
 50    18.602 53950.31638681 19.66  47.148100  51.927581 13.533
 51    18.249 53985.31632091 13.77  47.159405  51.941629  7.184
 51    18.130 53985.31632156 14.12  47.157875  51.938399  7.184
 51    17.186 53985.31632220 16.88  47.156358  51.935179 24.096
 51    17.936 53985.31632285 17.40  47.154828  51.931949 24.096
 51    18.590 53985.31632349 18.37  47.153308  51.928719 24.096
 52    15.843 54020.31635630 40.70  47.177319  51.951913 14.039
 52    15.786 54020.31635695 33.92  47.175799  51.948683 14.039
 52    15.738 54020.31635759 33.06  47.174269  51.945463 14.039
 52    15.504 54020.31635824 31.68  47.172749  51.942233 14.039
 52    15.523 54020.31635888 35.27  47.171219  51.939013 14.039
 52    14.902 54020.31635953 33.83  47.169694  51.935777 25.864
 52    14.337 54020.31636017 34.21  47.168174  51.932557 25.864
 52    15.279 54020.31636082 30.93  47.166644  51.929327 25.864
 53    20.017 54055.31634659 17.20  47.183280  51.957439 18.264
 53    17.631 54055.31634723 19.42  47.181750  51.954219 18.264
 53    18.119 54055.31634788 16.45  47.180230  51.950989 18.264
 53    18.053 54055.31634852 16.17  47.178700  51.947759 18.264
 53    17.823 54055.31634917 18.56  47.177180  51.944539 18.264
 53    17.440 54055.31635046 19.84  47.174130  51.938089 18.264
 53    16.855 54055.31635110 18.16  47.172597  51.934863 26.852
 53    17.339 54055.31635175 21.52  47.171077  51.931633 26.852
 54    18.879 54090.31633689 40.63  47.163868  51.945388 11.443
 54    22.513 54090.31633754 41.80  47.162348  51.942158 11.443
 54    21.314 54090.31633818 23.59  47.160818  51.938928 11.443
 54    16.350 54090.31633883 23.68  47.159297  51.935709 17.633
 54    16.900 54090.31633947 22.45  47.157777  51.932479 17.633
 54    17.465 54090.31634012 23.81  47.156247  51.929259 17.633
 55    17.586 54125.31626242 44.94  47.180928  51.954113 30.708
 55    17.923 54125.31626307 41.72  47.179398  51.950883 30.708
 55    18.023 54125.31626371 45.13  47.177868  51.947653 30.708
 55   121.838 54125.31626629 14.86  47.171768  51.934753 30.708
 55   121.833 54125.31626694 17.52  47.170238  51.931523 30.708
 57    18.151 54195.31626418 38.74  47.179101  51.954834 21.668
 57    17.173 54195.31626483 46.40  47.177581  51.951604 21.668
 57    17.251 54195.31626547 50.84  47.176051  51.948384 21.668
 57    17.068 54195.31626611 49.91  47.174531  51.945154 21.668
 57    17.166 54195.31626676 49.49  47.173001  51.941934 21.668
 57    17.015 54195.31626740 50.54  47.171472  51.938699 22.567
 57    16.832 54195.31626805 50.12  47.169952  51.935479 22.567
 57    17.037 54195.31626869 50.02  47.168422  51.932249 22.567
 58    17.336 54230.31631514 12.59  47.171575  51.950437 18.649
 58    17.817 54230.31631579 12.97  47.170055  51.947217 18.649
 58    17.473 54230.31631643 13.43  47.168525  51.943987 18.649
 58    17.575 54230.31631708 15.68  47.167005  51.940767 18.649
 58    18.340 54230.31631772 17.36  47.165475  51.937537 18.649
 58    18.659 54230.31631837 19.01  47.163955  51.934307 18.649
 58    18.609 54230.31631901 23.23  47.162425  51.931087 18.649
 59    20.533 54265.31633315 39.58  47.171084  51.948742 22.501
 59    18.986 54265.31633380 31.10  47.169564  51.945522 22.501
 59    18.466 54265.31633444 27.58  47.168034  51.942292 22.501
 59    17.155 54265.31633508 24.34  47.166514  51.939072 22.501
 59    17.428 54265.31633573 20.21  47.164984  51.935842 22.501
 59    17.788 54265.31633637 22.30  47.163464  51.932622 22.501
 59    18.155 54265.31633702 25.92  47.161934  51.929392 22.501
 61    20.402 54335.31632768 37.25  47.164698  51.944350 19.036
 61    17.262 54335.31632833 35.00  47.163168  51.941120 19.036
 61    17.060 54335.31632897 34.43  47.161648  51.937900 19.036
 61    16.668 54335.31632962 34.27  47.160118  51.934670 19.036
 61    16.323 54335.31633026 33.92  47.158598  51.931440 19.036
 61    16.945 54335.31633091 33.42  47.157078  51.928220 19.036
 63    15.662 54405.31627213 18.47  47.164991  51.944353 26.736
 63    14.911 54405.31627277 17.78  47.163471  51.941133 26.736
 63    14.993 54405.31627342 18.90  47.161951  51.937903 26.736
 63    15.226 54405.31627406 17.29  47.160421  51.934683 26.736
 63    15.465 54405.31627471 22.76  47.158901  51.931453 26.736
 63    15.768 54405.31627535 27.54  47.157371  51.928223 26.736
 64   102.420 54440.31622706  7.82  47.182663  51.955168  8.844
 64   103.230 54440.31622835  2.49  47.179613  51.948718  8.844
 67    18.627 54545.31627334 26.41  47.166626  51.945031 19.547
 67    18.670 54545.31627398 28.98  47.165106  51.941801 19.547
 67    18.523 54545.31627463 27.38  47.163576  51.938581 19.547
 67    18.116 54545.31627527 28.95  47.162056  51.935351 19.547
 67    18.208 54545.31627592 29.76  47.160526  51.932121 19.547
 67    18.100 54545.31627656 30.14  47.159006  51.928901 19.547
 68    19.879 54580.31623851 14.08  47.174218  51.951913 29.591
 68    19.166 54580.31623916 15.92  47.172688  51.948683 29.591
 68    19.004 54580.31623980 17.62  47.171168  51.945463 29.591
 68    19.285 54580.31624045 18.50  47.169648  51.942233 29.591
 68    19.355 54580.31624109 22.36  47.168118  51.939013 29.591
 68    19.852 54580.31624174 20.71  47.166598  51.935783 29.591
 68    19.950 54580.31624238 22.71  47.165068  51.932563 29.591
 68    20.679 54580.31624303 25.35  47.163548  51.929333 29.591
 69    18.484 54615.31626160 31.33  47.170946  51.949915 29.218
 69    19.327 54615.31626224 33.88  47.169426  51.946685 29.218
 69    19.585 54615.31626289 26.22  47.167896  51.943465 29.218
 69    17.578 54615.31626353 20.23  47.166376  51.940235 29.218
 69    17.549 54615.31626418 20.07  47.164846  51.937015 29.218
 69    17.655 54615.31626482 21.50  47.163326  51.933785 29.218
 69    18.307 54615.31626547 22.76  47.161796  51.930555 29.218
 70    16.977 54650.31627449 29.65  47.167828  51.946280 11.225
 70    16.739 54650.31627514 29.12  47.166308  51.943050 11.225
 70    16.994 54650.31627578 30.59  47.164778  51.939830 11.225
 70    17.388 54650.31627643 31.13  47.163258  51.936600 11.225
 70    15.989 54650.31627707 33.07  47.161728  51.933380 11.225
 70    15.797 54650.31627772 33.06  47.160208  51.930150 11.225
 71    16.096 54685.31626862 15.90  47.164069  51.945435 23.021
 71    16.523 54685.31626926 15.59  47.162549  51.942215 23.021
 71    16.602 54685.31626991 14.93  47.161019  51.938985 23.021
 71    16.390 54685.31627055 16.59  47.159499  51.935755 23.021
 71    16.845 54685.31627120 15.83  47.157979  51.932535 23.021
 71    17.173 54685.31627184 20.46  47.156449  51.929305 23.021
 72    15.938 54720.31621640 17.04  47.181819  51.955546 23.423
 72    17.515 54720.31621704 16.88  47.180289  51.952316 23.423
 72    16.886 54720.31621768 17.35  47.178769  51.949096 23.423
 72    17.004 54720.31621833 18.82  47.177239  51.945866 23.423
 72    17.422 54720.31621897 21.25  47.175709  51.942636 23.423
 72    17.341 54720.31621962 24.41  47.174189  51.939416 23.423
 72    17.734 54720.31622026 18.88  47.172659  51.936186 23.423
 72    17.096 54720.31622091 19.26  47.171139  51.932966 23.423
 72    17.025 54720.31622155 21.27  47.169609  51.929736 23.423
 73    18.082 54755.31624285 36.60  47.168337  51.946324 22.525
 73    17.253 54755.31624349 20.66  47.166817  51.943094 22.525
 73    15.823 54755.31624414 18.79  47.165287  51.939864 22.525
 73    15.426 54755.31624478 19.74  47.163767  51.936644 22.525
 73    15.294 54755.31624543 22.94  47.162237  51.933414 22.525
 73    15.530 54755.31624607 25.76  47.160717  51.930194 22.525
 74    16.570 54790.31621054 15.76  47.178760  51.954387 11.653
 74    16.696 54790.31621119 16.90  47.177240  51.951157 11.653
 74    17.376 54790.31621183 17.48  47.175710  51.947927 11.653
 74    17.131 54790.31621248 18.35  47.174190  51.944707 11.653
 74    17.104 54790.31621312 16.82  47.172660  51.941477 11.653
 74    16.845 54790.31621377 17.79  47.171130  51.938257 11.653
 74    16.602 54790.31621441 19.45  47.169610  51.935027 11.653
 74    16.951 54790.31621506 20.50  47.168080  51.931807 11.653
 75    17.070 54825.31623806 41.79  47.173043  51.949541 24.978
 75    17.070 54825.31623871 41.93  47.171513  51.946321 24.978
 75    17.079 54825.31623935 38.98  47.169993  51.943091 24.978
 75    17.087 54825.31624000 39.16  47.168463  51.939861 24.978
 75    17.046 54825.31624064 34.75  47.166943  51.936641 24.978
 75    16.620 54825.31624129 30.70  47.165413  51.933411 24.978
 75    16.676 54825.31624193 31.04  47.163893  51.930191 24.978
 79    17.504 54965.31623988 14.92  47.168570  51.947345 22.262
 79    17.510 54965.31624053 15.03  47.167040  51.944125 22.262
 79    17.941 54965.31624117 15.54  47.165520  51.940895 22.262
 79    16.514 54965.31624181 18.02  47.163990  51.937675 22.262
 79    16.837 54965.31624246 23.21  47.162470  51.934445 22.262
 79    17.175 54965.31624310 27.30  47.160940  51.931215 22.262
 79    17.343 54965.31624375 32.88  47.159420  51.927995 22.262
 80    17.981 55000.31626119 45.00  47.163930  51.943446 28.701
 80    17.556 55000.31626183 42.47  47.162400  51.940226 28.701
 80    16.892 55000.31626248 36.90  47.160880  51.936996 28.701
 80    16.582 55000.31626312 27.74  47.159350  51.933766 28.701
 80    15.974 55000.31626377 26.58  47.157830  51.930546 28.701
 80    17.583 55000.31626441 27.55  47.156300  51.927316 28.701
 81    15.724 55035.31624508 16.83  47.172182  51.949571 22.054
 81    16.274 55035.31624572 17.26  47.170652  51.946351 22.054
 81    16.279 55035.31624637 16.14  47.169132  51.943121 22.054
 81    15.535 55035.31624701 17.63  47.167602  51.939891 22.054
 81    15.297 55035.31624766 20.39  47.166082  51.936671 22.054
 81    15.509 55035.31624830 22.47  47.164552  51.933441 22.054
 81    15.741 55035.31624895 27.95  47.163032  51.930211 22.054
 82    16.494 55070.31623615 17.55  47.162829  51.944405 26.377
 82    16.254 55070.31623679 17.38  47.161309  51.941185 26.377
 82    16.291 55070.31623744 18.26  47.159779  51.937955 26.377
 82    15.627 55070.31623808 22.36  47.158259  51.934725 26.377
 82    16.389 55070.31623873 20.88  47.156739  51.931505 26.377
 82    17.294 55070.31623937 21.13  47.155209  51.928275 26.377
 84    17.184 55140.31618452 21.76  47.166854  51.945679 19.089
 84    16.680 55140.31618516 20.32  47.165334  51.942459 19.089
 84    17.106 55140.31618581 21.02  47.163804  51.939229 19.089
 84    16.981 55140.31618645 21.80  47.162284  51.936009 19.089
 84    16.632 55140.31618710 23.53  47.160754  51.932779 19.089
 84    16.986 55140.31618774 25.29  47.159234  51.929549 19.089
 85    17.046 55175.31614308 41.53  47.181996  51.954844 28.538
 85    17.264 55175.31614372 42.06  47.180476  51.951624 28.538
 85    17.794 55175.31614437 41.05  47.178946  51.948394 28.538
 85    16.978 55175.31614501 42.47  47.177416  51.945164 28.538
 85    17.414 55175.31614630 39.59  47.174366  51.938714 28.538
 85    17.251 55175.31614695 44.44  47.172846  51.935494 28.538
 85    17.328 55175.31614759 46.08  47.171316  51.932264 28.538
 89    18.526 55315.31613853 18.02  47.168595  51.946725 12.702
 89    16.497 55315.31613917 26.05  47.167065  51.943505 12.702
 89    16.645 55315.31613982 25.96  47.165545  51.940275 12.702
 89    17.171 55315.31614046 21.81  47.164015  51.937055 12.702
 89    17.542 55315.31614110 20.38  47.162495  51.933825 12.702
 89    17.741 55315.31614175 24.77  47.160965  51.930605 12.702
 90    17.032 55350.31614456 20.58  47.165873  51.946253 21.455
 90    18.400 55350.31614520 21.00  47.164353  51.943023 21.455
 90    18.640 55350.31614585 20.44  47.162823  51.939803 21.455
 90    17.364 55350.31614649 19.71  47.161303  51.936573 21.455
 90    17.451 55350.31614714 19.26  47.159773  51.933343 21.455
 90    17.541 55350.31614778 21.97  47.158253  51.930123 21.455
 91    16.621 55385.31613706 14.25  47.175110  51.950918 11.558
 91    16.890 55385.31613771 15.41  47.173580  51.947698 11.558
 91    16.479 55385.31613835 16.36  47.172060  51.944468 11.558
 91    16.804 55385.31613900 17.31  47.170530  51.941238 11.558
 91    16.909 55385.31613964 16.45  47.169010  51.938018 11.558
 92    14.774 55420.31616252 21.05  47.170443  51.947702 27.075
 92    14.781 55420.31616316 25.12  47.168913  51.944482 27.075
 92    15.214 55420.31616381 26.85  47.167393  51.941252 27.075
 92    15.141 55420.31616445 24.19  47.165863  51.938032 27.075
 92    14.840 55420.31616510 23.78  47.164343  51.934802 27.075
 92    14.703 55420.31616574 32.79  47.162813  51.931572 27.075
 92    15.511 55420.31616638 30.33  47.161293  51.928352 27.075
 93    16.055 55455.31614045 35.56  47.162049  51.943387 23.577
 93    16.177 55455.31614109 36.63  47.160529  51.940157 23.577
 93    15.861 55455.31614174 36.39  47.159009  51.936937 23.577
 93    16.308 55455.31614238 35.51  47.157479  51.933707 23.577
 93    15.848 55455.31614303 35.83  47.155959  51.930487 23.577
 93    16.355 55455.31614367 34.79  47.154439  51.927257 23.577
