-142420.102    11.875     0.00    3.23
-142043.972    11.385    -1.30    3.13
-141667.879    10.710    -1.79    2.17
-141291.824    11.394     1.82    2.42
-140915.807    12.071     1.80    2.12
-140539.827    12.224     0.41    2.16
-140163.884    12.039    -0.49    1.95
-139787.979    11.871    -0.45    2.01
-139412.112    12.066     0.52    1.96
-139036.282    11.708    -0.95    1.56
-138660.490    11.740     0.09    1.39
-138284.735    11.967     0.60    1.38
-137909.017    12.081     0.30    1.57
-137533.337    12.117     0.10    1.57
-137157.695    11.998    -0.32    1.47
-136782.090    12.171     0.46    1.35
-136406.522    12.234     0.17    1.65
-136030.991    12.010    -0.60    1.65
-135655.498    12.556     1.46    1.79
-135280.043    12.532    -0.07    1.77
-134904.624    12.471    -0.16    1.79
-134529.243    12.740     0.72    1.66
-134153.900    12.671    -0.19    1.74
-133778.593    12.688     0.05    1.65
-133403.324    12.670    -0.05    1.57
-133028.092    12.460    -0.56    1.39
-132652.898    13.385     2.46    2.01
-132277.741    14.907     4.06    2.46
-131902.621    16.214     3.48    2.85
-131527.538    17.653     3.84    3.00
-131152.492    18.421     2.05    2.76
-130777.484    19.385     2.57    2.58
-130402.513    19.838     1.21    1.98
-130027.579    19.773    -0.17    1.86
-129652.682    19.849     0.20    1.59
-129277.822    19.808    -0.11    1.61
-128903.000    19.671    -0.36    1.67
-128528.214    19.260    -1.10    1.61
-128153.466    19.135    -0.33    1.55
-127778.755    19.349     0.57    1.43
-127404.081    19.126    -0.59    1.31
-127029.444    19.089    -0.10    1.37
-126654.844    19.117     0.07    1.37
-126280.281    18.768    -0.93    1.55
-125905.755    18.267    -1.34    1.70
-125531.266    17.813    -1.21    1.62
-125156.815    17.407    -1.09    1.39
-124782.400    16.992    -1.11    1.34
-124408.022    16.671    -0.86    1.14
-124033.681    16.477    -0.52    1.18
-123659.377    16.403    -0.20    1.35
-123285.110    15.938    -1.24    1.36
-122910.880    15.949     0.03    1.42
-122536.687    15.885    -0.17    1.57
-122162.531    15.819    -0.18    1.42
-121788.412    15.867     0.13    1.50
-121414.330    15.974     0.29    1.34
-121040.284    16.206     0.62    1.45
-120666.276    15.811    -1.06    1.61
-120292.304    15.331    -1.28    1.77
-119918.369    15.337     0.02    2.07
-119544.471    14.980    -0.96    1.98
-119170.610    15.349     0.99    1.94
-118796.785    15.671     0.86    1.88
-118422.998    15.206    -1.24    1.68
-118049.247    14.980    -0.61    1.64
-117675.533    14.962    -0.05    1.57
-117301.855    14.671    -0.78    1.24
-116928.215    14.671     0.00    1.28
-116554.611    14.653    -0.05    1.24
-116181.043    14.883     0.62    1.29
-115807.513    14.740    -0.38    1.41
-115434.019    14.925     0.50    1.28
-115060.562    15.249     0.87    1.29
-114687.142    15.362     0.30    1.21
-114313.758    15.778     1.11    1.11
-113940.411    15.813     0.10    1.09
-113567.100    15.449    -0.98    1.26
-113193.826    15.153    -0.79    1.69
-112820.589    14.653    -1.34    1.82
-112447.388    14.135    -1.39    1.83
-112074.224    13.766    -0.99    1.51
-111701.096    13.968     0.54    1.66
-111328.005    14.234     0.71    1.56
-110954.950    14.260     0.07    1.57
-110581.932    13.980    -0.75    1.64
-110208.951    13.634    -0.93    1.43
-109836.006    13.495    -0.37    1.24
-109463.098    13.275    -0.59    1.42
-109090.225    13.385     0.29    1.53
-108717.390    13.486     0.27    1.66
-108344.591    13.617     0.35    1.50
-107971.828    13.782     0.44    1.33
-107599.102    13.670    -0.30    1.29
-107226.412    13.671     0.00    1.14
-106853.759    13.762     0.24    1.01
-106481.142    13.863     0.27    1.19
-106108.561    14.016     0.41    1.24
-105736.017    14.004    -0.03    1.53
-105363.509    14.037     0.09    1.59
-104991.037    14.010    -0.07    1.51
-104618.602    13.634    -1.01    1.65
-104246.203    13.421    -0.57    1.60
-103873.840    12.930    -1.32    1.42
-103501.514    12.778    -0.41    1.15
-103129.224    12.706    -0.19    1.31
-102756.970    12.599    -0.29    1.43
-102384.752    12.758     0.43    1.45
-102012.571    13.162     1.09    1.55
-101640.426    13.582     1.13    1.55
-101268.317    13.615     0.09    1.49
-100896.244    13.617     0.01    1.48
-100524.208    13.596    -0.06    1.34
-100152.208    13.492    -0.28    1.35
 -99780.243    13.307    -0.50    1.27
 -99408.315    12.670    -1.71    1.41
 -99036.424    12.600    -0.19    1.53
 -98664.568    12.706     0.29    1.55
 -98292.748    13.135     1.15    1.60
 -97920.965    13.264     0.35    1.41
 -97549.218    13.232    -0.09    1.36
 -97177.506    13.253     0.06    1.34
 -96805.831    13.126    -0.34    1.17
 -96434.192    12.879    -0.67    1.22
 -96062.589    12.867    -0.03    1.23
 -95691.022    12.706    -0.43    1.03
 -95319.491    12.600    -0.29    0.97
 -94947.996    12.688     0.24    1.02
 -94576.536    12.456    -0.62    1.20
 -94205.113    12.313    -0.38    1.47
 -93833.726    12.319     0.02    1.53
 -93462.375    12.331     0.03    1.47
 -93091.060    12.356     0.07    1.47
 -92719.781    12.411     0.15    1.51
 -92348.537    12.345    -0.18    1.69
 -91977.330    12.278    -0.18    1.56
 -91606.158    12.267    -0.03    1.45
 -91235.023    12.385     0.32    1.30
 -90863.923    11.980    -1.09    1.38
 -90492.859    11.819    -0.43    1.41
 -90121.831    11.885     0.18    1.44
 -89750.839    11.962     0.21    1.51
 -89379.883    11.951    -0.03    1.41
 -89008.962    12.125     0.47    1.40
 -88638.077    12.214     0.24    1.31
 -88267.228    12.095    -0.32    1.41
 -87896.415    12.510     1.12    1.42
 -87525.638    12.615     0.28    1.33
 -87149.168    12.510    -0.28    1.43
 -86771.145    12.653     0.38    1.44
 -86393.159    12.780     0.34    1.38
 -86015.211    12.671    -0.29    1.33
 -85637.299    12.301    -0.98    1.23
 -85259.425    11.956    -0.91    1.20
 -84881.588    11.967     0.03    1.29
 -84503.789    11.974     0.02    1.29
 -84126.026    12.028     0.14    1.32
 -83748.301    12.208     0.48    1.42
 -83370.613    11.992    -0.57    1.32
 -82992.962    12.060     0.18    1.46
 -82615.349    12.004    -0.15    1.42
 -82237.772    12.153     0.39    1.49
 -81860.233    12.331     0.47    1.55
 -81482.730    12.510     0.47    1.35
 -81105.265    12.403    -0.28    1.35
 -80727.837    11.933    -1.24    1.10
 -80350.446    11.539    -1.04    1.22
 -79973.092    11.197    -0.91    1.40
 -79595.775    10.955    -0.64    1.34
 -79218.495    11.126     0.46    1.38
 -78841.252    11.617     1.30    1.60
 -78464.046    12.117     1.33    1.46
 -78086.877    12.492     0.99    1.44
 -77709.745    12.747     0.68    1.54
 -77332.650    12.722    -0.07    1.60
 -76955.592    12.867     0.39    1.67
 -76578.571    12.798    -0.18    1.65
 -76201.586    12.580    -0.58    1.50
 -75824.639    12.260    -0.85    1.23
 -75447.729    12.325     0.17    1.20
 -75070.855    12.344     0.05    1.22
 -74694.019    12.188    -0.41    1.33
 -74317.219    11.864    -0.86    1.32
 -73940.456    11.742    -0.32    1.25
 -73563.730    11.907     0.44    1.36
 -73187.041    11.980     0.19    1.36
 -72810.389    11.760    -0.58    1.45
 -72433.773    11.616    -0.38    1.54
 -72057.194    10.828    -2.09    1.39
 -71680.652    10.826    -0.01    1.17
 -71304.147    11.046     0.58    1.07
 -70927.679    10.967    -0.21    1.04
 -70551.247    11.053     0.23    1.23
 -70174.852    11.232     0.48    1.68
 -69798.494    11.271     0.10    1.68
 -69422.172    11.249    -0.06    1.83
 -69045.887    11.268     0.05    1.78
 -68669.639    11.313     0.12    1.70
 -68293.427    10.967    -0.92    1.67
 -67917.253    10.938    -0.08    1.38
 -67541.114    10.819    -0.32    1.45
 -67165.013    10.489    -0.88    1.63
 -66788.948    10.617     0.34    1.73
 -66412.919    10.834     0.58    1.67
 -66036.928    10.671    -0.44    1.58
 -65660.972    10.728     0.15    1.49
 -65285.054    10.742     0.04    1.74
 -64909.172    10.671    -0.19    2.00
 -64533.326    10.930     0.69    2.00
 -64157.517    11.460     1.41    2.06
 -63781.745    11.507     0.13    1.94
 -63406.009    11.618     0.29    1.59
 -63030.309    11.499    -0.32    1.64
 -62654.646    11.296    -0.54    1.51
 -62279.020    11.162    -0.36    1.51
 -61903.430    11.135    -0.07    1.45
 -61527.876    11.134    -0.00    1.45
 -61152.359    10.925    -0.56    1.30
 -60776.878    11.367     1.18    1.26
 -60401.434    11.412     0.12    1.36
 -60026.026    11.242    -0.45    1.45
 -59650.654    11.087    -0.41    1.61
 -59275.319    10.871    -0.57    1.73
 -58900.020    10.819    -0.14    1.81
 -58524.757    10.819     0.00    1.73
 -58149.531    10.600    -0.58    1.64
 -57774.341    10.689     0.24    1.53
 -57399.188    10.530    -0.42    1.30
 -57024.071    10.518    -0.03    1.41
 -56648.990    10.581     0.17    1.51
 -56273.945    10.708     0.34    1.70
 -55898.936    10.992     0.76    1.69
 -55523.964    10.505    -1.30    1.65
 -55149.028    10.125    -1.01    1.54
 -54774.129     9.671    -1.21    1.53
 -54399.265     9.764     0.25    1.49
 -54024.438    10.099     0.89    1.46
 -53649.647    10.730     1.68    1.58
 -53274.892    10.921     0.51    1.50
 -52900.173    10.634    -0.76    1.34
 -52525.490    10.171    -1.24    1.36
 -52150.844    10.074    -0.26    1.32
 -51776.233    10.071    -0.01    1.36
 -51401.659    10.081     0.03    1.56
 -51027.121    10.037    -0.12    1.51
 -50652.619    10.474     1.17    1.75
 -50278.153    10.804     0.88    1.71
 -49903.723    11.188     1.03    1.84
 -49529.329    11.434     0.66    1.98
 -49154.971    11.319    -0.31    2.05
 -48780.649    11.021    -0.80    2.33
 -48406.363    10.344    -1.81    2.14
 -48032.113     9.599    -1.99    2.01
 -47657.900     9.345    -0.68    2.03
 -47283.722     9.403     0.15    2.03
 -46909.580     9.634     0.62    1.88
 -46535.474     9.796     0.43    1.78
 -46161.404     9.349    -1.19    1.55
 -45787.370     9.349     0.00    1.50
 -45413.372     9.206    -0.38    1.61
 -45039.410     8.838    -0.99    1.66
 -44665.483     8.528    -0.83    1.97
 -44291.593     8.076    -1.21    2.24
 -43917.738     7.956    -0.32    2.17
 -43543.920     8.060     0.28    2.18
 -43170.137     8.367     0.82    2.08
 -42796.390     8.871     1.35    2.31
 -42422.678     8.856    -0.04    2.44
 -42049.003     9.063     0.55    2.66
 -41675.364     9.016    -0.13    2.84
 -41301.760     8.562    -1.22    2.76
 -40928.192     8.364    -0.53    2.57
 -40554.659     7.846    -1.39    2.49
 -40181.163     7.690    -0.42    3.01
 -39807.702     6.916    -2.07    3.51
 -39434.277     6.344    -1.53    3.29
 -39060.888     5.831    -1.37    2.87
 -38687.534     5.875     0.12    2.70
 -38314.216     6.375     1.34    2.44
 -37940.934     6.688     0.84    2.24
 -37567.687     6.672    -0.05    2.27
 -37194.476     6.831     0.43    2.19
 -36821.301     7.403     1.53    2.15
 -36448.161     7.319    -0.22    2.04
 -36075.057     7.416     0.26    1.71
 -35701.989     6.917    -1.34    2.07
 -35328.956     7.144     0.61    2.41
 -34955.959     7.198     0.15    2.57
 -34582.997     7.380     0.49    2.48
 -34210.071     7.853     1.27    2.41
 -33837.180     8.071     0.59    2.42
 -33464.325     7.653    -1.12    2.20
 -33091.506     7.813     0.43    1.98
 -32718.722     8.219     1.09    1.85
 -32345.973     8.617     1.07    1.83
 -31973.260     8.907     0.78    1.96
 -31600.582     8.653    -0.68    2.15
 -31227.940     8.421    -0.62    2.04
 -30855.334     7.925    -1.33    2.04
 -30482.763     7.421    -1.36    1.80
 -30110.227     7.691     0.73    1.91
 -29737.726     7.600    -0.24    1.89
 -29365.261     7.841     0.65    1.87
 -28992.832     7.778    -0.17    1.86
 -28620.438     8.016     0.64    2.02
 -28248.079     7.903    -0.31    2.64
 -27875.755     7.453    -1.21    2.68
 -27503.467     7.438    -0.04    2.55
 -27131.215     7.099    -0.91    2.55
 -26758.997     6.709    -1.05    2.36
 -26386.815     6.706    -0.01    2.55
 -26014.668     6.287    -1.13    2.49
 -25642.557     6.385     0.26    2.44
 -25270.480     6.841     1.23    2.29
 -24898.439     6.580    -0.70    2.36
 -24526.434     7.016     1.17    2.53
 -24154.463     7.325     0.83    2.40
 -23782.528     7.562     0.64    2.25
 -23410.628     7.671     0.29    1.70
 -23038.763     7.816     0.39    1.50
 -22666.933     8.200     1.03    1.75
 -22295.139     7.938    -0.70    1.76
 -21923.379     7.883    -0.15    1.59
 -21551.655     7.474    -1.10    1.78
 -21179.966     7.245    -0.62    1.74
 -20808.312     7.046    -0.54    1.72
 -20436.694     6.778    -0.72    1.53
 -20065.110     6.434    -0.92    1.76
 -19693.561     5.153    -3.45    2.52
 -19322.048     3.653    -4.04    3.03
 -18950.570     2.528    -3.03    2.66
 -18579.126     1.780    -2.01    2.22
 -18207.718     1.544    -0.64    1.87
 -17836.345     1.576     0.09    1.52
 -17465.007     1.367    -0.56    1.29
 -17093.703     1.313    -0.15    1.18
 -16722.435     1.331     0.05    1.28
 -16351.202     1.116    -0.58    1.62
 -15980.004     1.034    -0.22    1.69
 -15608.841     1.171     0.37    1.82
 -15237.712     1.264     0.25    1.46
 -14866.619     1.617     0.95    1.44
 -14495.561     1.523    -0.25    1.49
 -14124.537     1.162    -0.97    1.44
 -13753.549     1.018    -0.39    1.47
 -13382.595     0.925    -0.25    1.35
 -13011.677     0.898    -0.07    1.31
 -12640.793     0.831    -0.18    1.45
 -12264.611     0.875     0.12    1.69
 -11886.668     0.903     0.07    1.69
 -11508.762     0.938     0.09    1.66
 -11130.892     1.068     0.34    1.66
 -10753.058     1.063    -0.01    1.57
 -10375.260     1.124     0.16    1.44
  -9997.499     1.296     0.45    1.34
  -9619.774     0.871    -1.12    1.30
  -9242.085     0.875     0.01    1.30
  -8864.433     0.956     0.22    1.43
  -8486.816     0.822    -0.35    1.50
  -8109.236     0.974     0.40    1.45
  -7731.692     1.181     0.55    1.38
  -7354.185     1.362     0.48    1.44
  -6976.713     1.416     0.14    1.30
  -6599.277     1.301    -0.31    1.38
  -6221.878     1.331     0.08    1.57
  -5844.515     1.125    -0.55    1.59
  -5467.188     0.916    -0.56    1.60
  -5089.897     0.672    -0.65    1.53
  -4712.642     0.617    -0.14    1.21
  -4335.423     0.580    -0.10    1.37
  -3958.240     0.599     0.05    1.33
  -3581.094     0.782     0.49    1.29
  -3203.983     0.539    -0.64    1.28
  -2826.908     0.921     1.01    1.46
  -2449.870     1.238     0.84    1.34
  -2072.867     1.313     0.20    1.43
  -1695.900     1.467     0.41    1.29
  -1318.970     1.525     0.15    1.60
   -942.075     2.099     1.52    2.58
   -565.216     2.114     0.04    3.24
   -188.393     1.438    -1.79    3.41
    188.393     1.287    -0.40    3.86
    565.144     2.028     1.97    3.88
    941.859     4.264     5.94    3.76
   1318.539     5.782     4.03    2.48
   1695.182     6.224     1.17    2.23
   2071.789     6.502     0.74    2.68
   2448.361     7.016     1.37    2.50
   2824.896     7.417     1.07    2.41
   3201.396     7.813     1.05    2.21
   3577.860     7.558    -0.68    1.96
   3954.288     6.956    -1.60    2.13
   4330.681     6.917    -0.10    2.46
   4707.038     6.344    -1.52    2.55
   5083.358     5.653    -1.84    2.26
   5459.643     6.095     1.18    2.16
   5835.893     6.010    -0.23    2.22
   6212.106     6.393     1.02    2.27
   6588.284     6.885     1.31    2.19
   6964.426     7.144     0.69    2.22
   7340.533     7.089    -0.15    1.91
   7716.604     6.831    -0.69    1.86
   8092.639     6.422    -1.09    1.91
   8468.638     6.188    -0.62    2.07
   8844.602     5.936    -0.67    2.04
   9220.530     5.282    -1.74    1.88
   9596.423     4.798    -1.29    1.73
   9972.279     4.208    -1.57    1.85
  10348.101     3.778    -1.15    1.66
  10723.886     3.980     0.54    1.81
  11099.637     4.081     0.27    1.73
  11475.351     4.287     0.55    1.68
  11851.030     4.089    -0.53    1.62
  12226.673     3.834    -0.68    1.79
  12602.281     4.028     0.51    2.01
  12977.854     4.558     1.41    2.38
  13353.390     5.256     1.86    2.48
  13728.892     5.871     1.64    2.28
  14104.358     5.960     0.24    2.38
  14479.788     5.938    -0.06    2.16
  14855.183     5.967     0.08    2.20
  15230.542     5.742    -0.60    1.61
  15605.866     5.634    -0.29    1.59
  15981.155     5.727     0.25    1.61
  16356.408     5.492    -0.63    1.62
  16731.626     5.898     1.08    2.09
  17106.808     6.616     1.91    2.63
  17481.955     7.359     1.98    2.83
  17857.067     8.125     2.04    2.60
  18232.143     8.486     0.96    1.98
  18607.184     8.349    -0.37    2.14
  18982.190     8.764     1.11    2.03
  19357.160     9.134     0.99    2.01
  19732.095     9.525     1.04    1.94
  20106.994     9.941     1.11    1.81
  20481.859     9.938    -0.01    1.96
  20856.688    10.162     0.60    1.91
  21231.482    10.028    -0.36    1.76
  21606.240    10.356     0.88    2.05
  21980.963    10.416     0.16    2.15
  22355.651    10.992     1.54    2.24
  22730.304    11.018     0.07    2.10
  23104.922    10.689    -0.88    2.21
  23479.504    10.210    -1.28    2.12
  23854.052     9.653    -1.49    2.09
  24228.564     9.375    -0.74    1.93
  24603.041     9.595     0.59    1.99
  24977.483     9.760     0.44    1.92
  25351.889     9.708    -0.14    1.72
  25726.261     9.616    -0.25    1.65
  26100.597     9.893     0.74    1.85
  26474.898     9.544    -0.93    1.91
  26849.165     9.576     0.09    1.94
  27223.396     9.331    -0.65    1.94
  27597.592     8.671    -1.76    1.50
  27971.753     8.724     0.14    1.67
  28345.879     8.912     0.50    1.74
  28719.970     8.616    -0.79    1.76
  29094.026     8.581    -0.09    2.00
  29468.047     8.595     0.04    2.15
  29842.033     8.706     0.30    2.10
  30215.984     8.690    -0.04    2.09
  30589.900     8.653    -0.10    2.08
  30963.781     8.319    -0.89    2.10
  31337.627     7.999    -0.86    2.31
  31711.438     7.510    -1.31    2.05
  32085.214     7.412    -0.26    1.94
  32458.955     7.688     0.74    1.68
  32832.662     8.143     1.22    1.55
  33206.333     8.385     0.65    1.80
  33579.970     8.345    -0.11    1.79
  33953.571     7.944    -1.07    1.80
  34327.138     7.689    -0.68    1.63
  34700.670     7.635    -0.15    1.63
  35074.167     7.445    -0.51    1.60
  35447.630     7.841     1.06    1.79
  35821.057     8.278     1.17    2.08
  36194.450     7.898    -1.02    2.21
  36567.808     7.579    -0.86    2.01
  36941.131     7.407    -0.46    1.98
  37314.420     7.162    -0.66    1.88
  37687.673     7.282     0.32    1.73
  38060.892     7.087    -0.52    1.75
  38434.076     6.903    -0.49    1.53
  38807.226     7.227     0.87    1.46
  39180.341     7.208    -0.05    1.36
  39553.421     7.114    -0.25    1.70
  39926.466     6.956    -0.42    1.69
  40299.477     6.966     0.03    1.76
  40672.453     7.144     0.48    2.22
  41045.394     7.319     0.47    2.26
  41418.301     7.135    -0.49    2.22
  41791.173     6.856    -0.75    2.16
  42164.010     6.744    -0.30    1.79
  42536.813     6.289    -1.22    1.76
  42909.582     6.181    -0.29    1.80
  43282.315     6.171    -0.03    1.86
  43655.014     5.806    -0.98    1.95
  44027.679     5.216    -1.58    1.80
  44400.309     4.967    -0.67    1.85
  44772.904     5.782     2.19    2.80
  45145.465     6.245     1.24    2.98
  45517.992     7.087     2.26    2.87
  45890.484     6.780    -0.82    3.16
  46262.941     6.049    -1.96    2.88
  46635.364     6.180     0.35    3.15
  47007.753     4.849    -3.57    3.16
  47380.107     4.653    -0.53    3.21
  47752.426     3.615    -2.79    3.41
  48124.711     3.028    -1.58    3.24
  48496.962     3.523     1.33    3.64
  48869.178     3.171    -0.95    3.65
  49241.360     3.301     0.35    3.52
  49613.508     4.023     1.94    4.09
  49985.621     3.938    -0.23    4.53
  50357.700     3.966     0.08    4.61
  50729.744     3.724    -0.65    4.50
  51101.754     2.614    -2.98    3.27
  51473.730     3.398     2.11    3.16
  51845.671     3.238    -0.43    1.93
  52217.578     4.313     2.89    2.30
  52589.451     4.434     0.33    2.55
  52961.290     3.816    -1.66    2.83
  53333.094     2.762    -2.84    2.92
  53704.864     2.801     0.11    2.71
  54076.599     3.208     1.10    2.60
  54448.301     2.999    -0.56    2.49
  54819.968     3.010     0.03    2.67
  55191.601     3.037     0.07    3.09
  55563.200     3.546     1.37    3.08
  55934.764     3.219    -0.88    3.41
  56306.295     2.796    -1.14    3.96
  56677.791     2.560    -0.63    4.46
  57049.253     2.275    -0.77    4.43
  57420.681     1.813    -1.24    3.99
  57792.075     1.616    -0.53    3.23
  58163.434     0.885    -1.97    2.26
  58534.760     1.445     1.51    2.71
  58906.051     2.745     3.50    3.91
  59277.308     3.753     2.71    3.49
  59648.531     2.853    -2.42    3.37
  60019.721     2.011    -2.27    3.21
  60390.876     1.813    -0.53    2.91
  60761.997     2.060     0.66    2.87
  61133.084     2.206     0.39    3.24
  61504.136     1.841    -0.98    2.67
  61875.155     1.558    -0.76    2.36
  62246.140     1.635     0.21    2.62
  62622.092     1.672     0.10    2.77
  62999.959     1.434    -0.63    3.18
  63377.790     1.181    -0.67    3.29
  63755.586     1.071    -0.29    2.83
  64133.346     1.671     1.59    2.86
  64511.071     1.615    -0.15    2.45
  64888.761     0.938    -1.79    2.53
  65266.415    -0.463    -3.71    1.97
  65644.034    -0.584    -0.32    2.13
  66021.618    -1.064    -1.27    2.16
  66399.167    -1.426    -0.96    2.07
  66776.680    -1.169     0.68    2.39
  67154.158    -0.681     1.29    3.20
  67531.601     0.097     2.06    3.77
  67909.009     1.230     3.00    3.89
  68286.381     1.380     0.40    3.28
  68663.718     2.105     1.92    4.49
  69041.020     1.599    -1.34    4.44
  69418.287     1.208    -1.04    4.55
  69795.519     1.596     1.03    4.75
  70172.715     1.370    -0.60    4.03
  70549.877     2.730     3.61    4.25
  70927.003     2.198    -1.41    3.78
  71304.094     1.745    -1.20    3.14
  71681.150     2.421     1.79    3.27
  72058.171     1.770    -1.72    3.24
  72435.157     1.822     0.14    3.22
  72812.107     0.690    -3.00    2.74
  73189.023    -0.020    -1.88    1.49
  73565.904     0.385     1.08    1.94
  73942.749     0.345    -0.11    2.17
  74319.560     1.224     2.33    3.95
  74696.335     2.307     2.87    4.71
  75073.076     2.727     1.11    4.98
  75449.781     2.956     0.61    5.28
  75826.452     2.273    -1.81    4.43
  76203.087     2.028    -0.65    4.29
  76579.688     1.747    -0.75    4.01
  76956.254     1.190    -1.48    3.22
  77332.784     0.063    -2.99    2.22
  77709.280    -0.403    -1.24    1.20
  78085.741    -0.276     0.34    1.35
  78462.167     0.826     2.93    3.17
  78838.558     0.764    -0.16    3.17
  79214.914     0.801     0.10    3.15
  79591.236     1.577     2.06    3.54
  79967.522     0.986    -1.57    3.28
  80343.774     1.079     0.25    3.21
  80719.991     0.616    -1.23    2.97
  81096.173     0.294    -0.85    2.22
  81472.320     0.282    -0.03    2.09
  81848.432     0.068    -0.57    2.35
  82224.510     0.944     2.33    3.64
  82600.553     0.822    -0.32    4.13
  82976.561     0.635    -0.50    3.76
  83352.534     0.011    -1.66    2.81
  83728.473    -0.442    -1.20    2.76
  84104.377    -0.651    -0.56    2.66
  84480.246    -1.386    -1.96    1.52
  84856.080    -1.079     0.81    2.60
  85231.880    -1.051     0.08    3.40
  85607.645    -1.038     0.03    3.38
  85983.375    -1.656    -1.65    1.86
  86359.071    -1.625     0.08    1.09
  86734.732    -0.294     3.54    3.69
  87110.359     1.515     4.82    4.60
  87485.950     2.135     1.65    4.34
  87861.508     3.124     2.63    4.41
  88237.030     2.256    -2.31    3.81
  88612.518     1.796    -1.23    2.77
  88987.972     1.264    -1.42    2.48
  89363.390    -0.079    -3.58    1.97
  89738.775    -0.706    -1.67    2.01
  90114.124    -1.440    -1.96    1.12
  90489.440    -1.174     0.71    1.53
  90864.720     0.412     4.23    3.33
  91239.966     1.253     2.24    3.68
  91615.178     1.301     0.13    3.61
  91990.355     1.558     0.69    4.09
  92365.498     1.486    -0.19    4.51
  92740.606     1.653     0.44    4.57
  93115.680     1.480    -0.46    4.57
  93490.719     0.034    -3.85    3.50
  93865.724    -0.838    -2.33    1.73
  94240.695     0.117     2.55    3.01
  94615.631     0.879     2.03    2.98
  94990.532     1.764     2.36    2.92
  95365.400     1.834     0.19    2.39
  95740.232     1.672    -0.43    2.03
  96115.031     1.171    -1.33    2.35
  96489.795     2.045     2.33    3.75
  96864.525     1.653    -1.05    3.88
  97239.220     1.153    -1.33    3.69
  97613.882     0.672    -1.28    3.10
  97988.509    -0.490    -3.10    1.67
  98363.101    -0.809    -0.85    1.53
  98737.659    -0.856    -0.13    1.74
  99112.183    -0.194     1.77    2.61
  99486.673    -0.199    -0.02    2.95
  99861.129     0.079     0.74    2.92
 100235.550    -0.027    -0.28    2.72
 100609.937     0.042     0.18    2.33
 100984.290    -0.051    -0.25    2.22
 101358.608     0.838     2.37    3.35
 101732.892     1.294     1.22    3.70
 102107.143     1.325     0.08    3.78
 102481.359     1.826     1.34    3.58
 102855.540    -0.403    -5.96    3.10
 103229.688    -0.329     0.20    3.34
 103603.802     0.099     1.14    3.68
 103977.881     0.095    -0.01    3.48
 104351.926    -0.102    -0.53    3.23
 104725.938    -0.570    -1.25    2.07
 105099.915    -0.347     0.59    1.68
 105473.858     0.580     2.48    2.09
 105847.767     1.053     1.26    2.18
 106221.641     1.349     0.79    2.73
 106595.482     1.856     1.36    3.25
 106969.289     3.219     3.64    3.67
 107343.062     2.831    -1.04    3.66
 107716.800     2.558    -0.73    4.03
 108090.505     1.885    -1.80    3.94
 108464.176     1.460    -1.14    4.13
 108837.812     1.393    -0.18    4.11
 109211.415     1.417     0.06    4.30
 109584.984     0.879    -1.44    4.01
 109958.519    -0.800    -4.50    2.07
 110332.020    -1.236    -1.17    2.02
 110705.487    -1.495    -0.69    2.10
 111078.920    -0.442     2.82    4.25
 111452.319     0.539     2.63    4.81
 111825.684     1.417     2.35    4.65
 112199.015     2.005     1.57    3.99
 112572.313     0.936    -2.86    2.48
 112945.576     1.688     2.02    2.68
 113318.806     2.105     1.12    3.39
 113692.002     1.278    -2.22    3.84
 114065.164     0.955    -0.87    3.85
 114438.292     0.745    -0.56    3.02
 114811.386     1.188     1.19    2.15
 115184.447     1.359     0.46    2.17
 115557.474     0.930    -1.15    2.41
 115930.467     0.364    -1.52    1.98
 116303.426     0.449     0.23    2.48
 116676.352     0.691     0.65    2.66
 117049.244     0.999     0.83    3.20
 117422.102     0.617    -1.02    3.13
 117794.926     1.238     1.66    3.16
 118167.716     1.144    -0.25    2.99
 118540.473     0.403    -1.99    2.63
 118913.197    -0.236    -1.71    2.79
 119285.886    -1.056    -2.20    1.90
 119658.542    -0.638     1.12    1.87
 120031.164    -0.291     0.93    1.73
 120403.753    -0.238     0.14    1.72
 120776.308    -0.291    -0.14    1.62
 121148.829    -0.166     0.34    1.88
 121521.317    -0.291    -0.34    1.77
 121893.771     0.049     0.91    2.23
 122266.191     0.107     0.16    2.62
 122638.578     0.460     0.95    2.84
 123010.931     0.489     0.08    2.92
 123383.251     0.025    -1.25    2.24
 123755.537     0.688     1.78    2.71
 124127.790     1.542     2.29    2.60
 124500.009     1.558     0.05    2.89
 124872.195     0.813    -2.00    2.96
 125244.347     0.407    -1.09    2.81
 125616.465     0.099    -0.83    2.74
 125988.551    -0.366    -1.25    2.37
 126360.602    -0.699    -0.89    2.76
 126732.620    -1.504    -2.16    2.64
 127104.605    -0.479     2.75    4.23
 127476.556     0.030     1.37    4.48
 127848.474    -0.051    -0.22    4.38
 128220.359    -0.458    -1.10    3.99
 128592.210    -1.384    -2.49    2.98
 128964.027    -1.636    -0.68    3.37
 129335.812    -1.520     0.31    3.66
 129707.563    -2.051    -1.43    3.59
 130079.280    -2.520    -1.26    3.20
 130450.964    -2.437     0.23    3.09
 130822.615    -2.190     0.66    2.63
 131194.233    -2.437    -0.66    2.09
 131565.817    -2.800    -0.98    2.25
 131937.368    -2.875    -0.20    2.09
 132308.885    -2.202     1.81    2.26
 132680.369    -1.736     1.25    2.09
 133051.820    -1.454     0.76    1.47
 133423.238    -1.543    -0.24    1.33
 133794.622    -1.258     0.77    1.48
 134165.974    -0.694     1.52    1.88
 134537.292     0.319     2.73    2.47
 134908.576     1.219     2.42    2.15
 135279.828     1.133    -0.23    2.12
 135651.046     0.801    -0.90    2.01
 136022.231     0.879     0.21    2.33
 136393.383     1.143     0.71    2.69
 136764.502     1.558     1.12    2.90
 137135.587     1.351    -0.56    2.95
 137511.377     0.595    -2.01    3.18
 137889.170    -0.033    -1.66    2.62
 138266.929     0.049     0.22    2.60
 138644.653     1.063     2.69    2.70
 139022.343     2.460     3.70    2.58
 139399.998     2.822     0.96    2.23
 139777.619     3.558     1.95    2.62
 140155.206     3.576     0.05    2.47
 140532.758     3.380    -0.52    2.34
 140910.275     2.476    -2.39    2.41
 141287.759     1.617    -2.28    2.34
 141665.208     1.275    -0.91    2.35
 142042.623     1.256    -0.05    2.40
 142420.003     0.801    -1.21    2.54
 142797.349    -0.367    -3.10    1.87
 143174.661     0.296     1.76    2.35
 143551.939     0.403     0.28    2.66
 143929.182     0.325    -0.20    2.69
 144306.391    -0.766    -2.89    2.73
 144683.566    -2.033    -3.36    1.89
 145060.706    -2.901    -2.30    1.46
 145437.812    -3.107    -0.55    1.38
 145814.884    -3.184    -0.20    1.34
 146191.922    -3.064     0.32    1.52
 146568.926    -2.442     1.65    1.91
 146945.895    -2.240     0.53    1.87
 147322.830    -1.970     0.72    1.91
 147699.731    -1.579     1.04    1.92
 148076.598    -1.867    -0.76    1.80
 148453.431    -2.014    -0.39    1.87
 148830.230    -2.424    -1.09    1.54
 149206.994    -2.798    -0.99    1.43
 149583.725    -2.222     1.53    1.84
 149960.421    -1.781     1.17    1.97
 150337.083    -1.495     0.76    1.85
 150713.711    -1.482     0.04    2.04
 151090.305    -1.781    -0.79    2.00
 151466.865    -2.495    -1.90    1.53
 151843.391    -2.482     0.04    1.34
 152219.883    -1.929     1.47    1.41
 152596.341    -1.895     0.09    1.25
 152972.765    -1.718     0.47    1.22
 153349.155    -1.202     1.37    1.70
 153725.510    -0.819     1.02    1.71
 154101.832    -0.867    -0.13    1.66
 154478.120    -1.256    -1.04    1.62
 154854.374    -1.687    -1.14    1.36
 155230.594    -1.517     0.45    1.52
 155606.780    -0.725     2.11    1.85
 155982.932     0.933     4.41    2.63
 156359.051     1.838     2.41    2.42
 156735.135     1.634    -0.54    2.60
 157111.185     0.489    -3.04    2.99
 157487.202    -0.367    -2.28    2.06
 157863.185    -0.458    -0.24    1.89
 158239.133    -0.444     0.04    1.79
 158615.048    -0.555    -0.30    1.93
 158990.929    -1.204    -1.73    1.93
 159366.777    -1.328    -0.33    1.91
 159742.590    -1.437    -0.29    1.74
 160118.370    -1.251     0.49    1.64
 160494.116    -1.199     0.14    1.38
 160869.828    -1.529    -0.88    1.17
 161245.506    -1.963    -1.15    0.97
 161621.151    -1.566     1.06    1.36
 161996.762    -0.947     1.65    1.84
 162372.339    -0.954    -0.02    2.09
 162747.882    -0.884     0.19    2.40
 163123.392    -1.064    -0.48    2.42
 163498.868    -1.511    -1.19    2.03
 163874.310    -1.272     0.64    1.95
 164249.719    -1.597    -0.87    1.64
 164625.093    -1.924    -0.87    1.32
 165000.435    -1.829     0.25    1.21
 165375.742    -1.687     0.38    1.47
 165751.016    -0.994     1.85    1.98
 166126.256    -0.740     0.68    1.87
 166501.463    -0.732     0.02    1.77
 166876.636    -0.893    -0.43    1.75
 167251.776    -1.253    -0.96    1.83
 167626.881    -1.755    -1.34    1.79
 168001.954    -2.269    -1.37    1.37
 168376.992    -2.555    -0.76    1.28
 168751.998    -2.366     0.50    1.34
 169126.969    -1.736     1.68    1.71
 169501.907    -1.607     0.35    1.48
 169876.812    -1.770    -0.44    1.47
 170251.683    -2.159    -1.04    1.49
 170626.521    -2.702    -1.45    1.06
 171001.325    -2.421     0.75    1.43
 171376.095    -1.612     2.16    1.73
 171750.832    -0.166     3.86    2.20
 172125.536    -0.040     0.34    2.37
 172500.206    -0.551    -1.36    2.64
 172874.843    -1.234    -1.82    2.59
 173249.447    -2.034    -2.13    1.67
 173624.016    -2.033     0.00    1.59
 173998.553    -1.790     0.65    1.58
 174373.056    -1.454     0.89    2.02
 174747.526    -1.555    -0.27    1.82
 175121.962    -1.511     0.12    1.74
 175496.365    -1.668    -0.42    1.25
 175870.735    -1.404     0.71    1.29
 176245.071    -1.220     0.49    1.12
 176619.374    -1.067     0.41    0.95
 176993.644    -0.966     0.27    1.11
 177367.881    -0.838     0.34    1.45
 177742.084    -0.784     0.14    1.56
 178116.254    -0.403     1.02    1.73
 178490.390    -0.270     0.35    1.57
 178864.493    -0.401    -0.35    1.53
 179238.563    -0.641    -0.64    1.59
 179612.600    -0.937    -0.79    1.35
 179986.604    -1.194    -0.69    1.29
 180360.574    -1.384    -0.51    1.13
 180734.511    -1.687    -0.81    1.09
 181108.415    -1.681     0.02    1.13
 181482.286    -1.820    -0.37    1.21
 181856.123    -1.706     0.31    1.21
 182229.928    -1.630     0.20    1.20
 182603.699    -1.655    -0.07    1.32
 182977.437    -1.404     0.67    1.20
 183351.142    -1.347     0.15    1.19
 183724.814    -1.132     0.58    1.15
 184098.452    -1.290    -0.42    1.14
 184472.058    -1.693    -1.08    1.11
 184845.631    -1.725    -0.09    1.11
 185219.170    -2.008    -0.76    1.19
 185592.676    -2.196    -0.51    1.34
 185966.150    -2.007     0.51    1.30
 186339.590    -1.718     0.78    1.29
 186712.997    -1.574     0.39    1.37
 187086.371    -1.329     0.65    1.17
 187459.712    -1.310     0.05    1.02
 187833.020    -1.347    -0.10    0.97
 188206.295    -1.234     0.30    1.03
 188579.538    -1.366    -0.35    1.12
 188952.747    -1.736    -0.99    1.14
 189325.923    -2.007    -0.73    1.04
 189699.066    -2.181    -0.46    1.02
 190072.176    -2.563    -1.02    1.08
 190445.254    -2.402     0.43    1.11
 190818.298    -1.940     1.24    1.39
 191191.310    -1.385     1.49    1.63
 191564.288    -0.493     2.39    1.57
 191937.234    -0.253     0.64    1.82
 192310.147    -0.240     0.03    1.82
 192683.027    -0.661    -1.13    1.73
 193055.874    -1.181    -1.39    1.53
 193428.688    -1.328    -0.40    1.38
 193801.470    -1.498    -0.46    1.15
 194174.218    -1.607    -0.29    1.15
 194546.934    -1.622    -0.04    1.10
 194919.617    -1.256     0.98    1.44
 195292.267    -0.921     0.90    1.61
 195664.884    -0.895     0.07    1.53
 196037.469    -0.936    -0.11    1.42
 196410.021    -0.936     0.00    1.27
 196782.540    -1.247    -0.84    1.36
 197155.026    -1.347    -0.27    1.41
 197527.480    -1.649    -0.81    1.39
 197899.900    -2.020    -1.00    1.43
 198272.288    -2.001     0.05    1.33
 198644.644    -1.921     0.21    1.37
 199016.967    -1.732     0.51    1.33
 199389.257    -1.668     0.17    1.31
 199761.514    -1.810    -0.38    1.22
 200133.739    -2.047    -0.64    1.22
 200505.931    -2.384    -0.90    1.20
 200878.090    -2.465    -0.22    1.21
 201250.217    -2.365     0.27    1.29
 201622.311    -2.404    -0.10    1.31
 201994.372    -2.328     0.20    1.45
 202366.401    -2.256     0.19    1.61
 202738.398    -2.059     0.53    1.67
 203110.361    -2.026     0.09    1.61
 203482.293    -2.007     0.05    1.49
 203854.191    -1.977     0.08    1.42
 204226.057    -2.102    -0.34    1.22
 204597.891    -1.951     0.41    1.21
 204969.692    -1.951     0.00    1.17
 205341.460    -1.759     0.52    1.04
 205713.196    -1.929    -0.46    1.15
 206084.900    -2.234    -0.82    1.35
 206456.571    -2.838    -1.62    1.56
 206828.209    -3.020    -0.49    1.83
 207199.815    -3.083    -0.17    2.16
 207571.389    -2.931     0.41    2.14
 207942.930    -3.027    -0.26    2.35
 208314.439    -3.213    -0.50    2.40
 208685.915    -3.292    -0.21    3.19
 209057.359    -3.574    -0.76    3.07
 209428.770    -3.147     1.15    1.75
 209800.149    -2.818     0.89    0.73
 210171.496    -2.694     0.34    0.59
 210542.810    -3.008    -0.85    1.19
 210914.092    -3.404    -1.07    1.97
 211285.342    -3.699    -0.80    1.95
 211656.559    -3.687     0.03    2.04
 212027.744    -3.187     1.35    1.41
 212403.429    -3.008     0.48    0.90
 212781.148    -2.802     0.54    0.86
 213158.833    -2.857    -0.15    0.72
 213536.485    -2.886    -0.08    0.70
 213914.103    -2.966    -0.21    0.83
 214291.688    -2.907     0.15    0.97
 214669.239    -2.972    -0.17    1.02
 215046.757    -2.828     0.38    1.11
 215424.241    -2.744     0.22    1.08
 215801.692    -2.929    -0.49    0.98
 216179.109    -2.838     0.24    0.97
 216556.493    -3.014    -0.47    0.99
 216933.843    -3.171    -0.42    1.01
 217311.160    -3.238    -0.18    1.24
 217688.444    -3.253    -0.04    1.21
 218065.694    -3.234     0.05    1.27
 218442.911    -3.238    -0.01    1.29
 218820.094    -3.289    -0.13    1.39
 219197.244    -3.347    -0.16    1.23
 219574.361    -3.387    -0.10    1.22
 219951.444    -3.438    -0.14    1.16
 220328.494    -3.272     0.44    1.28
 220705.510    -3.117     0.41    1.34
 221082.493    -2.812     0.81    1.06
 221459.443    -2.563     0.66    1.03
 221836.360    -2.547     0.04    1.04
 222213.243    -2.444     0.28    1.03
 222590.093    -2.442     0.00    1.21
 222966.910    -2.236     0.55    1.22
 223343.693    -2.213     0.06    1.21
 223720.443    -2.204     0.02    1.24
 224097.160    -2.112     0.25    1.19
 224473.844    -2.292    -0.48    1.14
 224850.494    -2.270     0.06    1.12
 225227.112    -2.040     0.61    1.08
 225603.696    -1.921     0.31    1.19
 225980.247    -1.800     0.32    0.80
 226356.764    -1.883    -0.22    0.97
 226733.249    -1.916    -0.09    1.10
 227109.700    -2.088    -0.46    0.96
 227486.119    -2.194    -0.28    0.80
 227862.504    -2.328    -0.36    0.65
 228238.856    -2.347    -0.05    0.19
 228615.175    -2.347     0.00    0.00
 228991.460    -2.347     0.00    0.00
 229367.713    -2.347     0.00    0.00
 229743.933    -2.347     0.00    0.00
 230120.119    -2.347     0.00    0.00
 230496.273    -2.347     0.00    0.00
 230872.393    -2.347     0.00    0.00
 231248.480    -2.347     0.00    0.00
 231624.535    -2.311     0.10    0.47
 232000.556    -2.290     0.06    0.75
 232376.544    -2.329    -0.10    0.94
 232752.500    -2.347    -0.05    1.15
 233128.422    -2.442    -0.25    1.16
 233504.311    -2.498    -0.15    1.03
 233880.168    -2.347     0.40    0.98
 234255.991    -2.236     0.30    0.86
 234631.781    -2.213     0.06    0.79
 235007.539    -2.102     0.29    0.98
 235383.264    -2.264    -0.43    1.72
 235758.955    -2.367    -0.27    1.77
 236134.614    -2.617    -0.67    2.18
 236510.240    -2.482     0.36    2.48
 236885.833    -2.328     0.41    2.21
 237261.393    -2.194     0.36    2.15
 237636.920    -1.886     0.82    1.28
 238012.415    -1.681     0.55    0.88
 238387.876    -1.597     0.22    0.81
 238763.305    -1.424     0.46    0.97
 239138.701    -1.570    -0.39    1.09
 239514.064    -1.781    -0.56    1.07
 239889.394    -1.924    -0.38    0.94
 240264.692    -2.253    -0.88    0.56
 240639.957    -2.347    -0.25    0.00
 241015.189    -2.347     0.00    0.00
 241390.388    -2.347     0.00    0.00
 241765.554    -2.347     0.00    0.00
 242140.688    -2.347     0.00    0.00
 242515.789    -2.347     0.00    0.00
 242890.857    -2.347     0.00    0.00
 243265.893    -2.347     0.00    0.00
 243640.896    -2.347     0.00    0.00
 244015.866    -2.347     0.00    0.00
 244390.804    -2.347     0.00    0.00
 244765.708    -2.347     0.00    0.00
 245140.581    -2.347     0.00    0.00
 245515.420    -2.347     0.00    0.00
 245890.227    -2.347     0.00    0.00
 246265.001    -2.347     0.00    0.00
 246639.743    -2.347     0.00    0.00
 247014.452    -2.347     0.00    0.00
 247389.129    -2.347     0.00    0.00
 247763.773    -2.347     0.00    0.00
 248138.384    -2.347     0.00    0.00
 248512.963    -2.347     0.00    0.00
 248887.509    -2.347     0.00    0.00
 249262.023    -2.347     0.00    0.00
 249636.504    -2.347     0.00    0.00
 250010.953    -2.347     0.00    0.00
 250385.369    -2.347     0.00    0.00
 250759.752    -2.347     0.00    0.00
 251134.103    -2.347     0.00    0.00
 251508.422    -2.347     0.00    0.00
 251882.708    -2.347     0.00    0.00
 252256.962    -2.347     0.00    0.00
 252631.183    -2.347     0.00    0.00
 253005.372    -2.347     0.00    0.00
 253379.529    -2.347     0.00    0.00
 253753.653    -2.347     0.00    0.00
 254127.744    -2.347     0.00    0.00
 254501.803    -2.347     0.00    0.00
 254875.830    -2.347     0.00    0.00
 255249.825    -2.347     0.00    0.00
 255623.787    -2.347     0.00    0.00
 255997.717    -2.347     0.00    0.00
 256371.614    -2.347     0.00    0.00
 256745.479    -2.347     0.00    0.00
 257119.312    -2.347     0.00    0.00
 257493.112    -2.347     0.00    0.00
 257866.880    -2.347     0.00    0.00
 258240.616    -2.347     0.00    0.00
 258614.320    -2.347     0.00    0.00
 258987.991    -2.347     0.00    0.00
 259361.630    -2.347     0.00    0.00
 259735.236    -2.347     0.00    0.00
 260108.811    -2.347     0.00    0.00
 260482.353    -2.347     0.00    0.00
 260855.863    -2.347     0.00    0.00
 261229.341    -2.347     0.00    0.00
 261602.787    -2.347     0.00    0.00
 261976.200    -2.347     0.00    0.00
 262349.581    -2.347     0.00    0.00
 262722.930    -2.347     0.00    0.00
 263096.247    -2.347     0.00    0.00
 263469.532    -2.347     0.00    0.00
 263842.785    -2.347     0.00    0.00
 264216.005    -2.347     0.00    0.00
 264589.193    -2.347     0.00    0.00
 264962.350    -2.347     0.00    0.00
 265335.474    -2.347     0.00    0.00
 265708.566    -2.347     0.00    0.00
 266081.626    -2.328     0.05    0.14
 266454.654    -2.202     0.34    0.49
 266827.650    -2.040     0.43    0.64
 267200.613    -1.966     0.20    0.91
 267573.545    -1.798     0.45    1.03
 267946.445    -1.867    -0.18    1.08
 268319.313    -2.159    -0.78    1.54
 268692.148    -2.151     0.02    1.87
 269064.952    -2.234    -0.22    2.25
 269437.724    -2.426    -0.51    2.30
 269810.463    -2.704    -0.75    2.35
 270183.171    -3.328    -1.67    2.36
 270555.847    -4.107    -2.09    2.22
 270928.491    -4.272    -0.44    2.29
 271301.102    -3.790     1.29    2.25
 271673.682    -2.699     2.93    2.11
 272046.230    -2.027     1.80    1.20
 272418.747    -1.940     0.23    0.98
 272791.231    -1.916     0.06    1.10
 273163.683    -1.911     0.01    0.98
 273536.104    -1.751     0.43    0.72
 273908.492    -1.713     0.10    0.82
 274280.849    -1.784    -0.19    0.92
 274653.174    -1.913    -0.35    0.91
 275025.467    -1.794     0.32    0.99
 275397.728    -1.798    -0.01    0.97
 275769.957    -1.940    -0.38    0.90
 276142.155    -1.713     0.61    0.91
 276514.321    -1.800    -0.23    0.89
 276886.455    -1.770     0.08    1.02
 277258.557    -1.896    -0.34    1.08
 277630.627    -2.075    -0.48    1.06
 278002.666    -2.270    -0.53    0.86
 278374.673    -2.199     0.19    0.94
 278746.648    -2.027     0.46    1.17
 279118.591    -2.008     0.05    1.07
 279490.503    -1.702     0.82    1.10
 279862.383    -1.424     0.75    0.90
 280234.231    -1.171     0.68    0.84
 280606.048    -1.073     0.26    0.78
 280977.833    -1.045     0.07    1.01
 281349.586    -0.982     0.17    1.21
 281721.308    -0.818     0.44    1.38
 282092.998    -0.559     0.70    1.35
 282464.656    -0.155     1.09    1.33
 282836.282    -0.077     0.21    1.11
 283207.878    -0.102    -0.07    1.11
 283579.441     0.084     0.50    1.10
 283950.973     0.105     0.06    1.03
 284322.473     0.364     0.70    1.02
 284693.942     0.344    -0.06    1.10
 285065.379     0.535     0.52    1.24
 285436.784     0.388    -0.39    1.27
 285808.158     0.457     0.18    1.33
 286179.501     0.403    -0.15    1.37
 286550.811     0.426     0.06    1.30
 286922.091     0.613     0.50    1.23
 287297.722     0.449    -0.44    1.16
 287675.367     0.313    -0.36    1.13
 288052.980     0.344     0.08    1.25
 288430.560     0.453     0.29    1.25
 288808.107     0.633     0.48    1.24
 289185.621     0.860     0.60    1.20
 289563.103     0.893     0.09    1.08
 289940.553     0.689    -0.54    1.15
 290317.970     0.690     0.00    1.09
 290695.354     0.871     0.48    1.12
 291072.705     0.986     0.31    1.11
 291450.024     1.268     0.75    1.16
 291827.311     1.264    -0.01    1.04
 292204.565     1.339     0.20    1.14
 292581.786     1.234    -0.28    1.20
 292958.975     1.268     0.09    1.16
 293336.131     1.227    -0.11    1.14
 293713.254     1.123    -0.27    0.95
 294090.346     0.908    -0.57    1.04
 294467.404     0.801    -0.28    1.12
 294844.430     0.731    -0.18    0.89
 295221.424     0.798     0.18    0.85
 295598.385     1.006     0.55    0.80
 295975.314     1.030     0.06    0.81
 296352.210     1.045     0.04    0.85
 296729.074     1.073     0.07    0.97
 297105.905     1.116     0.11    0.93
 297482.704     1.221     0.28    1.01
 297859.471     1.489     0.71    1.01
 298236.205     1.810     0.85    1.05
 298612.907     2.191     1.01    1.18
 298989.576     2.770     1.54    1.28
 299366.213     3.313     1.44    1.15
 299742.818     3.856     1.44    1.17
 300119.390     4.133     0.73    0.93
 300495.930     4.180     0.13    0.94
 300872.438     4.398     0.58    1.04
 301248.913     4.480     0.22    1.06
 301625.356     4.692     0.56    1.04
 302001.767     4.613    -0.21    1.12
 302378.145     4.727     0.30    1.04
 302754.491     4.927     0.53    1.06
 303130.805     4.853    -0.20    0.99
 303507.087     5.064     0.56    1.12
 303883.336     5.345     0.75    1.11
 304259.553     5.711     0.97    1.22
 304635.738     6.073     0.96    1.13
 305011.891     6.208     0.36    1.14
 305388.011     6.213     0.01    1.07
 305764.100     6.234     0.06    1.03
 306140.156     6.143    -0.24    1.07
 306516.180     6.345     0.54    0.98
 306892.171     6.437     0.24    1.12
 307268.131     6.613     0.47    1.12
 307644.058     6.727     0.30    1.06
 308019.954     6.833     0.28    1.06
 308395.817     6.689    -0.38    0.94
 308771.648     6.826     0.36    0.98
 309147.447     7.037     0.56    1.14
 309523.214     7.182     0.39    1.17
 309898.948     7.353     0.45    1.47
 310274.651     7.596     0.65    1.52
 310650.322     7.672     0.20    1.41
 311025.960     8.219     1.45    1.51
 311401.567     8.730     1.36    1.58
 311777.141     9.289     1.49    1.65
 312152.683     9.829     1.44    1.61
 312528.194     9.810    -0.05    1.45
 312903.672    10.162     0.94    1.09
 313279.119    10.064    -0.26    1.04
 313654.533     9.653    -1.10    1.06
 314029.916     9.441    -0.56    1.07
 314405.266     9.434    -0.02    1.12
 314780.585     9.751     0.84    1.24
 315155.871    10.260     1.36    1.39
 315531.126    10.787     1.40    1.21
 315906.348    11.056     0.72    1.11
 316281.539    11.124     0.18    1.12
 316656.698    11.457     0.89    1.33
 317031.825    11.762     0.81    1.52
 317406.920    12.340     1.54    1.82
 317781.984    12.680     0.90    1.91
