-269515.207    -7.893     0.00    0.45
-269140.737    -7.983    -0.24    0.57
-268766.230    -8.186    -0.54    0.53
-268391.685    -8.352    -0.44    0.56
-268017.104    -8.377    -0.07    0.53
-267642.485    -8.254     0.33    0.47
-267267.828    -8.132     0.33    0.44
-266893.135    -7.956     0.47    0.50
-266518.404    -7.838     0.31    0.58
-266143.636    -7.816     0.06    0.72
-265768.830    -7.894    -0.21    0.87
-265393.987    -7.816     0.21    1.06
-265019.107    -7.597     0.58    1.06
-264644.189    -7.168     1.14    1.12
-264269.234    -6.517     1.73    1.02
-263894.241    -5.988     1.41    0.99
-263519.211    -4.972     2.71    1.71
-263144.143    -3.801     3.12    2.01
-262769.038    -2.382     3.78    2.29
-262393.896    -0.615     4.71    2.04
-262018.716     0.456     2.85    1.82
-261643.498     1.743     3.43    1.51
-261268.243     2.832     2.90    1.74
-260892.951     4.535     4.54    2.40
-260517.621     6.103     4.18    2.80
-260142.253     8.588     6.62    3.27
-259766.848    11.056     6.57    3.09
-259391.405    12.832     4.73    2.54
-259015.925    13.975     3.04    1.74
-258640.407    14.412     1.17    1.31
-258264.851    14.254    -0.42    1.15
-257889.258    14.483     0.61    0.93
-257513.627    14.956     1.26    1.34
-257137.958    16.166     3.22    1.52
-256762.252    17.342     3.13    1.82
-256386.508    18.776     3.81    1.75
-256010.726    20.097     3.51    1.39
-255634.907    21.028     2.48    1.22
-255259.050    21.671     1.71    1.19
-254883.155    22.009     0.90    1.26
-254507.223    22.384     1.00    1.30
-254131.252    22.278    -0.28    1.31
-253755.244    22.384     0.28    1.13
-253379.198    21.128    -3.34    2.43
-253003.114    18.867    -6.01    3.99
-252626.993    16.342    -6.71    5.33
-252250.834    14.518    -4.85    5.24
-251874.636    14.028    -1.30    4.87
-251498.401    13.076    -2.53    4.03
-251122.128    12.703    -0.99    3.55
-250745.818    12.079    -1.66    4.22
-250369.469    11.638    -1.17    4.65
-249993.082    12.028     1.04    5.05
-249616.658    12.904     2.32    4.86
-249240.195    13.796     2.37    4.27
-248863.695    15.314     4.03    3.10
-248487.156    16.412     2.92    2.18
-248110.580    16.957     1.45    1.54
-247733.965    17.336     1.01    1.42
-247357.313    17.800     1.23    1.45
-246980.623    18.493     1.84    1.45
-246603.894    19.225     1.94    1.61
-246227.128    19.991     2.03    1.67
-245850.323    20.475     1.28    1.51
-245473.481    21.026     1.46    1.52
-245096.600    21.210     0.49    1.38
-244719.681    21.225     0.04    1.29
-244342.724    21.260     0.09    1.24
-243965.729    21.237    -0.06    1.53
-243588.696    20.991    -0.65    1.56
-243211.625    20.974    -0.05    1.56
-242834.515    20.676    -0.79    1.42
-242457.368    20.374    -0.80    1.34
-242080.182    20.111    -0.70    1.36
-241702.958    19.485    -1.66    1.37
-241325.696    18.816    -1.77    1.53
-240948.395    17.939    -2.32    1.67
-240571.056    17.194    -1.97    1.59
-240193.680    16.395    -2.12    1.54
-239816.264    15.844    -1.46    1.27
-239438.811    16.010     0.44    1.39
-239061.319    16.376     0.97    1.68
-238683.789    17.132     2.00    1.67
-238306.220    18.009     2.32    1.30
-237928.614    18.412     1.07    1.09
-237550.968    18.711     0.79    1.06
-237173.285    19.148     1.16    1.22
-236795.563    19.518     0.98    1.27
-236417.803    19.648     0.35    1.27
-236040.004    19.623    -0.07    1.16
-235662.167    19.640     0.05    1.08
-235284.292    19.612    -0.08    1.05
-234906.378    20.044     1.14    1.07
-234528.425    20.325     0.74    1.00
-234155.605    20.332     0.02    1.01
-233785.124    20.403     0.19    1.02
-233414.606    20.611     0.56    1.05
-233044.052    20.776     0.44    1.18
-232673.461    20.991     0.58    1.08
-232302.833    21.189     0.53    1.04
-231932.167    21.149    -0.11    1.04
-231561.465    20.956    -0.52    1.11
-231190.727    20.848    -0.29    1.09
-230819.951    20.991     0.39    1.10
-230449.138    21.012     0.06    0.99
-230078.288    21.097     0.23    0.97
-229707.401    21.171     0.20    0.88
-229336.478    20.904    -0.72    1.01
-228965.517    20.600    -0.82    1.11
-228594.519    20.192    -1.10    1.08
-228223.484    19.671    -1.40    1.15
-227852.412    19.171    -1.35    0.84
-227481.304    18.833    -0.91    0.79
-227110.158    18.564    -0.73    0.82
-226738.975    18.325    -0.64    0.96
-226367.754    17.921    -1.09    1.02
-225996.497    17.290    -1.70    0.99
-225625.203    16.657    -1.70    1.06
-225253.871    16.132    -1.41    1.10
-224882.503    15.558    -1.55    1.34
-224511.097    14.921    -1.71    1.50
-224139.654    14.360    -1.51    1.56
-223768.174    14.082    -0.75    1.33
-223396.656    13.671    -1.11    1.15
-223025.102    13.570    -0.27    1.23
-222653.510    13.153    -1.12    1.54
-222281.881    12.421    -1.97    1.82
-221910.215    11.404    -2.74    2.15
-221538.511     9.975    -3.84    2.25
-221166.770     6.989    -8.03    3.78
-220794.992     4.094    -7.78    4.19
-220423.177     1.350    -7.38    3.56
-220051.324    -1.079    -6.53    1.74
-219679.434    -1.307    -0.61    1.54
-219307.507    -0.632     1.81    1.87
-218935.542     0.676     3.52    2.45
-218563.540     3.079     6.46    3.66
-218191.501     4.974     5.09    4.01
-217819.424     6.921     5.23    3.21
-217447.310     7.653     1.97    2.38
-217075.158     7.663     0.02    1.94
-216702.969     7.613    -0.13    2.12
-216330.742     7.939     0.87    2.50
-215958.478     8.158     0.59    2.46
-215586.177     8.588     1.16    1.83
-215213.838     8.207    -1.02    1.49
-214841.462     7.009    -3.22    1.89
-214469.048     5.623    -3.72    2.13
-214096.596     4.121    -4.03    1.99
-213724.107     2.783    -3.59    1.48
-213351.581     2.280    -1.35    1.13
-212979.017     2.296     0.04    0.95
-212606.415     2.440     0.39    0.93
-212233.776     2.600     0.43    0.94
-211861.099     3.118     1.39    1.23
-211488.385     4.132     2.72    1.95
-211115.632     6.167     5.46    2.85
-210742.843     7.868     4.56    2.57
-210370.015     9.628     4.72    1.74
-209997.150    10.707     2.89    1.25
-209624.248    11.769     2.85    1.40
-209251.307    12.594     2.21    1.32
-208878.329    13.184     1.58    1.16
-208505.314    13.539     0.95    1.08
-208132.260    13.781     0.65    1.14
-207759.169    13.830     0.13    1.11
-207386.040    13.783    -0.13    1.15
-207012.873    13.605    -0.48    1.10
-206639.668    13.564    -0.11    1.27
-206266.426    13.447    -0.31    1.33
-205893.146    13.176    -0.73    1.25
-205519.828    12.868    -0.83    0.90
-205146.472    12.884     0.04    0.95
-204773.079    13.082     0.53    0.99
-204399.647    13.153     0.19    0.91
-204026.178    13.342     0.51    0.92
-203652.670    13.447     0.28    0.93
-203279.125    13.360    -0.23    0.96
-202905.542    13.318    -0.11    0.92
-202531.921    13.225    -0.25    0.89
-202158.262    13.108    -0.31    0.96
-201784.565    13.133     0.07    0.96
-201410.830    13.260     0.34    0.75
-201037.058    13.158    -0.28    0.74
-200663.247    13.079    -0.21    0.80
-200289.398    12.939    -0.37    0.73
-199915.511    12.921    -0.05    0.78
-199541.586    12.658    -0.70    0.81
-199167.623    12.403    -0.68    0.79
-198793.622    12.158    -0.65    0.95
-198419.583    11.792    -0.98    0.89
-198045.506    11.743    -0.13    0.86
-197671.391    11.521    -0.59    0.83
-197297.238    11.225    -0.79    0.93
-196923.046    10.868    -0.95    1.09
-196548.816    10.623    -0.65    1.02
-196174.549    10.325    -0.80    0.98
-195800.243    10.278    -0.12    0.80
-195425.899    10.243    -0.09    0.78
-195051.516    10.082    -0.43    0.87
-194677.096     9.989    -0.25    0.87
-194302.637     9.865    -0.33    0.89
-193928.140     9.832    -0.09    0.88
-193553.605     9.832     0.00    0.84
-193179.032     9.778    -0.14    0.90
-192804.420     9.781     0.01    0.93
-192429.770     9.711    -0.19    0.84
-192055.082     9.576    -0.36    0.91
-191680.355     9.448    -0.34    0.92
-191305.590     9.362    -0.23    0.91
-190930.787     9.350    -0.03    0.91
-190555.945     9.500     0.40    0.98
-190181.065     9.605     0.28    1.04
-189806.147     9.658     0.14    1.03
-189431.190     9.605    -0.14    1.02
-189056.195     9.493    -0.30    0.83
-188681.161     9.500     0.02    0.75
-188306.089     9.383    -0.31    0.78
-187930.979     9.294    -0.24    0.85
-187555.830     9.332     0.10    0.80
-187180.643     9.352     0.05    0.86
-186805.417     9.490     0.37    0.84
-186430.152     9.594     0.28    0.89
-186054.849     9.525    -0.18    0.95
-185679.508     9.551     0.07    0.90
-185304.128     9.500    -0.13    0.86
-184928.710     9.310    -0.51    0.74
-184553.252     9.074    -0.63    0.85
-184177.757     8.564    -1.36    0.88
-183802.223     8.061    -1.34    1.01
-183426.650     7.307    -2.01    1.22
-183051.038     6.630    -1.80    1.38
-182675.388     5.616    -2.70    1.61
-182299.699     4.506    -2.95    1.59
-181923.972     3.403    -2.93    1.53
-181548.206     2.394    -2.69    1.20
-181172.401     1.483    -2.42    1.72
-180796.558     0.653    -2.21    1.96
-180420.675     0.184    -1.25    1.89
-180044.754    -0.009    -0.51    1.60
-179668.795     0.278     0.76    1.48
-179292.796     0.803     1.39    0.98
-178916.759     0.939     0.36    1.05
-178540.683     1.197     0.69    1.01
-178164.568     1.254     0.15    1.19
-177788.415     1.219    -0.09    1.44
-177412.222     1.214    -0.01    1.44
-177035.991     1.447     0.62    1.26
-176659.721     1.635     0.50    1.25
-176283.412     1.773     0.37    1.07
-175907.064     1.752    -0.06    1.02
-175530.677     1.939     0.50    0.90
-175154.251     1.938    -0.00    0.85
-174777.787     2.059     0.32    0.87
-174401.283     2.044    -0.04    0.95
-174024.741     2.108     0.17    1.06
-173648.159     2.303     0.52    0.93
-173271.539     2.535     0.62    1.00
-172894.879     2.662     0.34    0.96
-172518.181     2.676     0.04    0.95
-172141.443     2.812     0.36    0.88
-171764.667     3.025     0.56    0.95
-171387.851     3.184     0.42    1.04
-171010.997     3.332     0.39    0.99
-170634.103     3.277    -0.15    1.05
-170257.170     3.254    -0.06    1.20
-169880.198     3.473     0.58    1.37
-169503.187     3.570     0.26    1.33
-169126.137     3.921     0.93    0.96
-168749.048     3.833    -0.23    0.95
-168371.920     3.588    -0.65    0.89
-167994.752     3.243    -0.92    0.90
-167617.545     2.767    -1.26    1.06
-167240.299     2.430    -0.89    1.09
-166863.014     1.939    -1.30    1.37
-166485.690     1.818    -0.32    1.76
-166108.326     1.938     0.32    1.82
-165730.923     2.635     1.85    1.29
-165353.481     2.752     0.31    1.16
-164975.999     2.384    -0.97    1.46
-164598.479     1.921    -1.23    1.47
-164220.919     1.521    -1.06    1.27
-163843.319     1.645     0.33    1.36
-163465.681     2.042     1.05    1.48
-163088.002     2.318     0.73    1.59
-162710.285     2.214    -0.27    1.73
-162332.528     2.048    -0.44    1.87
-161954.732     1.904    -0.38    1.49
-161576.896     1.995     0.24    1.30
-161199.021     2.307     0.83    1.29
-160821.107     3.076     2.04    1.41
-160443.153     3.993     2.42    1.65
-160065.159     5.079     2.87    1.41
-159687.126     5.958     2.32    1.17
-159313.598     6.635     1.81    1.00
-158943.233     7.376     2.00    1.00
-158572.831     8.038     1.79    0.98
-158202.391     8.653     1.66    0.86
-157831.914     9.219     1.53    0.94
-157461.398     9.763     1.47    1.00
-157090.845    10.272     1.37    1.04
-156720.254    10.939     1.80    0.95
-156349.625    11.447     1.37    1.04
-155978.958    11.956     1.37    1.05
-155608.253    12.225     0.72    1.16
-155237.510    12.604     1.02    1.16
-154866.729    12.630     0.07    1.15
-154495.911    12.869     0.64    1.09
-154125.054    13.051     0.49    0.87
-153754.160    13.044    -0.02    0.87
-153383.227    13.082     0.10    0.85
-153012.257    12.988    -0.25    0.80
-152641.248    13.010     0.06    0.88
-152270.202    13.076     0.18    0.83
-151899.117    13.277     0.54    0.87
-151527.995    13.318     0.11    0.88
-151156.834    13.197    -0.33    0.89
-150785.635    13.278     0.22    0.96
-150414.399    13.171    -0.29    1.00
-150043.124    13.069    -0.27    1.04
-149671.811    13.074     0.01    0.87
-149300.460    12.993    -0.22    0.85
-148929.071    12.989    -0.01    0.78
-148557.643    13.046     0.15    0.72
-148186.178    13.064     0.05    0.77
-147814.674    13.006    -0.16    0.77
-147443.132    12.904    -0.28    0.83
-147071.552    12.921     0.05    0.85
-146699.934    12.974     0.14    0.81
-146328.278    13.042     0.18    0.80
-145956.583    13.184     0.38    0.92
-145584.850    13.226     0.11    0.99
-145213.079    13.363     0.37    1.02
-144841.269    13.447     0.23    0.97
-144469.421    13.321    -0.34    0.93
-144097.535    13.214    -0.29    1.01
-143725.611    13.100    -0.31    0.92
-143353.648    13.266     0.45    0.71
-142981.647    13.500     0.63    0.73
-142609.607    13.635     0.36    0.78
-142237.530    13.790     0.42    0.81
-141865.413    13.885     0.26    0.81
-141493.259    14.026     0.38    0.77
-141121.066    14.088     0.16    0.80
-140748.834    14.097     0.02    0.78
-140376.564    14.135     0.10    0.80
-140004.256    14.175     0.11    0.86
-139631.909    14.237     0.17    0.87
-139259.524    14.307     0.19    0.75
-138887.100    14.158    -0.40    0.75
-138514.638    14.171     0.03    0.74
-138142.137    14.254     0.22    0.79
-137769.597    14.321     0.18    0.93
-137397.019    14.318    -0.01    0.94
-137024.403    14.588     0.72    0.82
-136651.748    14.471    -0.31    0.83
-136279.054    14.483     0.03    0.87
-135906.322    14.360    -0.33    0.73
-135533.551    14.535     0.47    0.75
-135160.742    14.746     0.56    1.00
-134787.893    14.869     0.33    1.03
-134415.007    15.026     0.42    1.01
-134042.081    15.097     0.19    1.04
-133669.117    15.194     0.26    0.99
-133296.114    15.345     0.40    0.70
-132923.072    15.332    -0.03    0.78
-132549.992    15.328    -0.01    0.77
-132176.873    15.385     0.15    0.79
-131803.715    15.412     0.07    0.85
-131430.519    15.369    -0.12    0.84
-131057.283    15.473     0.28    0.80
-130684.009    15.430    -0.12    0.89
-130310.696    15.377    -0.14    0.87
-129937.344    15.260    -0.31    0.80
-129563.954    15.158    -0.27    0.88
-129190.524    15.057    -0.27    0.80
-128817.056    14.739    -0.85    0.75
-128443.549    14.653    -0.23    0.73
-128070.003    14.456    -0.53    0.82
-127696.418    14.413    -0.11    0.77
-127322.794    14.219    -0.52    0.76
-126949.131    14.180    -0.11    0.69
-126575.429    14.154    -0.07    0.74
-126201.688    14.202     0.13    0.80
-125827.909    14.243     0.11    0.78
-125454.090    14.254     0.03    0.78
-125080.232    14.189    -0.18    0.77
-124706.335    14.079    -0.29    0.70
-124332.400    14.145     0.18    0.70
-123958.425    14.059    -0.23    0.71
-123584.411    14.025    -0.09    0.77
-123210.358    13.921    -0.28    0.84
-122836.266    13.975     0.14    0.84
-122462.135    14.141     0.45    0.79
-122087.964    14.143     0.01    0.74
-121713.755    14.171     0.07    0.81
-121339.507    14.097    -0.20    0.80
-120965.219    13.938    -0.42    0.85
-120590.892    13.818    -0.32    0.83
-120216.526    13.714    -0.28    0.83
-119842.121    13.766     0.14    0.85
-119467.676    13.725    -0.11    0.82
-119093.193    13.650    -0.20    0.87
-118718.670    13.421    -0.61    0.91
-118344.108    13.237    -0.49    0.98
-117969.506    13.064    -0.46    0.94
-117594.866    12.972    -0.25    0.88
-117220.186    12.990     0.05    0.77
-116845.466    13.076     0.23    0.79
-116470.708    13.283     0.55    0.87
-116095.910    13.189    -0.25    0.86
-115721.072    12.955    -0.62    0.79
-115346.196    12.736    -0.58    0.80
-114971.280    12.447    -0.77    0.93
-114596.324    12.219    -0.61    0.91
-114221.329    12.249     0.08    1.00
-113846.295    12.231    -0.05    0.98
-113471.221    12.111    -0.32    1.12
-113096.108    11.559    -1.47    1.45
-112720.956    11.314    -0.65    1.64
-112345.764    11.497     0.49    1.56
-111970.532    11.884     1.03    1.24
-111595.261    12.350     1.24    0.91
-111219.950    12.553     0.54    0.98
-110844.600    12.697     0.38    0.96
-110469.210    12.921     0.60    0.96
-110093.781    13.108     0.50    0.97
-109718.312    13.231     0.33    1.06
-109342.804    13.377     0.39    0.98
-108967.256    13.447     0.18    0.86
-108591.668    13.477     0.08    0.69
-108216.041    13.635     0.42    0.68
-107840.374    13.650     0.04    0.72
-107464.668    13.718     0.18    0.71
-107088.921    13.766     0.13    0.70
-106713.135    13.870     0.28    0.71
-106337.310    13.804    -0.18    0.67
-105961.444    13.707    -0.26    0.65
-105585.539    13.735     0.07    0.68
-105209.594    13.667    -0.18    0.73
-104833.610    13.689     0.06    0.74
-104457.585    13.731     0.11    0.87
-104081.521    13.904     0.46    0.94
-103705.417    13.921     0.05    0.94
-103329.273    14.025     0.27    0.93
-102953.090    13.989    -0.09    0.87
-102576.866    13.885    -0.28    0.85
-102200.603    13.904     0.05    0.94
-101824.300    13.868    -0.10    1.03
-101447.957    13.851    -0.04    1.00
-101071.574    13.781    -0.19    1.01
-100695.151    13.819     0.10    0.84
-100318.688    13.816    -0.01    0.84
 -99942.185    14.028     0.56    0.87
 -99565.642    14.057     0.08    0.92
 -99189.060    14.100     0.11    1.01
 -98812.437    14.128     0.08    1.00
 -98435.774    14.040    -0.23    0.97
 -98059.072    14.231     0.51    0.88
 -97682.329    14.197    -0.09    0.83
 -97305.546    14.171    -0.07    0.86
 -96928.723    14.149    -0.06    0.78
 -96551.860    14.067    -0.22    0.76
 -96174.957    13.871    -0.52    0.67
 -95798.014    13.796    -0.20    0.69
 -95421.031    13.835     0.10    0.73
 -95044.007    13.819    -0.04    0.80
 -94666.944    13.814    -0.01    0.89
 -94289.840    13.633    -0.48    0.85
 -93912.696    13.532    -0.27    0.86
 -93535.512    13.535     0.01    0.82
 -93158.288    13.510    -0.07    0.73
 -92781.023    13.453    -0.15    0.78
 -92403.718    13.518     0.17    0.82
 -92026.373    13.518     0.00    0.86
 -91648.988    13.438    -0.21    0.83
 -91271.563    13.467     0.08    0.83
 -90894.097    13.650     0.49    0.93
 -90516.591    13.739     0.24    0.90
 -90139.044    13.816     0.20    0.88
 -89761.457    13.903     0.23    0.88
 -89383.830    13.904     0.00    0.92
 -89006.163    14.009     0.28    0.97
 -88628.455    14.135     0.34    0.80
 -88250.706    14.183     0.13    0.79
 -87872.918    14.118    -0.17    0.80
 -87495.089    14.272     0.41    0.81
 -87117.219    14.377     0.28    0.85
 -86739.309    14.570     0.51    0.81
 -86361.358    14.781     0.56    0.85
 -85983.368    14.921     0.37    0.72
 -85605.336    14.972     0.13    0.75
 -85227.264    15.085     0.30    0.79
 -84849.152    15.104     0.05    0.72
 -84474.805    15.214     0.29    0.70
 -84104.553    15.412     0.54    0.76
 -83734.263    15.599     0.50    0.82
 -83363.935    15.749     0.40    0.92
 -82993.567    15.886     0.37    0.87
 -82623.161    16.132     0.66    0.92
 -82252.716    16.362     0.62    0.97
 -81882.232    16.518     0.42    0.90
 -81511.709    16.721     0.55    0.78
 -81141.148    16.885     0.44    0.76
 -80770.547    16.973     0.24    0.80
 -80399.908    17.103     0.35    0.80
 -80029.230    17.138     0.09    0.87
 -79658.513    17.225     0.23    0.87
 -79287.757    17.311     0.23    0.85
 -78916.962    17.379     0.18    0.88
 -78546.128    17.473     0.25    0.90
 -78175.255    17.548     0.20    0.74
 -77804.343    17.582     0.09    0.84
 -77433.393    17.671     0.24    0.94
 -77062.403    17.749     0.21    0.94
 -76691.374    18.125     1.01    0.89
 -76320.306    18.350     0.61    0.85
 -75949.200    18.226    -0.33    0.88
 -75578.054    18.121    -0.28    1.04
 -75206.869    17.851    -0.73    1.07
 -74835.645    17.763    -0.24    1.05
 -74464.382    17.938     0.47    1.11
 -74093.080    18.163     0.61    0.98
 -73721.738    18.473     0.84    0.92
 -73350.358    18.479     0.02    1.04
 -72978.938    18.385    -0.25    0.95
 -72607.479    18.231    -0.41    0.94
 -72235.982    18.194    -0.10    0.80
 -71864.444    18.128    -0.18    0.77
 -71492.868    17.995    -0.36    0.93
 -71121.253    17.806    -0.51    0.97
 -70749.598    17.781    -0.07    1.01
 -70377.904    17.869     0.24    0.93
 -70006.171    17.605    -0.71    0.76
 -69634.398    17.663     0.15    0.74
 -69262.586    17.535    -0.34    0.80
 -68890.735    17.352    -0.49    0.88
 -68518.845    17.163    -0.51    1.01
 -68146.915    16.974    -0.51    0.93
 -67774.946    16.774    -0.54    0.91
 -67402.937    16.760    -0.04    0.95
 -67030.889    16.887     0.34    0.92
 -66658.802    17.051     0.44    0.91
 -66286.676    17.104     0.14    0.97
 -65914.510    17.149     0.12    0.95
 -65542.304    17.271     0.33    0.90
 -65170.059    17.480     0.56    0.82
 -64797.775    17.559     0.21    0.83
 -64425.451    17.582     0.06    0.94
 -64053.088    17.616     0.09    0.97
 -63680.685    17.528    -0.24    0.87
 -63308.243    17.475    -0.14    1.01
 -62935.761    17.413    -0.17    1.09
 -62563.239    17.528     0.31    1.04
 -62190.678    17.538     0.03    1.09
 -61818.078    17.412    -0.34    1.00
 -61445.438    17.430     0.05    0.91
 -61072.758    17.387    -0.12    0.80
 -60700.039    17.362    -0.07    0.79
 -60327.280    17.307    -0.15    0.80
 -59954.481    17.518     0.56    0.82
 -59581.643    17.692     0.47    0.72
 -59208.765    17.830     0.37    0.70
 -58835.848    18.074     0.65    0.71
 -58462.890    18.088     0.04    0.69
 -58089.893    18.006    -0.22    0.90
 -57716.857    17.869    -0.37    0.93
 -57343.780    17.889     0.06    0.93
 -56970.664    17.921     0.09    1.00
 -56597.508    18.184     0.71    0.86
 -56224.312    18.518     0.89    0.80
 -55851.077    18.605     0.23    0.78
 -55477.801    18.676     0.19    0.83
 -55104.486    18.588    -0.23    0.80
 -54731.131    18.616     0.08    0.88
 -54357.736    18.760     0.39    0.85
 -53984.302    18.905     0.39    0.87
 -53610.827    18.887    -0.05    0.81
 -53237.312    18.852    -0.09    0.81
 -52863.758    18.989     0.37    0.93
 -52490.164    19.226     0.64    0.99
 -52116.529    19.570     0.92    0.94
 -51742.855    19.697     0.34    0.88
 -51369.141    19.721     0.06    0.84
 -50995.387    19.600    -0.32    0.96
 -50621.592    19.621     0.06    0.94
 -50247.758    19.796     0.47    0.94
 -49873.884    19.869     0.19    0.93
 -49499.970    19.990     0.33    1.01
 -49126.015    19.887    -0.28    1.02
 -48752.021    19.746    -0.38    1.00
 -48377.986    19.697    -0.13    0.94
 -48003.912    19.774     0.20    0.96
 -47629.797    19.958     0.49    0.88
 -47255.642    20.277     0.85    0.89
 -46881.447    20.521     0.65    0.99
 -46507.212    21.283     2.04    1.32
 -46132.937    21.904     1.66    1.52
 -45758.621    22.138     0.63    1.51
 -45384.265    22.076    -0.16    1.50
 -45009.869    21.546    -1.42    1.29
 -44635.433    21.052    -1.32    1.30
 -44260.957    20.689    -0.97    1.10
 -43886.440    20.611    -0.21    1.08
 -43511.883    20.648     0.10    1.15
 -43137.286    21.216     1.52    1.53
 -42762.649    22.243     2.74    1.70
 -42387.971    22.803     1.49    1.65
 -42013.252    23.091     0.77    1.46
 -41638.494    23.061    -0.08    1.22
 -41263.695    22.633    -1.14    1.13
 -40888.856    22.467    -0.44    1.12
 -40513.976    22.352    -0.31    0.96
 -40139.056    22.219    -0.35    0.91
 -39764.096    22.446     0.60    0.96
 -39389.095    22.447     0.00    0.80
 -39014.053    22.818     0.99    0.95
 -38638.971    23.364     1.46    1.32
 -38263.849    24.025     1.76    1.56
 -37888.686    24.693     1.78    1.39
 -37513.483    25.067     1.00    1.22
 -37138.239    25.209     0.38    1.05
 -36762.955    25.153    -0.15    1.06
 -36387.630    25.238     0.23    1.11
 -36012.264    25.125    -0.30    1.19
 -35636.858    24.594    -1.41    1.33
 -35261.412    24.038    -1.48    1.12
 -34885.924    23.345    -1.85    0.93
 -34510.396    22.850    -1.32    0.99
 -34134.828    22.467    -1.02    0.88
 -33759.219    22.052    -1.10    0.78
 -33383.569    22.010    -0.11    0.69
 -33007.878    22.243     0.62    0.80
 -32632.147    22.362     0.32    0.77
 -32256.375    22.611     0.66    0.86
 -31880.562    23.163     1.47    1.01
 -31504.709    23.605     1.18    0.97
 -31128.815    24.057     1.20    0.86
 -30752.880    24.376     0.85    0.74
 -30376.904    24.446     0.19    0.70
 -30000.887    24.456     0.03    0.68
 -29624.830    24.412    -0.12    0.76
 -29248.732    24.311    -0.27    0.74
 -28872.593    24.260    -0.14    0.78
 -28496.413    24.307     0.12    0.77
 -28120.192    24.377     0.19    0.85
 -27743.930    24.413     0.09    0.94
 -27367.627    24.600     0.50    1.01
 -26991.284    24.610     0.03    0.90
 -26614.899    24.836     0.60    0.82
 -26238.474    25.025     0.50    0.81
 -25862.007    25.209     0.49    0.79
 -25485.500    25.396     0.50    0.68
 -25108.952    25.588     0.51    0.72
 -24732.362    25.588     0.00    0.76
 -24355.732    25.724     0.36    0.85
 -23979.060    25.833     0.29    0.87
 -23602.348    25.766    -0.18    0.85
 -23225.594    25.870     0.28    0.84
 -22848.799    26.076     0.55    0.79
 -22471.964    26.237     0.43    0.85
 -22095.087    26.576     0.90    0.82
 -21718.169    26.938     0.96    0.89
 -21341.209    27.385     1.19    0.99
 -20964.209    27.839     1.20    1.08
 -20587.167    28.311     1.25    1.14
 -20210.085    28.800     1.30    1.14
 -19832.961    29.396     1.58    1.15
 -19455.795    29.565     0.45    1.08
 -19078.589    29.640     0.20    1.01
 -18701.341    29.100    -1.43    1.28
 -18324.052    28.101    -2.65    1.65
 -17946.722    26.851    -3.31    1.69
 -17569.351    25.490    -3.61    1.76
 -17191.938    24.404    -2.88    1.84
 -16814.484    23.294    -2.94    1.79
 -16436.988    22.749    -1.44    1.59
 -16059.451    22.503    -0.65    1.52
 -15681.873    22.277    -0.60    1.28
 -15304.253    22.010    -0.71    1.23
 -14926.592    21.659    -0.93    1.11
 -14548.890    21.277    -1.01    1.08
 -14171.146    21.111    -0.44    0.95
 -13793.360    20.790    -0.85    0.99
 -13415.533    20.290    -1.32    1.01
 -13037.665    19.507    -2.07    1.59
 -12659.755    18.570    -2.48    1.61
 -12281.804    17.486    -2.87    1.74
 -11903.811    16.711    -2.05    1.78
 -11525.777    16.438    -0.72    2.12
 -11147.701    16.874     1.15    2.08
 -10769.583    17.059     0.49    2.43
 -10391.424    15.454    -4.24    5.51
 -10013.223    12.254    -8.46    7.83
  -9637.963     8.538    -9.90    7.86
  -9267.835     4.833   -10.01    6.17
  -8897.666     2.544    -6.18    3.03
  -8527.458     2.582     0.10    2.11
  -8157.210     3.473     2.41    2.21
  -7786.922     4.413     2.54    1.63
  -7416.595     4.904     1.33    1.11
  -7046.228     4.818    -0.23    1.09
  -6675.820     4.125    -1.87    1.74
  -6305.374     3.631    -1.33    2.76
  -5934.887     3.237    -1.06    3.27
  -5564.360     2.671    -1.53    3.62
  -5193.794     2.514    -0.42    3.90
  -4823.187     2.088    -1.15    3.69
  -4452.541     1.254    -2.25    3.16
  -4081.855     0.462    -2.14    2.09
  -3711.129    -0.079    -1.46    0.00
  -3340.363    -0.079     0.00    0.00
  -2969.557    -0.079     0.00    0.00
  -2598.711    -0.079     0.00    0.00
  -2227.825    -0.079     0.00    0.00
  -1856.899    -0.079     0.00    0.00
  -1485.933    -0.079     0.00    0.00
  -1114.927    -0.079     0.00    0.00
   -743.881    -0.079     0.00    0.00
   -372.794    -0.079     0.00    0.00
     -1.668    -0.079     0.00    0.00
    369.498    -0.079     0.00    0.00
    740.704    -0.079     0.00    0.00
   1111.951    -0.079     0.00    0.00
   1483.237    -0.079     0.00    0.00
   1854.564    -0.079     0.00    0.00
   2225.931    -0.079     0.00    0.00
   2597.338    -0.079     0.00    0.00
   2968.785    -0.079     0.00    0.00
   3340.273    -0.079     0.00    0.00
   3711.801    -0.079     0.00    0.00
   4083.369    -0.079     0.00    0.00
   4454.977    -0.079     0.00    0.00
   4826.625     0.989     2.87    3.35
   5198.314     3.640     7.13    5.87
   5570.043     7.987    11.69    7.73
   5941.812    14.904    18.61    8.88
   6313.622    21.421    17.53    9.38
   6685.472    28.667    19.49   12.09
   7057.362    35.836    19.28   13.39
   7429.293    42.283    17.33   13.57
   7801.264    48.328    16.25   14.23
   8173.275    52.003     9.88   16.60
   8545.327    55.025     8.12   18.69
   8917.419    61.304    16.88   20.64
   9289.552    65.514    11.31   19.11
   9661.725    70.559    13.56   18.73
  10033.939    77.145    17.69   16.95
  10406.193    80.486     8.97   15.68
  10778.487    84.735    11.41   13.27
  11150.823    86.835     5.64   11.38
  11523.198    88.511     4.50    9.51
  11895.614    89.786     3.42    8.57
  12268.071    93.869    10.96    9.34
  12640.568    98.404    12.18    9.77
  13013.106   105.970    20.31   10.60
  13385.685   113.153    19.28   10.65
  13758.304   120.125    18.71   11.31
  14130.964   126.868    18.09    9.41
  14503.664   129.728     7.68   10.70
  14876.405   131.853     5.70   13.53
  15249.187   134.223     6.36   16.74
  15622.009   137.057     7.60   20.61
  15994.872   143.989    18.59   22.64
  16367.776   144.794     2.16   27.60
  16740.720   139.294   -14.75   30.84
  17113.706   129.184   -27.11   28.98
  17486.732   114.776   -38.63   19.93
  17859.799   108.788   -16.05   13.26
  18232.906   105.010   -10.12   15.01
  18606.055   102.020    -8.02   17.93
  18979.244    89.514   -33.51   29.52
  19352.474    73.956   -41.69   36.39
  19725.745    56.721   -46.17   32.66
  20099.057    42.708   -37.54   22.94
  20472.409    36.387   -16.93   19.23
  20845.803    35.990    -1.06   22.72
  21219.238    34.315    -4.49   24.37
  21592.713    35.097     2.09   23.57
  21966.229    45.335    27.41   33.14
  22339.787    57.457    32.45   40.25
  22713.385    62.118    12.48   42.78
  23087.024    55.939   -16.54   46.41
  23460.705    46.684   -24.77   40.50
  23834.426    41.371   -14.22   35.84
  24208.188    48.667    19.52   43.00
  24581.992    51.300     7.05   45.03
  24955.836    43.648   -20.47   43.16
  25329.722    31.021   -33.77   34.19
  25703.648    21.993   -24.15   22.07
  26077.616    24.479     6.65   28.81
  26451.625    31.650    19.18   40.12
  26825.675    32.990     3.58   44.04
  27199.766    23.989   -24.06   42.88
  27573.898    11.192   -34.20   27.35
  27948.072     2.421   -23.44   11.96
  28322.286    -0.079    -6.68    0.00
  28696.542    -0.079     0.00    0.00
  29070.839    -0.079     0.00    0.00
  29445.178    -0.079     0.00    0.00
  29819.557    -0.079     0.00    0.00
  30193.978    -0.079     0.00    0.00
  30568.441    -0.079     0.00    0.00
  30942.944    -0.079     0.00    0.00
  31317.489    -0.079     0.00    0.00
  31692.075    -0.079     0.00    0.00
  32066.703    -0.079     0.00    0.00
  32441.371    -0.079     0.00    0.00
  32816.082    -0.079     0.00    0.00
  33190.833    -0.079     0.00    0.00
  33565.626    -0.079     0.00    0.00
  33940.461    -0.079     0.00    0.00
  34315.337    -0.079     0.00    0.00
  34690.254    -0.079     0.00    0.00
  35065.213    -0.079     0.00    0.00
  35440.214    -0.079     0.00    0.00
  35815.255    -0.079     0.00    0.00
  36190.339    -0.079     0.00    0.00
  36565.464    -0.079     0.00    0.00
  36940.630    -0.079     0.00    0.00
  37315.838    -0.079     0.00    0.00
  37691.088    -0.079     0.00    0.00
  38066.379    -0.079     0.00    0.00
  38441.712    -0.079     0.00    0.00
  38817.086    -0.079     0.00    0.00
  39192.502    -0.079     0.00    0.00
  39567.960    -0.079     0.00    0.00
  39943.460    -0.079     0.00    0.00
  40319.001    -0.079     0.00    0.00
  40694.584    -0.079     0.00    0.00
  41070.208    -0.079     0.00    0.00
  41445.874    -0.079     0.00    0.00
  41821.582    -0.079     0.00    0.00
  42197.332    -0.079     0.00    0.00
  42573.124    -0.079     0.00    0.00
  42948.957    -0.079     0.00    0.00
  43324.832    -0.079     0.00    0.00
  43700.749    -0.079     0.00    0.00
  44076.708    -0.079     0.00    0.00
  44452.709     1.226     3.47    6.11
  44828.751     6.315    13.53   15.46
  45204.836     8.379     5.49   16.04
  45580.962    10.667     6.08   14.86
  45957.131    17.588    18.40   17.42
  46333.341    32.023    38.37   23.41
  46709.593    50.163    48.21   24.52
  47085.887    67.760    46.77   19.07
  47462.223    80.531    33.94   13.85
  47838.601    84.783    11.30   15.03
  48215.022    82.667    -5.62   19.47
  48591.484    75.430   -19.23   21.28
  48967.988    75.175    -0.68   20.39
  49344.534    85.042    26.20   30.93
  49721.123   111.134    69.29   46.19
  50097.753   136.345    66.94   38.30
  50474.426   148.599    32.53   30.16
  50851.140   148.260    -0.90   34.84
  51227.897   129.091   -50.88   41.36
  51604.696   110.283   -49.92   36.51
  51981.537    96.007   -37.88   21.82
  52358.421    96.757     1.99   12.55
  52735.346   108.680    31.63   15.94
  53112.314   131.197    59.74   29.48
  53489.324   153.497    59.15   32.63
  53866.376   177.121    62.66   33.90
  54243.471   205.786    76.02   30.91
  54620.608   221.887    42.70   24.15
  54997.787   231.502    25.49   22.41
  55375.008   238.832    19.43   21.79
  55752.272   240.638     4.79   22.63
  56129.578   241.869     3.26   24.53
  56506.927   245.835    10.51   24.69
  56884.317   248.769     7.77   25.11
  57261.751   255.413    17.60   21.92
  57639.226   264.167    23.19   16.33
  58016.744   271.921    20.54   12.07
  58394.305   276.675    12.59    6.36
  58771.908   276.921     0.65    5.14
  59149.553   276.616    -0.81    3.94
  59527.241   275.271    -3.56    4.19
  59904.972   272.610    -7.05    5.59
  60282.744   267.990   -12.23    7.13
  60660.560   262.853   -13.60    7.25
  61038.418   256.938   -15.66    6.62
  61416.319   252.746   -11.09    6.33
  61794.262   251.628    -2.96    6.64
  62172.248   252.887     3.33    7.31
  62550.276   254.088     3.18    6.88
  62928.347   254.701     1.62    6.08
  63306.461   254.057    -1.70    6.55
  63684.617   250.872    -8.42    7.20
  64062.816   246.766   -10.86    6.58
  64441.058   242.277   -11.87    6.28
  64819.342   237.836   -11.74    5.37
  65195.636   234.479    -8.92    4.56
  65565.641   230.852    -9.80    4.23
  65935.687   228.379    -6.68    4.56
  66305.774   225.437    -7.95    5.12
  66675.901   222.141    -8.91    5.39
  67046.069   218.387   -10.14    5.55
  67416.278   213.957   -11.97    5.50
  67786.528   209.167   -12.94    5.96
  68156.818   203.653   -14.89    6.43
  68527.149   199.380   -11.54    6.75
  68897.522   196.618    -7.46    7.56
  69267.935   195.430    -3.21    8.60
  69638.389   193.769    -4.48   10.06
  70008.884   190.437    -8.99   10.34
  70379.419   185.371   -13.67    9.88
  70749.996   181.057   -11.64    7.26
  71120.614   179.052    -5.41    6.03
  71491.272   177.565    -4.01    6.54
  71861.972   177.438    -0.34    7.46
  72232.712   176.836    -1.62    7.92
  72603.494   173.970    -7.73    7.65
  72974.316   170.697    -8.83    7.15
  73345.180   166.588   -11.08    6.12
  73716.084   162.199   -11.83    5.31
  74087.030   158.192   -10.80    4.45
  74458.017   156.219    -5.32    3.26
  74829.045   157.034     2.20    4.48
  75200.114   160.040     8.10    6.82
  75571.224   164.480    11.97   10.16
  75942.375   169.404    13.27   12.68
  76313.567   172.970     9.61   14.64
  76684.801   174.721     4.72   13.61
  77056.075   174.345    -1.01   12.56
  77427.391   172.810    -4.13   12.43
  77798.748   170.209    -7.00   12.95
  78170.147   166.783    -9.23   12.84
  78541.586   163.559    -8.68   13.93
  78913.067   159.167   -11.82   12.65
  79284.589   154.749   -11.89   10.25
  79656.153   151.254    -9.40    7.22
  80027.757   148.439    -7.58    3.79
  80399.403   147.216    -3.29    2.47
  80771.091   146.525    -1.86    2.31
  81142.819   145.692    -2.24    1.68
  81514.589   145.379    -0.84    1.98
  81886.401   145.531     0.41    2.67
  82258.254   145.633     0.27    3.08
  82630.148   146.154     1.40    3.84
  83002.084   146.771     1.66    4.16
  83374.061   147.352     1.56    4.60
  83746.079   147.659     0.82    4.54
  84118.139   147.676     0.04    4.70
  84490.241   147.735     0.16    4.57
  84862.384   148.040     0.82    4.97
  85234.568   148.366     0.88    5.34
  85606.794   148.554     0.51    5.38
  85979.062   148.254    -0.81    4.95
  86351.371   148.446     0.51    6.23
  86723.722   148.521     0.20    6.88
  87096.114   147.192    -3.57    6.73
  87468.548   145.548    -4.41    5.07
  87841.024   143.626    -5.16    2.47
  88213.541   143.438    -0.50    2.38
  88586.100   146.504     8.23    5.76
  88958.701   152.212    15.32    9.48
  89331.343   159.298    19.02   10.57
  89704.027   165.611    16.94    9.83
  90076.753   169.889    11.48    9.66
  90449.520   170.684     2.13    9.93
  90822.329   169.904    -2.09    9.55
  91195.180   168.989    -2.45    8.91
  91568.073   169.771     2.10    9.01
  91941.007   173.521    10.06    7.65
  92313.984   175.938     6.48    5.61
  92687.002   175.823    -0.31    5.85
  93060.062   174.184    -4.39    5.99
  93433.164   171.006    -8.52    5.98
  93806.307   166.396   -12.36    7.06
  94179.493   161.112   -14.16    8.60
  94552.720   157.560    -9.52    6.25
  94925.990   158.588     2.75    8.84
  95299.301   166.715    21.77   13.66
  95672.655   175.254    22.88   13.01
  96046.050   180.548    14.18    8.51
  96419.487   181.079     1.42    6.35
  96792.967   177.823    -8.72    5.80
  97166.488   174.576    -8.69    2.85
  97540.051   173.938    -1.71    3.52
  97913.657   172.771    -3.12    5.11
  98287.304   168.871   -10.44    9.27
  98660.993   160.141   -23.36   13.46
  99034.725   152.616   -20.14   11.69
  99408.499   149.524    -8.27    6.78
  99782.315   152.819     8.82    8.84
 100156.173   159.571    18.06    9.48
 100530.073   165.884    16.89    6.45
 100904.015   166.544     1.77    4.99
 101278.000   164.714    -4.89    5.27
 101652.026   162.308    -6.43    4.57
 102026.095   162.294    -0.04    4.68
 102400.206   164.955     7.11    5.75
 102774.360   168.970    10.73    6.66
 103148.556   172.528     9.51    5.33
 103522.794   173.988     3.90    4.79
 103897.074   173.554    -1.16    4.68
 104271.396   173.101    -1.21    3.96
 104645.761   172.421    -1.82    2.97
 105020.169   171.379    -2.78    5.12
 105394.618   169.311    -5.52    7.54
 105769.110   166.175    -8.37    9.55
 106143.645   161.821   -11.63   10.13
 106518.221   156.650   -13.81   10.32
 106892.841   150.002   -17.75    9.78
 107267.502   145.038   -13.25    9.01
 107642.206   139.438   -14.95    6.15
 108016.953   135.991    -9.20    3.55
 108391.742   135.347    -1.72    3.31
 108766.574   136.542     3.19    5.02
 109141.448   137.921     3.68    5.02
 109516.364   138.311     1.04    4.55
 109891.324   136.938    -3.66    4.85
 110266.325   133.650    -8.77    4.47
 110641.370   131.271    -6.34    3.64
 111016.457   129.534    -4.63    2.56
 111391.586   129.006    -1.41    2.10
 111766.759   129.101     0.25    2.05
 112141.973   128.993    -0.29    2.48
 112517.231   128.405    -1.57    2.52
 112892.531   129.249     2.25    5.42
 113267.874   136.023    18.05   17.10
 113643.260   147.413    30.35   24.10
 114018.688   160.571    35.05   25.05
 114394.159   173.803    35.24   20.21
 114769.673   182.663    23.60   10.91
 115145.230   192.839    27.10   17.13
 115520.829   203.939    29.55   22.73
 115896.472   215.036    29.55   21.03
 116272.157   222.708    20.42   12.14
 116647.885   219.538    -8.44   12.59
 117023.655   207.040   -33.26   15.71
 117399.469   195.209   -31.48   14.52
 117775.326   182.228   -34.54   12.14
 118151.225   172.404   -26.14   10.17
 118527.167   163.115   -24.71   11.06
 118903.153   152.630   -27.89    9.99
 119279.181   142.905   -25.87   10.57
 119655.252   135.735   -19.07    7.81
 120031.367   131.841   -10.36    4.74
 120407.524   133.347     4.01    6.65
 120783.724   140.300    18.48   11.05
 121159.967   154.347    37.34   20.18
 121536.254   168.994    38.93   20.54
 121912.583   180.154    29.66   18.46
 122288.956   191.345    29.74   16.97
 122665.371   199.550    21.80   18.18
 123041.830   211.819    32.60   17.15
 123418.332   220.667    23.50   11.64
 123794.877   226.057    14.32    4.85
 124171.465   226.413     0.95    3.68
 124548.097   224.200    -5.88    5.83
 124924.771   221.335    -7.61    7.41
 125301.489   215.987   -14.20   11.63
 125678.250   207.650   -22.13   14.71
 126055.054   204.277    -8.95   15.32
 126431.902   206.708     6.45   16.30
 126808.793   211.823    13.57   13.71
 127185.727   216.288    11.85   11.69
 127562.705   216.294     0.02   13.34
 127939.725   216.888     1.58   14.02
 128316.789   216.653    -0.62   11.20
 128693.897   207.988   -22.98   15.15
 129071.048   197.638   -27.45   16.32
 129448.242   191.953   -15.07   15.05
 129825.480   192.888     2.48   18.64
 130202.761   195.249     6.26   19.43
 130580.086   193.566    -4.46   18.37
 130957.454   189.100   -11.84   16.67
 131334.865   185.905    -8.47   17.15
 131712.320   184.311    -4.22   19.10
 132089.819   186.016     4.52   21.00
 132467.361   185.371    -1.71   18.88
 132844.947   184.371    -2.65   16.97
 133222.576   185.265     2.37   14.98
 133600.249   188.711     9.12   15.72
 133977.965   190.610     5.03   16.25
 134355.725   191.438     2.19   14.54
 134733.529   195.808    11.57   13.72
 135111.376   198.954     8.33   14.94
 135489.267   203.379    11.71   14.20
 135867.201   209.038    14.98   10.55
 136245.180   213.238    11.11    7.41
 136623.202   221.856    22.80   14.77
 137001.267   231.749    26.17   14.58
 137379.377   238.179    17.01   10.11
 137757.530   238.838     1.74    8.16
 138135.727   232.650   -16.36   10.12
 138513.968   225.052   -20.09    9.89
 138892.253   220.282   -12.61    8.51
 139270.581   215.872   -11.66    8.79
 139648.954   212.576    -8.71   11.34
 140026.399   208.528   -10.73   13.66
 140396.276   200.990   -20.38   13.51
 140766.195   195.790   -14.06   11.71
 141136.155   192.904    -7.80   10.11
 141506.157   191.826    -2.91    8.86
 141876.201   192.538     1.92    9.69
 142246.287   195.204     7.21   12.85
 142616.414   200.298    13.76   13.82
 142986.584   204.495    11.34   12.40
 143356.795   206.204     4.62   10.00
 143727.048   205.338    -2.34    8.01
 144097.343   203.179    -5.83    6.31
 144467.680   199.819    -9.07    5.21
 144838.059   195.888   -10.62    4.76
 145208.480   191.559   -11.69    4.45
 145578.943   187.692   -10.44    5.26
 145949.448   184.007    -9.95    5.38
 146319.994   180.115   -10.51    5.81
 146690.583   175.525   -12.39    5.70
 147061.214   172.631    -7.81    5.81
 147431.887   169.565    -8.27    5.32
 147802.602   166.921    -7.13    4.59
 148173.359   164.397    -6.81    4.52
 148544.158   162.282    -5.70    4.93
 148914.999   159.854    -6.55    4.88
 149285.882   157.504    -6.34    4.83
 149656.808   154.143    -9.06    4.83
 150027.775   151.277    -7.73    4.38
 150398.785   148.804    -6.67    2.93
 150769.837   147.079    -4.65    1.36
 151140.931   148.036     2.58    3.59
 151512.067   151.111     8.29    7.30
 151883.246   157.937    18.39   11.61
 152254.467   165.605    20.66   13.87
 152625.730   175.069    25.49   16.72
 152997.035   187.108    32.43   17.41
 153368.383   200.792    36.86   22.17
 153739.773   218.003    46.35   24.83
 154111.205   231.221    35.59   21.89
 154482.679   241.904    28.76   13.41
 154854.196   244.036     5.74    8.23
 155225.756   240.889    -8.47    6.43
 155597.357   239.454    -3.86    4.82
 155969.002   239.550     0.26    4.08
 156340.688   240.796     3.35    3.66
 156712.417   240.642    -0.41    4.12
 157084.189   238.956    -4.54    5.38
 157456.003   235.824    -8.42    6.61
 157827.859   232.438    -9.11    6.87
 158199.758   229.480    -7.95    5.97
 158571.699   228.054    -3.83    5.20
 158943.683   227.577    -1.28    4.58
 159315.710   228.082     1.36    3.87
 159687.779   229.243     3.12    3.33
 160059.890   231.211     5.29    3.60
 160432.045   232.904     4.55    3.37
 160804.241   233.771     2.33    2.71
 161176.481   233.628    -0.38    2.67
 161548.763   232.101    -4.10    2.81
 161921.088   229.990    -5.67    2.80
 162293.455   227.621    -6.36    3.14
 162665.865   225.088    -6.80    3.11
 163038.318   222.778    -6.20    3.29
 163410.814   220.200    -6.92    3.27
 163783.352   218.057    -5.75    3.76
 164155.933   216.147    -5.13    3.61
 164528.557   214.688    -3.92    3.52
 164901.224   214.002    -1.84    4.07
 165273.933   213.887    -0.31    4.21
 165646.685   214.708     2.20    5.10
 166019.481   216.869     5.80    6.02
 166392.319   220.034     8.49    6.46
 166765.199   222.769     7.33    5.24
 167138.123   223.921     3.09    3.19
 167511.090   223.521    -1.07    2.71
 167884.099   222.464    -2.84    3.06
 168257.152   220.486    -5.30    3.66
 168630.247   218.413    -5.56    4.60
 169003.386   214.654   -10.07    6.02
 169376.567   210.803   -10.32    6.48
 169749.791   206.757   -10.84    6.66
 170123.059   203.335    -9.17    6.48
 170496.369   201.429    -5.11    6.33
 170869.723   198.904    -6.76    5.26
 171243.119   196.461    -6.54    4.76
 171616.559   193.421    -8.14    5.47
 171990.042   189.396   -10.78    7.05
 172363.568   182.502   -18.46    8.16
 172737.137   177.151   -14.33    7.94
 173110.749   171.738   -14.49    7.80
 173484.404   166.582   -13.80    7.64
 173858.103   161.292   -14.16    8.05
 174231.844   156.576   -12.62    7.19
 174605.629   152.905    -9.82    6.45
 174979.457   151.559    -3.60    8.10
 175353.329   157.588    16.13   14.09
 175727.243   166.288    23.27   17.09
 176101.201   175.638    25.01   16.48
 176475.203   187.437    31.55   11.30
 176849.247   191.397    10.59    9.30
 177223.335   194.354     7.91    6.84
 177597.466   194.771     1.11    6.64
 177971.641   194.347    -1.13    6.43
 178345.859   195.145     2.13    5.61
 178720.120   196.477     3.56    4.90
 179094.425   198.362     5.04    3.32
 179468.773   198.477     0.31    3.33
 179843.165   197.554    -2.46    3.58
 180217.600   195.188    -6.32    4.28
 180592.079   191.905    -8.77    5.03
 180966.601   188.298    -9.63    5.33
 181341.166   183.857   -11.86    5.49
 181715.775   179.887   -10.60    5.22
 182090.428   175.987   -10.41    5.55
 182465.124   171.851   -11.04    5.94
 182839.864   167.421   -11.82    6.08
 183214.648   163.430   -10.65    5.84
 183589.475   159.969    -9.23    4.70
 183964.345   156.429    -9.44    4.33
 184339.260   153.271    -8.43    4.99
 184714.218   150.357    -7.77    4.65
 185089.219   148.650    -4.55    4.14
 185464.265   146.808    -4.91    4.17
 185839.354   147.594     2.09    5.30
 186214.486   150.324     7.28    6.66
 186589.663   153.141     7.51    6.24
 186964.883   152.721    -1.12    5.56
 187340.147   150.871    -4.93    5.86
 187715.455   148.429    -6.51    4.60
 188090.807   147.470    -2.56    3.31
 188466.202   148.577     2.95    3.03
 188841.642   150.050     3.92    2.86
 189217.125   151.266     3.24    2.78
 189592.652   153.115     4.92    3.57
 189968.223   154.069     2.54    4.37
 190343.838   153.776    -0.78    4.45
 190719.497   153.315    -1.23    4.34
 191095.200   151.675    -4.36    4.20
 191470.946   150.538    -3.03    3.27
 191846.737   152.970     6.47    7.17
 192222.572   156.711     9.96    8.97
 192598.451   160.801    10.88    9.49
