# NaN NaN NaN ;Mean Elev.(m), Avg Gradient(m/km), RMS Gradient(m/km) - SRTM1     
#   21.005  -4.697  26.561 ;Mean Elev.(m), Avg Gradient(m/km), RMS Gradient(m/km) - ASTER GDEM
#   24.379  -5.288  26.323 ;Mean Elev.(m), Avg Gradient(m/km), RMS Gradient(m/km) - GMTED2010 
  8   134.732 52512.31201147  1.99  49.229074  53.229136  4.828
  8   131.928 52512.31201212  0.59  49.227474  53.225916  4.828
  9    27.454 52547.31204773 20.80  49.231034  53.225421 12.214
  9    28.128 52547.31204837 20.44  49.229434  53.222201 12.214
  9    28.182 52547.31204902 22.61  49.227834  53.218981 12.214
  9    28.567 52547.31204966 23.63  49.226224  53.215761 12.214
  9    28.689 52547.31205031 23.89  49.224624  53.212551 12.214
  9    28.687 52547.31205095 25.51  49.223024  53.209331 12.214
  9    28.719 52547.31205160 25.70  49.221424  53.206111 12.214
  9    28.793 52547.31205224 24.32  49.219814  53.202891 12.214
  9    28.745 52547.31205289 25.47  49.218214  53.199671 12.214
 10   133.614 52582.31205735  1.60  49.228345  53.227240  3.168
 10   131.017 52582.31205799  0.38  49.226735  53.224020  3.168
 10   117.135 52582.31206057  0.07  49.220325  53.211140  3.168
 11    28.763 52617.31202916 31.19  49.217128  53.231964  5.476
 11    28.776 52617.31202981 30.81  49.215528  53.228744  5.476
 11    28.871 52617.31203045 31.13  49.213928  53.225524  5.476
 11    28.740 52617.31203110 29.75  49.212328  53.222304  5.476
 13    28.640 52687.31200109 12.16  49.222350  53.228327  2.126
 13    28.595 52687.31200173 12.25  49.220750  53.225117  2.126
 13    28.415 52687.31200238 12.64  49.219150  53.221897  2.126
 13    27.987 52687.31200302 12.97  49.217540  53.218677  2.126
 13    28.050 52687.31200367 12.98  49.215940  53.215457  2.126
 14    34.529 52722.31204930  7.29  49.224934  53.225068  5.411
 14    40.709 52722.31204994 11.09  49.223334  53.221848  5.411
 14    33.373 52722.31205059 12.21  49.221724  53.218628  5.411
 14    33.345 52722.31205123 11.17  49.220124  53.215408  5.411
 14    34.250 52722.31205188 10.94  49.218528  53.212184  5.124
 14    32.252 52722.31205252 11.65  49.216928  53.208964  5.124
 14    34.816 52722.31205316 12.01  49.215318  53.205744  5.124
 14    31.911 52722.31205381 11.78  49.213718  53.202534  5.124
 14    32.482 52722.31205445 11.24  49.212118  53.199314  5.124
 15    27.098 52757.31207071 15.87  49.210326  53.231826 12.560
 15    27.783 52757.31207136 16.69  49.208726  53.228606 12.560
 15    28.569 52757.31207200 17.30  49.207116  53.225386 12.560
 15    29.215 52757.31207265 19.14  49.205516  53.222176 12.560
 19    27.629 52897.31216525 25.28  49.222669  53.230537  7.054
 19    27.735 52897.31216589 27.24  49.221069  53.227327  7.054
 19    27.765 52897.31216654 29.36  49.219459  53.224107  7.054
 19    28.154 52897.31216718 29.96  49.217859  53.220887  7.054
 19    29.167 52897.31216783 44.37  49.216259  53.217667  7.054
 20    23.718 52932.31211224 20.49  49.215392  53.229989  6.085
 20    25.490 52932.31211289 20.80  49.213792  53.226769  6.085
 20    26.587 52932.31211353 20.78  49.212192  53.223549  6.085
 20    27.092 52932.31211418 20.93  49.210592  53.220339  6.085
 22    28.615 53002.31214194 34.04  49.218260  53.228822  7.555
 22    28.751 53002.31214258 32.50  49.216660  53.225602  7.555
 22    28.863 53002.31214323 32.21  49.215060  53.222382  7.555
 22    28.599 53002.31214387 34.37  49.213460  53.219162  7.555
 23    28.793 53037.31209089 14.49  49.215650  53.229516  2.863
 23    28.528 53037.31209153 15.28  49.214040  53.226306  2.863
 23    28.507 53037.31209218 15.12  49.212440  53.223086  2.863
 23    28.329 53037.31209282 15.74  49.210840  53.219866  2.863
 24    28.630 53072.31211568 12.57  49.224434  53.228834  2.656
 24    28.706 53072.31211632 12.40  49.222834  53.225614  2.656
 24    28.717 53072.31211696 13.25  49.221228  53.222391  3.985
 24    28.648 53072.31211761 13.86  49.219628  53.219171  3.985
 24    28.608 53072.31211825 13.45  49.218028  53.215961  3.985
 24    28.530 53072.31211890 14.30  49.216428  53.212741  3.985
 24    28.800 53072.31212148 14.56  49.210018  53.199861  3.985
 26    28.114 53142.31212379 16.23  49.230246  53.229056  5.224
 26    28.555 53142.31212443 24.37  49.228646  53.225836  5.224
 26    28.905 53142.31212508 23.89  49.227048  53.222613 18.654
 26    29.124 53142.31212572 21.34  49.225448  53.219393 18.654
 26    29.239 53142.31212637 21.95  49.223838  53.216183 18.654
 26    29.226 53142.31212701 24.09  49.222238  53.212963 18.654
 26    29.063 53142.31212765 23.22  49.220638  53.209743 18.654
 26    29.217 53142.31212830 23.42  49.219038  53.206523 18.654
 26    29.390 53142.31212894 23.39  49.217428  53.203303 18.654
 26    29.508 53142.31212959 23.52  49.215828  53.200083 18.654
 27    28.113 53177.31214881 16.40  49.227742  53.227684  3.427
 27    28.121 53177.31214945 16.44  49.226132  53.224474  3.427
 27    28.345 53177.31215010 17.39  49.224532  53.221254  3.427
 27    28.122 53177.31215074 18.99  49.222932  53.218034  3.427
 27    28.056 53177.31215138 22.48  49.221332  53.214814  3.427
 27    27.759 53177.31215203 23.66  49.219722  53.211594  3.427
 27    28.511 53177.31215267 23.70  49.218131  53.208369 18.744
 27    28.755 53177.31215332 23.39  49.216521  53.205159 18.744
 27    29.072 53177.31215396 33.36  49.214921  53.201929 18.744
 27    29.046 53177.31215461 34.75  49.213321  53.198719 18.744
 28    27.988 53212.31216900 17.69  49.222878  53.227682  3.909
 28    28.124 53212.31216964 18.55  49.221278  53.224472  3.909
 28    28.078 53212.31217029 19.60  49.219678  53.221252  3.909
 28    28.248 53212.31217093 21.78  49.218078  53.218032  3.909
 28    27.286 53212.31217158 26.17  49.216468  53.214812  3.909
 29    27.375 53247.31213772 20.07  49.221781  53.227649 10.684
 29    27.726 53247.31213837 21.73  49.220181  53.224429 10.684
 29    27.809 53247.31213901 23.24  49.218581  53.221209 10.684
 29    27.279 53247.31213966 26.50  49.216981  53.217989 10.684
 29    27.941 53247.31214030 27.18  49.215374  53.214762 15.770
 30   134.295 53282.31212641  0.14  49.229536  53.226934  5.350
 30   131.129 53282.31212705  0.73  49.227930  53.223713  4.217
 32    39.116 53352.31209628 17.98  49.226697  53.229216 13.268
 32    36.940 53352.31209693 19.70  49.225097  53.225996 13.268
 32    27.837 53352.31209757 21.10  49.223497  53.222776 13.268
 32    28.322 53352.31209821 21.65  49.221897  53.219556 13.268
 32    28.402 53352.31209886 23.69  49.220288  53.216331 11.826
 32    28.509 53352.31209950 24.81  49.218688  53.213121 11.826
 32    28.866 53352.31210015 25.21  49.217088  53.209901 11.826
 32    28.593 53352.31210079 26.68  49.215488  53.206681 11.826
 32    29.181 53352.31210144 26.79  49.213888  53.203461 11.826
 32    28.950 53352.31210208 30.62  49.212288  53.200241 11.826
 33    28.592 53387.31208991 18.12  49.227194  53.216720  4.702
 33    28.505 53387.31209056 18.14  49.225584  53.213500  4.702
 33    28.357 53387.31209120 19.04  49.223984  53.210280  4.702
 33    28.382 53387.31209185 19.27  49.222384  53.207070  4.702
 33    28.665 53387.31209249 19.21  49.220784  53.203850  4.702
 33    29.130 53387.31209314 25.76  49.219174  53.200630  4.702
 34    28.840 53422.31208950 10.66  49.231776  53.227233  2.167
 34    28.872 53422.31209015 10.94  49.230176  53.224013  2.167
 34    28.680 53422.31209079 11.40  49.228576  53.220793  2.167
 34    28.656 53422.31209144 12.21  49.226977  53.217569  3.736
 34    28.471 53422.31209208 12.20  49.225377  53.214349  3.736
 34    28.299 53422.31209272 12.92  49.223777  53.211129  3.736
 34    28.567 53422.31209337 13.12  49.222167  53.207919  3.736
 34    28.352 53422.31209401 13.56  49.220567  53.204699  3.736
 34    28.338 53422.31209466 13.77  49.218967  53.201479  3.736
 38    26.560 53562.31218927 18.67  49.216980  53.229533  5.316
 38    27.201 53562.31218991 19.75  49.215370  53.226313  5.316
 38    28.042 53562.31219056 20.39  49.213770  53.223093  5.316
 38    27.932 53562.31219120 22.59  49.212173  53.219869 19.488
 39    28.574 53597.31212868 33.42  49.225628  53.229449  6.116
 39    28.707 53597.31212933 34.70  49.224028  53.226229  6.116
 39    28.598 53597.31212997 34.34  49.222418  53.223009  6.116
 39    28.267 53597.31213062 34.15  49.220826  53.219783 14.949
 39    28.260 53597.31213126 30.42  49.219216  53.216563 14.949
 39    28.933 53597.31213191 29.11  49.217616  53.213353 14.949
 39    28.980 53597.31213255 47.03  49.216016  53.210133 14.949
 39    29.015 53597.31213384 47.09  49.212816  53.203693 14.949
 39    28.894 53597.31213449 50.60  49.211216  53.200473 14.949
 40    25.420 53632.31212366 19.66  49.230867  53.229072  3.403
 40    26.485 53632.31212431 21.03  49.229257  53.225852  3.403
 40    26.960 53632.31212495 23.02  49.227657  53.222632  3.403
 40    27.273 53632.31212560 25.61  49.226053  53.219411 11.888
 40    27.372 53632.31212624 27.23  49.224453  53.216191 11.888
 40    27.569 53632.31212689 28.94  49.222843  53.212971 11.888
 40    28.099 53632.31212753 25.30  49.221243  53.209751 11.888
 40    28.576 53632.31212818 23.60  49.219643  53.206531 11.888
 40    28.863 53632.31212882 24.54  49.218043  53.203321 11.888
 40    28.999 53632.31212947 29.65  49.216433  53.200101 11.888
 41    27.481 53667.31214629 16.98  49.223162  53.229838  5.999
 41    27.683 53667.31214693 16.72  49.221562  53.226618  5.999
 41    27.904 53667.31214758 19.09  49.219962  53.223398  5.999
 41    28.148 53667.31214822 19.19  49.218356  53.220175 14.303
 41    27.986 53667.31214887 21.10  49.216756  53.216955 14.303
 42    35.993 53702.31209302 16.31  49.227182  53.228587  9.410
 42    27.921 53702.31209367 17.72  49.225582  53.225367  9.410
 42    27.922 53702.31209431 20.71  49.223982  53.222147  9.410
 42    27.950 53702.31209496 22.12  49.222372  53.218927  9.410
 42    28.118 53702.31209560 23.12  49.220771  53.215702 18.425
 42    27.974 53702.31209625 23.50  49.219171  53.212482 18.425
 42    28.478 53702.31209689 21.39  49.217571  53.209262 18.425
 42    28.688 53702.31209754 24.15  49.215971  53.206052 18.425
 42    28.947 53702.31209818 40.58  49.214371  53.202832 18.425
 42    28.746 53702.31209883 42.97  49.212771  53.199612 18.425
 43    28.615 53737.31200272 27.90  49.220916  53.230303  6.125
 43    28.704 53737.31200336 34.07  49.219316  53.227083  6.125
 43    28.721 53737.31200401 35.01  49.217706  53.223863  6.125
 43    28.660 53737.31200465 37.30  49.216106  53.220643  6.125
 43    28.615 53737.31200530 39.30  49.214511  53.217425 10.678
 45    28.595 53807.31200113 14.87  49.223069  53.228748  2.543
 45    28.814 53807.31200178 14.84  49.221469  53.225528  2.543
 45    28.677 53807.31200242 14.90  49.219869  53.222308  2.543
 45    28.684 53807.31200307 15.46  49.218262  53.219091  2.430
 45    28.661 53807.31200371 15.45  49.216662  53.215871  2.430
 47    29.591 53877.31206965 37.84  49.231825  53.227578  7.439
 47    28.980 53877.31207029 38.19  49.230225  53.224358  7.439
 47    29.182 53877.31207094 26.27  49.228625  53.221138  7.439
 47    29.104 53877.31207158 24.67  49.227016  53.217914 12.645
 47    29.085 53877.31207223 24.00  49.225416  53.214694 12.645
 47    28.971 53877.31207287 24.27  49.223816  53.211474 12.645
 47    28.805 53877.31207352 23.35  49.222216  53.208264 12.645
 47    29.257 53877.31207416 22.27  49.220616  53.205044 12.645
 47    29.540 53877.31207481 24.19  49.219006  53.201824 12.645
 48    28.899 53912.31212089 33.92  49.221755  53.228258  8.073
 48    29.004 53912.31212154 37.81  49.220155  53.225038  8.073
 48    28.982 53912.31212218 39.20  49.218555  53.221818  8.073
 48    29.263 53912.31212283 43.69  49.216945  53.218598  8.073
 48    28.790 53912.31212347 41.84  49.215345  53.215378  8.073
 49    27.560 53947.31213654 22.10  49.215856  53.229363  7.739
 49    27.824 53947.31213719 21.91  49.214256  53.226143  7.739
 49    28.369 53947.31213783 23.55  49.212656  53.222923  7.739
 49    28.786 53947.31213848 24.72  49.211046  53.219703  7.739
 50    26.861 53982.31207940 22.46  49.220115  53.230014  8.334
 50    27.270 53982.31208005 25.04  49.218515  53.226794  8.334
 50    27.713 53982.31208069 22.99  49.216915  53.223574  8.334
 50    27.788 53982.31208134 24.11  49.215315  53.220354  8.334
 50    27.909 53982.31208198 26.41  49.213715  53.217134  8.334
 53    26.893 54087.31209370 19.90  49.224825  53.229909  3.928
 53    27.781 54087.31209435 20.78  49.223225  53.226689  3.928
 53    28.167 54087.31209499 21.06  49.221625  53.223469  3.928
 53    28.262 54087.31209564 22.66  49.220025  53.220249  3.928
 53    28.579 54087.31209628 24.11  49.218425  53.217029  3.928
 53    28.904 54087.31209693 26.12  49.216816  53.213804 11.246
 53    29.057 54087.31209950 41.07  49.210416  53.200934 11.246
 54    28.768 54122.31201764 39.70  49.214360  53.230986  9.531
 54    28.795 54122.31201828 39.61  49.212760  53.227766  9.531
 54    28.949 54122.31201893 38.45  49.211160  53.224556  9.531
 54    28.880 54122.31201957 39.31  49.209560  53.221336  9.531
 55    29.099 54157.31205514 13.27  49.226466  53.229625  2.336
 55    29.065 54157.31205578 13.81  49.224866  53.226405  2.336
 55    29.208 54157.31205642 17.31  49.223266  53.223185  2.336
 55    29.118 54157.31205707 14.81  49.221666  53.219965  2.336
 55    28.438 54157.31205771 14.55  49.220056  53.216745  2.336
 55    28.309 54157.31205836 15.00  49.218460  53.213521  4.376
 55    28.081 54157.31205900 15.93  49.216850  53.210301  4.376
 55    28.467 54157.31205965 15.16  49.215250  53.207081  4.376
 55    28.388 54157.31206029 16.28  49.213650  53.203871  4.376
 55    28.813 54157.31206094 15.90  49.212050  53.200651  4.376
 56    29.474 54192.31201687 32.80  49.218183  53.230926 18.233
 56    29.626 54192.31201752 26.86  49.216583  53.227706 18.233
 56    29.622 54192.31201816 31.98  49.214973  53.224486 18.233
 56    29.708 54192.31201881 43.12  49.213373  53.221266 18.233
 57    28.598 54227.31206686 18.63  49.227314  53.228037 13.375
 57    29.229 54227.31206751 18.53  49.225714  53.224827 13.375
 57    29.549 54227.31206815 19.08  49.224114  53.221607 13.375
 57    29.751 54227.31206880 20.13  49.222514  53.218387 13.375
 57    29.702 54227.31206944 21.57  49.220904  53.215167 13.375
 57    29.805 54227.31207009 22.42  49.219304  53.211947 13.375
 57    30.051 54227.31207073 23.40  49.217704  53.208727 13.375
 57    29.951 54227.31207138 25.26  49.216104  53.205507 13.375
 57    30.248 54227.31207202 33.91  49.214504  53.202287 13.375
 57    30.182 54227.31207267 31.48  49.212904  53.199067 13.375
 58    28.553 54262.31208622 17.85  49.227575  53.227082 10.524
 58    29.248 54262.31208686 17.13  49.225975  53.223872 10.524
 58    29.434 54262.31208751 18.88  49.224375  53.220652 10.524
 58    29.431 54262.31208815 21.21  49.222775  53.217432 10.524
 58    29.259 54262.31208880 23.76  49.221175  53.214212 10.524
 58    29.069 54262.31208944 24.53  49.219565  53.210992 10.524
 58    29.534 54262.31209009 24.16  49.217965  53.207772 10.524
 58    29.642 54262.31209073 24.03  49.216365  53.204552 10.524
 58    30.032 54262.31209138 25.38  49.214765  53.201332 10.524
 59    28.489 54297.31209135 24.19  49.225302  53.226922 13.721
 59    28.673 54297.31209199 24.65  49.223702  53.223702 13.721
 59    28.782 54297.31209264 26.57  49.222102  53.220482 13.721
 59    28.835 54297.31209328 28.37  49.220492  53.217262 13.721
 59    29.111 54297.31209392 29.28  49.218892  53.214042 13.721
 59    29.556 54297.31209457 31.40  49.217292  53.210822 13.721
 59    29.319 54297.31209521 46.25  49.215692  53.207602 13.721
 59    29.336 54297.31209586 47.53  49.214092  53.204382 13.721
 59    29.284 54297.31209650 45.26  49.212492  53.201162 13.721
 60    28.749 54332.31208126 41.86  49.224788  53.229416 22.100
 60    28.819 54332.31208191 43.84  49.223188  53.226206 22.100
 60    28.855 54332.31208255 41.66  49.221588  53.222986 22.100
 60    28.697 54332.31208320 43.03  49.219978  53.219766 22.100
 60    28.901 54332.31208384 47.42  49.218378  53.216546 22.100
 60    28.857 54332.31208449 48.14  49.216778  53.213326 22.100
 60    28.825 54332.31208707 50.41  49.210378  53.200446 22.100
 61    28.895 54367.31202290 37.06  49.218388  53.228873 15.028
 61    28.761 54367.31202355 38.02  49.216788  53.225653 15.028
 61    28.486 54367.31202419 35.64  49.215178  53.222433 15.028
 61    29.077 54367.31202484 34.84  49.213578  53.219213 15.028
 62    27.322 54402.31202452 26.29  49.225654  53.227447 13.157
 62    26.078 54402.31202517 28.41  49.224054  53.224227 13.157
 62    26.743 54402.31202581 30.08  49.222444  53.221007 13.157
 62    26.955 54402.31202646 30.22  49.220844  53.217787 13.157
 62    27.434 54402.31202710 29.42  49.219244  53.214567 13.157
 62    29.101 54402.31202775 31.78  49.217644  53.211347 13.157
 62    28.904 54402.31202839 44.51  49.216044  53.208127 13.157
 62    28.867 54402.31202904 47.72  49.214444  53.204907 13.157
 62    28.709 54402.31202968 49.15  49.212844  53.201687 13.157
 62    28.547 54402.31203032 34.39  49.211244  53.198467 13.157
 63    28.415 54437.31198174 50.04  49.219765  53.228139 21.236
 63    28.648 54437.31198238 49.04  49.218155  53.224919 21.236
 63    28.630 54437.31198303 49.19  49.216555  53.221699 21.236
 63    28.804 54437.31198367 45.79  49.214955  53.218479 21.236
 64    28.885 54472.31200965 23.17  49.231499  53.226266  5.182
 64    28.834 54472.31201029 23.95  49.229899  53.223046  5.182
 64    28.790 54472.31201094 24.39  49.228299  53.219826  5.182
 64    28.776 54472.31201158 24.94  49.226689  53.216606  5.182
 64    28.798 54472.31201223 25.10  49.225089  53.213386  5.182
 64    28.938 54472.31201287 24.09  49.223489  53.210166  5.182
 64    28.847 54472.31201352 25.01  49.221889  53.206946  5.182
 64    28.779 54472.31201416 24.94  49.220289  53.203726  5.182
 64    28.802 54472.31201481 24.17  49.218679  53.200506  5.182
 65    28.808 54507.31199327 11.31  49.219099  53.228436  2.548
 65    29.068 54507.31199392 11.32  49.217499  53.225216  2.548
 65    29.048 54507.31199456 11.88  49.215891  53.221990  2.828
 65    29.030 54507.31199521 12.23  49.214291  53.218780  2.828
 66    28.677 54542.31202373 14.24  49.227888  53.229344  3.752
 66    28.630 54542.31202438 15.34  49.226278  53.226124  3.752
 66    28.633 54542.31202502 16.99  49.224678  53.222904  3.752
 66    28.628 54542.31202567 16.24  49.223078  53.219684  3.752
 66    28.808 54542.31202631 15.99  49.221478  53.216464  3.752
 66    28.667 54542.31202696 16.50  49.219878  53.213254  3.752
 66    28.735 54542.31202760 16.49  49.218268  53.210034  3.752
 66    28.654 54542.31202825 17.26  49.216668  53.206814  3.752
 66    28.604 54542.31202889 18.35  49.215068  53.203594  3.752
 66    28.570 54542.31202954 18.24  49.213470  53.200367  5.153
 67    30.957 54577.31199483 49.54  49.219153  53.230217 10.283
 67    30.775 54577.31199548 50.81  49.217553  53.227007 10.283
 67    31.101 54577.31199612 48.66  49.215953  53.223787 10.283
 67    31.039 54577.31199677 49.01  49.214353  53.220567 10.283
 68    28.584 54612.31201491 17.10  49.226687  53.228310  2.659
 68    29.093 54612.31201556 16.93  49.225077  53.225090  2.659
 68    29.176 54612.31201620 18.71  49.223477  53.221870  2.659
 68    29.305 54612.31201684 22.23  49.221877  53.218646 13.057
 68    29.180 54612.31201749 22.53  49.220277  53.215426 13.057
 68    29.197 54612.31201813 24.96  49.218677  53.212206 13.057
 68    29.447 54612.31201878 25.33  49.217067  53.208996 13.057
 68    29.610 54612.31201942 24.95  49.215467  53.205776 13.057
 68    29.940 54612.31202007 36.70  49.213867  53.202556 13.057
 68    29.889 54612.31202071 40.47  49.212267  53.199336 13.057
 69    28.462 54647.31202205 32.09  49.226033  53.228838  6.997
 69    28.613 54647.31202269 27.92  49.224433  53.225618  6.997
 69    28.635 54647.31202334 27.76  49.222833  53.222398  6.997
 69    28.561 54647.31202398 29.70  49.221231  53.219174 20.098
 69    28.737 54647.31202463 30.46  49.219631  53.215954 20.098
 69    28.825 54647.31202527 42.18  49.218031  53.212744 20.098
 69    28.793 54647.31202592 50.15  49.216421  53.209524 20.098
 69    28.884 54647.31202656 51.21  49.214821  53.206304 20.098
 69    28.663 54647.31202721 51.82  49.213221  53.203084 20.098
 69    29.061 54647.31202785 46.63  49.211621  53.199864 20.098
 70    27.409 54682.31202286 19.22  49.223543  53.227802  6.202
 70    27.858 54682.31202350 20.74  49.221933  53.224582  6.202
 70    28.055 54682.31202415 22.44  49.220333  53.221362  6.202
 70    28.464 54682.31202479 23.17  49.218737  53.218136 13.976
 70    28.757 54682.31202544 26.37  49.217127  53.214916 13.976
 70    28.807 54682.31202608 29.39  49.215527  53.211706 13.976
 70    28.682 54682.31202866 32.89  49.209127  53.198826 13.976
 71    28.702 54717.31197111 42.33  49.218991  53.228226  9.624
 71    28.713 54717.31197176 42.79  49.217391  53.225006  9.624
 71    29.091 54717.31197240 41.02  49.215781  53.221786  9.624
 71    28.875 54717.31197305 46.68  49.214181  53.218576  9.624
 72    49.813 54752.31199956  8.88  49.217452  53.205490  9.223
 72    50.007 54752.31200020 13.94  49.215852  53.202270  9.223
 72    49.594 54752.31200085 16.88  49.214252  53.199050  9.223
 73    27.471 54787.31196117 16.89  49.221415  53.229945  7.488
 73    27.346 54787.31196181 17.33  49.219815  53.226735  7.488
 73    27.873 54787.31196246 18.63  49.218215  53.223515  7.488
 73    28.153 54787.31196310 20.09  49.216615  53.220295  7.488
 73    28.385 54787.31196374 21.55  49.215008  53.217069 14.013
 74    29.136 54822.31198895 46.01  49.230694  53.228198  8.600
 74    28.755 54822.31198959 48.12  49.229084  53.224978  8.600
 74    29.278 54822.31199024 41.77  49.227489  53.221755 23.221
 74    29.244 54822.31199088 43.20  49.225879  53.218535 23.221
 74    29.247 54822.31199153 45.30  49.224279  53.215315 23.221
 74    29.282 54822.31199217 45.84  49.222679  53.212105 23.221
 74    29.414 54822.31199282 46.51  49.221079  53.208885 23.221
 74    29.159 54822.31199346 50.79  49.219469  53.205665 23.221
 74    28.968 54822.31199410 45.56  49.217869  53.202445 23.221
 74    29.392 54822.31199475 44.12  49.216269  53.199225 23.221
 75    28.736 54857.31195706 23.61  49.222673  53.229760  3.164
 75    28.755 54857.31195771 24.36  49.221073  53.226540  3.164
 75    28.625 54857.31195835 24.96  49.219473  53.223320  3.164
 75    28.528 54857.31195900 25.82  49.217873  53.220100  3.164
 75    28.522 54857.31195964 26.38  49.216265  53.216874  3.846
 76    35.267 54892.31199199 17.80  49.223798  53.229997  2.840
 76    28.877 54892.31199263 17.81  49.222198  53.226777  2.840
 76    28.935 54892.31199328 18.17  49.220595  53.223555  3.505
 76    28.695 54892.31199392 18.82  49.218995  53.220335  3.505
 76    28.505 54892.31199457 19.03  49.217395  53.217115  3.505
 76    28.499 54892.31199521 19.43  49.215785  53.213895  3.505
 77    28.711 54927.31195511 40.11  49.216899  53.230458 15.668
 77    28.716 54927.31195576 38.70  49.215299  53.227238 15.668
 77    29.183 54927.31195640 36.46  49.213699  53.224028 15.668
 77    28.825 54927.31195704 41.05  49.212099  53.220808 15.668
 78    28.183 54962.31199070 18.85  49.227487  53.228905  2.909
 78    28.579 54962.31199135 19.40  49.225887  53.225685  2.909
 78    29.267 54962.31199199 19.49  49.224287  53.222465  2.909
 78    29.263 54962.31199264 21.00  49.222680  53.219239 10.769
 78    29.431 54962.31199328 22.46  49.221080  53.216029 10.769
 78    29.515 54962.31199393 23.47  49.219480  53.212809 10.769
 78    29.503 54962.31199457 23.15  49.217880  53.209589 10.769
 78    29.778 54962.31199522 24.47  49.216270  53.206369 10.769
 78    29.968 54962.31199586 26.04  49.214670  53.203149 10.769
 78    29.754 54962.31199651 38.59  49.213070  53.199929 10.769
 79    28.627 54997.31201230 31.14  49.222879  53.227535 11.058
 79    28.810 54997.31201295 32.00  49.221279  53.224315 11.058
 79    28.361 54997.31201359 32.57  49.219676  53.221091 15.077
 79    28.781 54997.31201424 34.30  49.218076  53.217871 15.077
 79    29.016 54997.31201488 42.62  49.216476  53.214651 15.077
 80    28.502 55032.31200188 26.47  49.223911  53.227332  3.555
 80    28.106 55032.31200253 21.88  49.222311  53.224112  3.555
 80    27.793 55032.31200317 23.50  49.220709  53.220887 14.821
 80    27.643 55032.31200382 26.64  49.219109  53.217677 14.821
 80    27.971 55032.31200446 25.24  49.217509  53.214447 14.821
 80    27.991 55032.31200511 27.48  49.215899  53.211237 14.821
 80    29.033 55032.31200704 37.15  49.211099  53.201577 14.821
 80    28.772 55032.31200768 45.53  49.209499  53.198357 14.821
 82    27.769 55102.31193020 17.33  49.216208  53.230200 13.030
 82    28.029 55102.31193084 18.02  49.214608  53.226980 13.030
 82    28.816 55102.31193149 18.89  49.213008  53.223760 13.030
 82    28.725 55102.31193213 20.98  49.211408  53.220540 13.030
 83    27.907 55137.31193707 16.73  49.227919  53.227806  3.835
 83    27.879 55137.31193772 17.72  49.226319  53.224586  3.835
 83    28.106 55137.31193836 18.03  49.224711  53.221364 13.236
 83    28.206 55137.31193901 18.63  49.223111  53.218144 13.236
 83    27.633 55137.31193965 23.85  49.221511  53.214924 13.236
 83    27.389 55137.31194030 26.45  49.219911  53.211704 13.236
 83    28.802 55137.31194094 23.17  49.218311  53.208494 13.236
 83    28.978 55137.31194159 40.00  49.216701  53.205274 13.236
 83    28.868 55137.31194223 44.10  49.215101  53.202054 13.236
 83    28.834 55137.31194287 38.63  49.213501  53.198834 13.236
 84    27.245 55172.31189871 19.74  49.220069  53.228026  4.439
 84    27.635 55172.31189936 20.62  49.218469  53.224806  4.439
 84    28.135 55172.31190000 21.37  49.216869  53.221586  4.439
 84    28.482 55172.31190065 22.75  49.215262  53.218360 14.385
 85    28.396 55207.31193113 16.03  49.228629  53.227141  2.267
 85    28.377 55207.31193177 16.40  49.227029  53.223921  2.267
 85    28.333 55207.31193242 16.77  49.225418  53.220698  2.701
 85    28.178 55207.31193306 17.22  49.223818  53.217478  2.701
 85    27.980 55207.31193370 17.52  49.222218  53.214258  2.701
 85    27.942 55207.31193435 17.91  49.220618  53.211038  2.701
 85    27.908 55207.31193499 18.22  49.219018  53.207828  2.701
 85    28.082 55207.31193564 17.97  49.217418  53.204608  2.701
 85    28.199 55207.31193628 18.11  49.215808  53.201388  2.701
 86    33.922 55242.31190335 13.74  49.218567  53.230828  2.204
 86    28.752 55242.31190400 14.09  49.216967  53.227608  2.204
 86    28.447 55242.31190464 14.55  49.215367  53.224388  2.204
 86    28.555 55242.31190529 14.82  49.213767  53.221168  2.204
 87   128.349 55277.31192484  1.67  49.223349  53.228772  3.512
 87   126.139 55277.31192548  1.01  49.221749  53.225552  3.512
 87   123.731 55277.31192613  1.38  49.220148  53.222326  2.948
 87   121.677 55277.31192677  1.28  49.218548  53.219116  2.948
 87   119.105 55277.31192742  0.78  49.216948  53.215896  2.948
 88    28.967 55312.31188804 17.24  49.220576  53.230973  7.265
 88    28.178 55312.31188869 18.86  49.218966  53.227753  7.265
 88    28.619 55312.31188933 19.72  49.217366  53.224533  7.265
 88    29.500 55312.31188998 21.97  49.215766  53.221323  7.265
 88    29.914 55312.31189062 26.13  49.214166  53.218103  7.265
 89    29.268 55347.31189474 19.50  49.225509  53.228410  4.534
 89    29.234 55347.31189539 20.44  49.223909  53.225190  4.534
 89    29.288 55347.31189603 21.56  49.222307  53.221966 12.384
 89    29.309 55347.31189668 22.06  49.220707  53.218746 12.384
 89    29.157 55347.31189732 24.23  49.219107  53.215536 12.384
 89    29.408 55347.31189797 24.57  49.217497  53.212316 12.384
 89    29.946 55347.31189861 28.89  49.215897  53.209096 12.384
 89    29.791 55347.31189926 36.23  49.214297  53.205876 12.384
 89    29.662 55347.31189990 39.46  49.212697  53.202656 12.384
 89    29.426 55347.31190054 45.07  49.211097  53.199436 12.384
 90    27.981 55382.31188582 15.74  49.223657  53.230247  3.242
 90    27.744 55382.31188647 17.19  49.222057  53.227027  3.242
 90    28.023 55382.31188711 18.09  49.220447  53.223807  3.242
 90    28.053 55382.31188776 19.51  49.218851  53.220582 14.210
 90    28.711 55382.31188840 20.63  49.217241  53.217362 14.210
 91    27.806 55417.31191406 29.78  49.229095  53.226257  5.159
 91    28.015 55417.31191470 30.41  49.227495  53.223037  5.159
 91    27.965 55417.31191535 32.86  49.225884  53.219813 23.500
 91    28.223 55417.31191599 35.92  49.224284  53.216593 23.500
 91    28.339 55417.31191664 39.15  49.222684  53.213383 23.500
 91    28.296 55417.31191728 37.81  49.221084  53.210163 23.500
 91    28.577 55417.31191793 44.66  49.219484  53.206943 23.500
 91    28.484 55417.31191857 52.26  49.217874  53.203723 23.500
 91    28.460 55417.31191922 51.57  49.216274  53.200503 23.500
 92    27.790 55452.31189603 25.10  49.221987  53.228175  4.865
 92    28.311 55452.31189667 27.01  49.220387  53.224965  4.865
 92    28.284 55452.31189731 27.09  49.218787  53.221745  4.865
 92    29.105 55452.31189796 37.44  49.217187  53.218525  4.865
 92    28.888 55452.31189860 46.78  49.215581  53.215308 16.008
 93    28.017 55487.31181839 17.46  49.218506  53.229959  5.595
 93    28.264 55487.31181903 18.07  49.216906  53.226739  5.595
 93    28.535 55487.31181968 18.67  49.215306  53.223519  5.595
 93    28.954 55487.31182032 20.74  49.213696  53.220299  5.595
